1 1 1
1 2 1
2 1 1
2 2 1
2 3 1
2 4 1
2 5 1
2 6 1
2 7 1
2 8 1
2 9 1
2 10 1
2 11 1
1 1 101
1 2 101
2 1 101
2 2 101
2 3 101
2 4 101
2 5 101
2 6 101
2 7 101
2 8 101
2 9 101
2 10 101
2 11 97 4
1 1 201
1 2 201
2 1 201
2 2 201
2 3 201
2 4 201
2 5 201
2 6 201
2 7 201
2 8 201
2 9 201
2 10 201
2 11 162 31 0 8
1 1 301
1 2 301
2 1 301
2 2 301
2 3 301
2 4 301
2 5 301
2 6 301
2 7 301
2 8 301
2 9 301
2 10 301
2 11 208 75 0 18
1 1 401
1 2 400 1
2 1 401
2 2 401
2 3 401
2 4 401
2 5 401
2 6 401
2 7 401
2 8 401
2 9 401
2 10 401
2 11 283 100 0 18
1 1 501
1 2 498 3
2 1 501
2 2 501
2 3 501
2 4 501
2 5 501
2 6 501
2 7 501
2 8 501
2 9 501
2 10 501
2 11 364 119 0 18
1 1 601
1 2 598 3
2 1 601
2 2 601
2 3 601
2 4 601
2 5 601
2 6 601
2 7 601
2 8 601
2 9 601
2 10 601
2 11 453 130 0 18
1 1 701
1 2 698 3
2 1 701
2 2 701
2 3 701
2 4 701
2 5 701
2 6 701
2 7 701
2 8 701
2 9 701
2 10 701
2 11 537 146 0 18
1 1 801
1 2 797 4
2 1 801
2 2 801
2 3 801
2 4 801
2 5 801
2 6 801
2 7 801
2 8 801
2 9 801
2 10 801
2 11 591 186 0 24
1 1 901
1 2 895 6
2 1 901
2 2 901
2 3 901
2 4 901
2 5 901
2 6 901
2 7 901
2 8 901
2 9 901
2 10 901
2 11 653 224 0 24
1 1 1001
1 2 995 6
2 1 1001
2 2 1001
2 3 1001
2 4 1001
2 5 1001
2 6 1001
2 7 1001
2 8 1001
2 9 1001
2 10 1001
2 11 738 239 0 24
1 1 1101
1 2 1094 7
2 1 1101
2 2 1101
2 3 1101
2 4 1101
2 5 1101
2 6 1101
2 7 1101
2 8 1101
2 9 1101
2 10 1101
2 11 815 262 0 24
1 1 1201
1 2 1194 7
2 1 1201
2 2 1201
2 3 1201
2 4 1201
2 5 1201
2 6 1201
2 7 1201
2 8 1201
2 9 1201
2 10 1201
2 11 885 281 0 35
1 1 1301
1 2 1294 7
2 1 1301
2 2 1301
2 3 1301
2 4 1301
2 5 1301
2 6 1301
2 7 1301
2 8 1301
2 9 1301
2 10 1301
2 11 955 307 0 39
1 1 1401
1 2 1394 7
2 1 1401
2 2 1401
2 3 1401
2 4 1401
2 5 1401
2 6 1401
2 7 1401
2 8 1401
2 9 1401
2 10 1401
2 11 1039 323 0 39
1 1 1501
1 2 1494 7
2 1 1501
2 2 1501
2 3 1501
2 4 1501
2 5 1501
2 6 1501
2 7 1501
2 8 1501
2 9 1501
2 10 1501
2 11 1123 339 0 39
1 1 1601
1 2 1594 7
2 1 1601
2 2 1601
2 3 1601
2 4 1601
2 5 1601
2 6 1601
2 7 1601
2 8 1601
2 9 1601
2 10 1601
2 11 1211 351 0 39
1 1 1701
1 2 1694 7
2 1 1701
2 2 1701
2 3 1701
2 4 1701
2 5 1701
2 6 1701
2 7 1701
2 8 1701
2 9 1701
2 10 1701
2 11 1265 397 0 39
1 1 1801
1 2 1794 7
2 1 1801
2 2 1801
2 3 1801
2 4 1801
2 5 1801
2 6 1801
2 7 1801
2 8 1801
2 9 1801
2 10 1801
2 11 1354 408 0 39
1 1 1901
1 2 1893 8
2 1 1901
2 2 1901
2 3 1901
2 4 1901
2 5 1901
2 6 1901
2 7 1901
2 8 1901
2 9 1901
2 10 1901
2 11 1440 422 0 39
1 1 2001
1 2 1993 8
2 1 2001
2 2 2001
2 3 2001
2 4 2001
2 5 2001
2 6 2001
2 7 2001
2 8 2001
2 9 2001
2 10 2001
2 11 1521 441 0 39
1 1 2101
1 2 2093 8
2 1 2101
2 2 2101
2 3 2101
2 4 2101
2 5 2101
2 6 2101
2 7 2101
2 8 2101
2 9 2101
2 10 2101
2 11 1602 460 0 39
1 1 2201
1 2 2193 8
2 1 2201
2 2 2201
2 3 2201
2 4 2201
2 5 2201
2 6 2201
2 7 2201
2 8 2201
2 9 2201
2 10 2201
2 11 1686 476 0 39
1 1 2301
1 2 2293 8
2 1 2301
2 2 2301
2 3 2301
2 4 2301
2 5 2301
2 6 2301
2 7 2301
2 8 2301
2 9 2301
2 10 2301
2 11 1748 514 0 39
1 1 2401
1 2 2393 8
2 1 2401
2 2 2401
2 3 2401
2 4 2401
2 5 2401
2 6 2401
2 7 2401
2 8 2401
2 9 2401
2 10 2401
2 11 1829 533 0 39
1 1 2501
1 2 2492 9
2 1 2501
2 2 2501
2 3 2501
2 4 2501
2 5 2501
2 6 2501
2 7 2501
2 8 2501
2 9 2501
2 10 2501
2 11 1910 552 0 39
1 1 2601
1 2 2592 9
2 1 2601
2 2 2601
2 3 2601
2 4 2601
2 5 2601
2 6 2601
2 7 2601
2 8 2601
2 9 2601
2 10 2601
2 11 1970 588 0 43
1 1 2701
1 2 2692 9
2 1 2701
2 2 2701
2 3 2701
2 4 2701
2 5 2701
2 6 2701
2 7 2701
2 8 2701
2 9 2701
2 10 2701
2 11 2042 616 0 43
1 1 2801
1 2 2792 9
2 1 2801
2 2 2801
2 3 2801
2 4 2801
2 5 2801
2 6 2801
2 7 2801
2 8 2801
2 9 2801
2 10 2801
2 11 2100 657 0 44
1 1 2901
1 2 2892 9
2 1 2901
2 2 2901
2 3 2901
2 4 2901
2 5 2901
2 6 2901
2 7 2901
2 8 2901
2 9 2901
2 10 2901
2 11 2172 684 0 45
1 1 3001
1 2 2992 9
2 1 3001
2 2 3001
2 3 3001
2 4 3001
2 5 3001
2 6 3001
2 7 3001
2 8 3001
2 9 3001
2 10 3001
2 11 2253 703 0 45
1 1 3101
1 2 3092 9
2 1 3101
2 2 3101
2 3 3101
2 4 3101
2 5 3101
2 6 3101
2 7 3101
2 8 3101
2 9 3101
2 10 3101
2 11 2338 718 0 45
1 1 3201
1 2 3191 10
2 1 3201
2 2 3201
2 3 3201
2 4 3201
2 5 3201
2 6 3201
2 7 3201
2 8 3201
2 9 3201
2 10 3201
2 11 2420 736 0 45
1 1 3301
1 2 3291 10
2 1 3301
2 2 3301
2 3 3301
2 4 3301
2 5 3301
2 6 3301
2 7 3301
2 8 3301
2 9 3301
2 10 3301
2 11 2501 755 0 45
1 1 3401
1 2 3391 10
2 1 3401
2 2 3401
2 3 3401
2 4 3401
2 5 3401
2 6 3401
2 7 3401
2 8 3401
2 9 3401
2 10 3401
2 11 2585 771 0 45
1 1 3501
1 2 3491 10
2 1 3501
2 2 3501
2 3 3501
2 4 3501
2 5 3501
2 6 3501
2 7 3501
2 8 3501
2 9 3501
2 10 3501
2 11 2669 787 0 45
1 1 3601
1 2 3591 10
2 1 3601
2 2 3601
2 3 3601
2 4 3601
2 5 3601
2 6 3601
2 7 3601
2 8 3601
2 9 3601
2 10 3601
2 11 2761 795 0 45
1 1 3701
1 2 3691 10
2 1 3701
2 2 3701
2 3 3701
2 4 3701
2 5 3701
2 6 3701
2 7 3701
2 8 3701
2 9 3701
2 10 3701
2 11 2847 809 0 45
1 1 3801
1 2 3790 11
2 1 3801
2 2 3801
2 3 3801
2 4 3801
2 5 3801
2 6 3801
2 7 3801
2 8 3801
2 9 3801
2 10 3801
2 11 2915 841 0 45
1 1 3901
1 2 3890 11
2 1 3901
2 2 3901
2 3 3901
2 4 3901
2 5 3901
2 6 3901
2 7 3901
2 8 3901
2 9 3901
2 10 3901
2 11 3000 856 0 45
1 1 4001
1 2 3990 11
2 1 4001
2 2 4001
2 3 4001
2 4 4001
2 5 4001
2 6 4001
2 7 4001
2 8 4001
2 9 4001
2 10 4001
2 11 3069 884 0 48
1 1 4101
1 2 4090 11
2 1 4101
2 2 4101
2 3 4101
2 4 4101
2 5 4101
2 6 4101
2 7 4101
2 8 4101
2 9 4101
2 10 4101
2 11 3152 901 0 48
1 1 4201
1 2 4190 11
2 1 4201
2 2 4201
2 3 4201
2 4 4201
2 5 4201
2 6 4201
2 7 4201
2 8 4201
2 9 4201
2 10 4201
2 11 3228 925 0 48
1 1 4301
1 2 4290 11
2 1 4301
2 2 4301
2 3 4301
2 4 4301
2 5 4301
2 6 4301
2 7 4301
2 8 4301
2 9 4301
2 10 4301
2 11 3311 942 0 48
1 1 4401
1 2 4390 11
2 1 4401
2 2 4401
2 3 4401
2 4 4401
2 5 4401
2 6 4401
2 7 4401
2 8 4401
2 9 4401
2 10 4401
2 11 3390 963 0 48
1 1 4501
1 2 4490 11
2 1 4501
2 2 4501
2 3 4501
2 4 4501
2 5 4501
2 6 4501
2 7 4501
2 8 4501
2 9 4501
2 10 4501
2 11 3472 981 0 48
1 1 4601
1 2 4590 11
2 1 4601
2 2 4601
2 3 4601
2 4 4601
2 5 4601
2 6 4601
2 7 4601
2 8 4601
2 9 4601
2 10 4601
2 11 3517 1027 0 57
1 1 4701
1 2 4690 11
2 1 4701
2 2 4701
2 3 4701
2 4 4701
2 5 4701
2 6 4701
2 7 4701
2 8 4701
2 9 4701
2 10 4701
2 11 3593 1051 0 57
1 1 4801
1 2 4790 11
2 1 4801
2 2 4801
2 3 4801
2 4 4801
2 5 4801
2 6 4801
2 7 4801
2 8 4801
2 9 4801
2 10 4801
2 11 3671 1073 0 57
1 1 4901
1 2 4889 12
2 1 4901
2 2 4901
2 3 4901
2 4 4901
2 5 4901
2 6 4901
2 7 4901
2 8 4901
2 9 4901
2 10 4901
2 11 3742 1099 0 60
1 1 5001
1 2 4988 13
2 1 5001
2 2 5001
2 3 5001
2 4 5001
2 5 5001
2 6 5001
2 7 5001
2 8 5001
2 9 5001
2 10 5001
2 11 3812 1129 0 60
1 1 5101
1 2 5087 14
2 1 5101
2 2 5101
2 3 5101
2 4 5101
2 5 5101
2 6 5101
2 7 5101
2 8 5101
2 9 5101
2 10 5101
2 11 3878 1163 0 60
1 1 5201
1 2 5187 14
2 1 5201
2 2 5201
2 3 5201
2 4 5201
2 5 5201
2 6 5201
2 7 5201
2 8 5201
2 9 5201
2 10 5201
2 11 3938 1202 0 61
1 1 5301
1 2 5287 14
2 1 5301
2 2 5301
2 3 5301
2 4 5301
2 5 5301
2 6 5301
2 7 5301
2 8 5301
2 9 5301
2 10 5301
2 11 3998 1241 0 62
1 1 5401
1 2 5387 14
2 1 5401
2 2 5401
2 3 5401
2 4 5401
2 5 5401
2 6 5401
2 7 5401
2 8 5401
2 9 5401
2 10 5401
2 11 4047 1289 0 65
1 1 5501
1 2 5487 14
2 1 5501
2 2 5501
2 3 5501
2 4 5501
2 5 5501
2 6 5501
2 7 5501
2 8 5501
2 9 5501
2 10 5501
2 11 4120 1316 0 65
1 1 5601
1 2 5587 14
2 1 5601
2 2 5601
2 3 5601
2 4 5601
2 5 5601
2 6 5601
2 7 5601
2 8 5601
2 9 5601
2 10 5601
2 11 4192 1344 0 65
1 1 5701
1 2 5686 15
2 1 5701
2 2 5701
2 3 5701
2 4 5701
2 5 5701
2 6 5701
2 7 5701
2 8 5701
2 9 5701
2 10 5701
2 11 4267 1365 0 69
1 1 5801
1 2 5786 15
2 1 5801
2 2 5801
2 3 5801
2 4 5801
2 5 5801
2 6 5801
2 7 5801
2 8 5801
2 9 5801
2 10 5801
2 11 4321 1409 0 71
1 1 5901
1 2 5886 15
2 1 5901
2 2 5901
2 3 5901
2 4 5901
2 5 5901
2 6 5901
2 7 5901
2 8 5901
2 9 5901
2 10 5901
2 11 4389 1441 0 71
1 1 6001
1 2 5986 15
2 1 6001
2 2 6001
2 3 6001
2 4 6001
2 5 6001
2 6 6001
2 7 6001
2 8 6001
2 9 6001
2 10 6001
2 11 4464 1466 0 71
1 1 6101
1 2 6083 18
2 1 6101
2 2 6101
2 3 6101
2 4 6101
2 5 6101
2 6 6101
2 7 6101
2 8 6101
2 9 6101
2 10 6101
2 11 4526 1496 0 79
1 1 6201
1 2 6183 18
2 1 6201
2 2 6201
2 3 6201
2 4 6201
2 5 6201
2 6 6201
2 7 6201
2 8 6201
2 9 6201
2 10 6201
2 11 4601 1521 0 79
1 1 6301
1 2 6281 20
2 1 6301
2 2 6301
2 3 6301
2 4 6301
2 5 6301
2 6 6301
2 7 6301
2 8 6301
2 9 6301
2 10 6301
2 11 4691 1531 0 79
1 1 6401
1 2 6379 22
2 1 6401
2 2 6401
2 3 6401
2 4 6401
2 5 6401
2 6 6401
2 7 6401
2 8 6401
2 9 6401
2 10 6401
2 11 4763 1559 0 79
1 1 6501
1 2 6478 23
2 1 6501
2 2 6501
2 3 6501
2 4 6501
2 5 6501
2 6 6501
2 7 6501
2 8 6501
2 9 6501
2 10 6501
2 11 4838 1583 0 80
1 1 6601
1 2 6577 24
2 1 6601
2 2 6601
2 3 6601
2 4 6601
2 5 6601
2 6 6601
2 7 6601
2 8 6601
2 9 6601
2 10 6601
2 11 4914 1607 0 80
1 1 6701
1 2 6676 25
2 1 6701
2 2 6701
2 3 6701
2 4 6701
2 5 6701
2 6 6701
2 7 6701
2 8 6701
2 9 6701
2 10 6701
2 11 4994 1627 0 80
1 1 6801
1 2 6776 25
2 1 6801
2 2 6801
2 3 6801
2 4 6801
2 5 6801
2 6 6801
2 7 6801
2 8 6801
2 9 6801
2 10 6801
2 11 5077 1644 0 80
1 1 6901
1 2 6876 25
2 1 6901
2 2 6901
2 3 6901
2 4 6901
2 5 6901
2 6 6901
2 7 6901
2 8 6901
2 9 6901
2 10 6901
2 11 5177 1644 0 80
1 1 7001
1 2 6976 25
2 1 7001
2 2 7001
2 3 7001
2 4 7001
2 5 7001
2 6 7001
2 7 7001
2 8 7001
2 9 7001
2 10 7001
2 11 5277 1644 0 80
1 1 7101
1 2 7076 25
2 1 7101
2 2 7101
2 3 7101
2 4 7101
2 5 7101
2 6 7101
2 7 7101
2 8 7101
2 9 7101
2 10 7101
2 11 5377 1644 0 80
1 1 7201
1 2 7176 25
2 1 7201
2 2 7201
2 3 7201
2 4 7201
2 5 7201
2 6 7201
2 7 7201
2 8 7201
2 9 7201
2 10 7201
2 11 5477 1644 0 80
1 1 7301
1 2 7276 25
2 1 7301
2 2 7301
2 3 7301
2 4 7301
2 5 7301
2 6 7301
2 7 7301
2 8 7301
2 9 7301
2 10 7301
2 11 5577 1644 0 80
1 1 7401
1 2 7376 25
2 1 7401
2 2 7401
2 3 7401
2 4 7401
2 5 7401
2 6 7401
2 7 7401
2 8 7401
2 9 7401
2 10 7401
2 11 5677 1644 0 80
1 1 7501
1 2 7476 25
2 1 7501
2 2 7501
2 3 7501
2 4 7501
2 5 7501
2 6 7501
2 7 7501
2 8 7501
2 9 7501
2 10 7501
2 11 5777 1644 0 80
1 1 7601
1 2 7576 25
2 1 7601
2 2 7601
2 3 7601
2 4 7601
2 5 7601
2 6 7601
2 7 7601
2 8 7601
2 9 7601
2 10 7601
2 11 5877 1644 0 80
1 1 7701
1 2 7676 25
2 1 7701
2 2 7701
2 3 7701
2 4 7701
2 5 7701
2 6 7701
2 7 7701
2 8 7701
2 9 7701
2 10 7701
2 11 5977 1644 0 80
1 1 7801
1 2 7776 25
2 1 7801
2 2 7801
2 3 7801
2 4 7801
2 5 7801
2 6 7801
2 7 7801
2 8 7801
2 9 7801
2 10 7801
2 11 6077 1644 0 80
1 1 7901
1 2 7876 25
2 1 7901
2 2 7901
2 3 7901
2 4 7901
2 5 7901
2 6 7901
2 7 7901
2 8 7901
2 9 7901
2 10 7901
2 11 6177 1644 0 80
1 1 8001
1 2 7976 25
2 1 8001
2 2 8001
2 3 8001
2 4 8001
2 5 8001
2 6 8001
2 7 8001
2 8 8001
2 9 8001
2 10 8001
2 11 6277 1644 0 80
