1 1 1
1 2 1
2 1 1
2 2 1
2 3 1
2 4 1
2 5 1
2 6 1
2 7 1
2 8 1
2 9 1
2 10 1
2 11 1
1 1 51
1 2 51
2 1 51
2 2 51
2 3 51
2 4 51
2 5 51
2 6 51
2 7 51
2 8 51
2 9 51
2 10 51
2 11 51
1 1 101
1 2 101
2 1 101
2 2 101
2 3 101
2 4 101
2 5 101
2 6 101
2 7 101
2 8 101
2 9 101
2 10 101
2 11 101
1 1 151
1 2 151
2 1 151
2 2 151
2 3 151
2 4 151
2 5 151
2 6 151
2 7 151
2 8 151
2 9 151
2 10 151
2 11 151
1 1 201
1 2 201
2 1 201
2 2 201
2 3 201
2 4 201
2 5 201
2 6 201
2 7 201
2 8 201
2 9 201
2 10 201
2 11 201
1 1 251
1 2 251
2 1 251
2 2 251
2 3 251
2 4 251
2 5 251
2 6 251
2 7 251
2 8 251
2 9 251
2 10 251
2 11 251
1 1 301
1 2 301
2 1 301
2 2 301
2 3 301
2 4 301
2 5 301
2 6 301
2 7 301
2 8 301
2 9 301
2 10 301
2 11 301
1 1 351
1 2 351
2 1 351
2 2 351
2 3 351
2 4 351
2 5 351
2 6 351
2 7 351
2 8 351
2 9 351
2 10 351
2 11 351
1 1 401
1 2 401
2 1 401
2 2 401
2 3 401
2 4 401
2 5 401
2 6 401
2 7 401
2 8 401
2 9 401
2 10 401
2 11 401
1 1 451
1 2 451
2 1 451
2 2 451
2 3 451
2 4 451
2 5 451
2 6 451
2 7 451
2 8 451
2 9 451
2 10 451
2 11 451
1 1 501
1 2 501
2 1 501
2 2 501
2 3 501
2 4 501
2 5 501
2 6 501
2 7 501
2 8 501
2 9 501
2 10 501
2 11 501
1 1 551
1 2 551
2 1 551
2 2 551
2 3 551
2 4 551
2 5 551
2 6 551
2 7 551
2 8 551
2 9 551
2 10 551
2 11 551
1 1 601
1 2 601
2 1 601
2 2 601
2 3 601
2 4 601
2 5 601
2 6 601
2 7 601
2 8 601
2 9 601
2 10 601
2 11 601
1 1 651
1 2 651
2 1 651
2 2 651
2 3 651
2 4 651
2 5 651
2 6 651
2 7 651
2 8 651
2 9 651
2 10 651
2 11 651
1 1 701
1 2 701
2 1 701
2 2 701
2 3 701
2 4 701
2 5 701
2 6 701
2 7 701
2 8 701
2 9 701
2 10 701
2 11 701
1 1 751
1 2 751
2 1 751
2 2 751
2 3 751
2 4 751
2 5 751
2 6 751
2 7 751
2 8 751
2 9 751
2 10 751
2 11 751
1 1 801
1 2 801
2 1 801
2 2 801
2 3 801
2 4 801
2 5 801
2 6 801
2 7 801
2 8 801
2 9 801
2 10 801
2 11 801
1 1 851
1 2 851
2 1 851
2 2 851
2 3 851
2 4 851
2 5 851
2 6 851
2 7 851
2 8 851
2 9 851
2 10 851
2 11 851
1 1 901
1 2 901
2 1 901
2 2 901
2 3 901
2 4 901
2 5 901
2 6 901
2 7 901
2 8 901
2 9 901
2 10 901
2 11 901
1 1 951
1 2 951
2 1 951
2 2 951
2 3 951
2 4 951
2 5 951
2 6 951
2 7 951
2 8 951
2 9 951
2 10 951
2 11 951
1 1 1001
1 2 1001
2 1 1001
2 2 1001
2 3 1001
2 4 1001
2 5 1001
2 6 1001
2 7 1001
2 8 1001
2 9 1001
2 10 1001
2 11 1001
1 1 1051
1 2 1051
2 1 1051
2 2 1051
2 3 1051
2 4 1051
2 5 1051
2 6 1051
2 7 1051
2 8 1051
2 9 1051
2 10 1051
2 11 1051
1 1 1101
1 2 1101
2 1 1101
2 2 1101
2 3 1101
2 4 1101
2 5 1101
2 6 1101
2 7 1101
2 8 1101
2 9 1101
2 10 1101
2 11 1101
1 1 1151
1 2 1151
2 1 1151
2 2 1151
2 3 1151
2 4 1151
2 5 1151
2 6 1151
2 7 1151
2 8 1151
2 9 1151
2 10 1151
2 11 1151
1 1 1201
1 2 1201
2 1 1201
2 2 1201
2 3 1201
2 4 1201
2 5 1201
2 6 1201
2 7 1201
2 8 1201
2 9 1201
2 10 1201
2 11 1201
1 1 1251
1 2 1251
2 1 1251
2 2 1251
2 3 1251
2 4 1251
2 5 1251
2 6 1251
2 7 1251
2 8 1251
2 9 1251
2 10 1251
2 11 1251
1 1 1301
1 2 1301
2 1 1301
2 2 1301
2 3 1301
2 4 1301
2 5 1301
2 6 1301
2 7 1301
2 8 1301
2 9 1301
2 10 1301
2 11 1301
1 1 1351
1 2 1351
2 1 1351
2 2 1351
2 3 1351
2 4 1351
2 5 1351
2 6 1351
2 7 1351
2 8 1351
2 9 1351
2 10 1351
2 11 1351
1 1 1401
1 2 1401
2 1 1401
2 2 1401
2 3 1401
2 4 1401
2 5 1401
2 6 1401
2 7 1401
2 8 1401
2 9 1401
2 10 1401
2 11 1401
1 1 1451
1 2 1451
2 1 1451
2 2 1451
2 3 1451
2 4 1451
2 5 1451
2 6 1451
2 7 1451
2 8 1451
2 9 1451
2 10 1451
2 11 1451
1 1 1501
1 2 1501
2 1 1501
2 2 1501
2 3 1501
2 4 1501
2 5 1501
2 6 1501
2 7 1501
2 8 1501
2 9 1501
2 10 1501
2 11 1501
1 1 1551
1 2 1551
2 1 1551
2 2 1551
2 3 1551
2 4 1551
2 5 1551
2 6 1551
2 7 1551
2 8 1551
2 9 1551
2 10 1551
2 11 1551
1 1 1601
1 2 1601
2 1 1601
2 2 1601
2 3 1601
2 4 1601
2 5 1601
2 6 1601
2 7 1601
2 8 1601
2 9 1601
2 10 1601
2 11 1601
1 1 1651
1 2 1651
2 1 1651
2 2 1651
2 3 1651
2 4 1651
2 5 1651
2 6 1651
2 7 1651
2 8 1651
2 9 1651
2 10 1651
2 11 1651
1 1 1701
1 2 1701
2 1 1701
2 2 1701
2 3 1701
2 4 1701
2 5 1701
2 6 1701
2 7 1701
2 8 1701
2 9 1701
2 10 1701
2 11 1701
1 1 1751
1 2 1751
2 1 1751
2 2 1751
2 3 1751
2 4 1751
2 5 1751
2 6 1751
2 7 1751
2 8 1751
2 9 1751
2 10 1751
2 11 1751
1 1 1801
1 2 1801
2 1 1801
2 2 1801
2 3 1801
2 4 1801
2 5 1801
2 6 1801
2 7 1801
2 8 1801
2 9 1801
2 10 1801
2 11 1801
1 1 1851
1 2 1851
2 1 1851
2 2 1851
2 3 1851
2 4 1851
2 5 1851
2 6 1851
2 7 1851
2 8 1851
2 9 1851
2 10 1851
2 11 1851
1 1 1901
1 2 1901
2 1 1901
2 2 1901
2 3 1901
2 4 1901
2 5 1901
2 6 1901
2 7 1901
2 8 1901
2 9 1901
2 10 1901
2 11 1901
