3 1 0.000 1000000
3 4 0.000 1000000
4 3 0.000 1000000
4 5 0.000 1000000
5 0 0.000 1000000
5 2 0.000 1000000
5 4 0.000 1000000
3 1 0.000 1100000
3 4 0.000 1100000
4 3 0.000 1100000
4 5 0.000 1100000
5 0 0.000 1100000
5 2 0.000 1100000
5 4 0.000 1100000
3 1 0.000 1200000
3 4 0.000 1200000
4 3 0.000 1200000
4 5 0.000 1200000
5 0 0.000 1200000
5 2 25.088 1200000
5 4 0.000 1200000
3 1 0.000 1300000
3 4 0.000 1300000
4 3 0.000 1300000
4 5 0.000 1300000
5 0 0.000 1300000
5 2 25.088 1300000
5 4 0.000 1300000
3 1 0.000 1400000
3 4 0.000 1400000
4 3 0.000 1400000
4 5 0.000 1400000
5 0 0.000 1400000
5 2 25.088 1400000
5 4 0.000 1400000
3 1 0.000 1500000
3 4 0.000 1500000
4 3 0.000 1500000
4 5 0.000 1500000
5 0 0.000 1500000
5 2 12.544 1500000
5 4 0.000 1500000
3 1 0.000 1600000
3 4 0.000 1600000
4 3 0.000 1600000
4 5 0.000 1600000
5 0 0.000 1600000
5 2 25.088 1600000
5 4 0.000 1600000
3 1 0.000 1700000
3 4 0.000 1700000
4 3 0.000 1700000
4 5 0.000 1700000
5 0 0.000 1700000
5 2 12.544 1700000
5 4 0.000 1700000
3 1 0.000 1800000
3 4 0.000 1800000
4 3 0.000 1800000
4 5 0.000 1800000
5 0 0.000 1800000
5 2 62.720 1800000
5 4 0.000 1800000
3 1 0.000 1900000
3 4 0.000 1900000
4 3 0.000 1900000
4 5 0.000 1900000
5 0 0.000 1900000
5 2 12.544 1900000
5 4 0.000 1900000
3 1 0.000 2000000
3 4 0.000 2000000
4 3 0.000 2000000
4 5 0.000 2000000
5 0 0.000 2000000
5 2 37.632 2000000
5 4 0.000 2000000
3 1 0.000 2100000
3 4 0.000 2100000
4 3 0.000 2100000
4 5 0.000 2100000
5 0 0.000 2100000
5 2 62.720 2100000
5 4 0.000 2100000
3 1 0.000 2200000
3 4 0.000 2200000
4 3 0.000 2200000
4 5 0.000 2200000
5 0 0.000 2200000
5 2 87.808 2200000
5 4 0.000 2200000
3 1 0.000 2300000
3 4 0.000 2300000
4 3 0.000 2300000
4 5 0.000 2300000
5 0 0.000 2300000
5 2 112.896 2300000
5 4 0.000 2300000
3 1 0.000 2400000
3 4 0.000 2400000
4 3 0.000 2400000
4 5 0.000 2400000
5 0 0.000 2400000
5 2 125.440 2400000
5 4 0.000 2400000
3 1 0.000 2500000
3 4 0.000 2500000
4 3 0.000 2500000
4 5 0.000 2500000
5 0 0.000 2500000
5 2 150.528 2500000
5 4 0.000 2500000
3 1 0.000 2600000
3 4 0.000 2600000
4 3 0.000 2600000
4 5 0.000 2600000
5 0 0.000 2600000
5 2 137.984 2600000
5 4 0.000 2600000
3 1 0.000 2700000
3 4 0.000 2700000
4 3 0.000 2700000
4 5 0.000 2700000
5 0 0.000 2700000
5 2 125.440 2700000
5 4 0.000 2700000
3 1 0.000 2800000
3 4 0.000 2800000
4 3 0.000 2800000
4 5 0.000 2800000
5 0 0.000 2800000
5 2 37.632 2800000
5 4 0.000 2800000
3 1 0.000 2900000
3 4 0.000 2900000
4 3 0.000 2900000
4 5 0.000 2900000
5 0 0.000 2900000
5 2 37.632 2900000
5 4 0.000 2900000
3 1 0.000 3000000
3 4 0.000 3000000
4 3 0.000 3000000
4 5 0.000 3000000
5 0 0.000 3000000
5 2 12.544 3000000
5 4 0.000 3000000
3 1 0.000 3100000
3 4 0.000 3100000
4 3 0.000 3100000
4 5 0.000 3100000
5 0 0.000 3100000
5 2 25.088 3100000
5 4 0.000 3100000
3 1 0.000 3200000
3 4 0.000 3200000
4 3 0.000 3200000
4 5 0.000 3200000
5 0 0.000 3200000
5 2 75.264 3200000
5 4 0.000 3200000
3 1 0.000 3300000
3 4 0.000 3300000
4 3 0.000 3300000
4 5 0.000 3300000
5 0 0.000 3300000
5 2 163.072 3300000
5 4 0.000 3300000
3 1 0.000 3400000
3 4 0.000 3400000
4 3 0.000 3400000
4 5 0.000 3400000
5 0 0.000 3400000
5 2 125.440 3400000
5 4 0.000 3400000
3 1 0.000 3500000
3 4 0.000 3500000
4 3 0.000 3500000
4 5 0.000 3500000
5 0 0.000 3500000
5 2 238.336 3500000
5 4 0.000 3500000
3 1 0.000 3600000
3 4 0.000 3600000
4 3 0.000 3600000
4 5 0.000 3600000
5 0 0.000 3600000
5 2 250.880 3600000
5 4 0.000 3600000
3 1 0.000 3700000
3 4 0.000 3700000
4 3 0.000 3700000
4 5 0.000 3700000
5 0 0.000 3700000
5 2 263.424 3700000
5 4 0.000 3700000
3 1 0.000 3800000
3 4 0.000 3800000
4 3 0.000 3800000
4 5 0.000 3800000
5 0 0.000 3800000
5 2 326.144 3800000
5 4 0.000 3800000
3 1 0.000 3900000
3 4 0.000 3900000
4 3 0.000 3900000
4 5 0.000 3900000
5 0 0.000 3900000
5 2 376.320 3900000
5 4 0.000 3900000
3 1 0.000 4000000
3 4 0.000 4000000
4 3 0.000 4000000
4 5 0.000 4000000
5 0 0.000 4000000
5 2 413.952 4000000
5 4 0.000 4000000
3 1 0.000 4100000
3 4 0.000 4100000
4 3 0.000 4100000
4 5 0.000 4100000
5 0 0.000 4100000
5 2 0.000 4100000
5 4 0.000 4100000
3 1 0.000 4200000
3 4 0.000 4200000
4 3 0.000 4200000
4 5 0.000 4200000
5 0 0.000 4200000
5 2 0.000 4200000
5 4 0.000 4200000
3 1 0.000 4300000
3 4 0.000 4300000
4 3 0.000 4300000
4 5 0.000 4300000
5 0 0.000 4300000
5 2 0.000 4300000
5 4 0.000 4300000
3 1 0.000 4400000
3 4 0.000 4400000
4 3 0.000 4400000
4 5 0.000 4400000
5 0 0.000 4400000
5 2 0.000 4400000
5 4 0.000 4400000
3 1 0.000 4500000
3 4 0.000 4500000
4 3 0.000 4500000
4 5 0.000 4500000
5 0 0.000 4500000
5 2 0.000 4500000
5 4 0.000 4500000
3 1 0.000 4600000
3 4 0.000 4600000
4 3 0.000 4600000
4 5 0.000 4600000
5 0 0.000 4600000
5 2 0.000 4600000
5 4 0.000 4600000
3 1 0.000 4700000
3 4 0.000 4700000
4 3 0.000 4700000
4 5 0.000 4700000
5 0 0.000 4700000
5 2 0.000 4700000
5 4 0.000 4700000
3 1 0.000 4800000
3 4 0.000 4800000
4 3 0.000 4800000
4 5 0.000 4800000
5 0 0.000 4800000
5 2 0.000 4800000
5 4 0.000 4800000
3 1 0.000 4900000
3 4 0.000 4900000
4 3 0.000 4900000
4 5 0.000 4900000
5 0 0.000 4900000
5 2 0.000 4900000
5 4 0.000 4900000
3 1 0.000 5000000
3 4 0.000 5000000
4 3 0.000 5000000
4 5 0.000 5000000
5 0 0.000 5000000
5 2 0.000 5000000
5 4 0.000 5000000
3 1 0.000 5100000
3 4 0.000 5100000
4 3 0.000 5100000
4 5 0.000 5100000
5 0 0.000 5100000
5 2 0.000 5100000
5 4 0.000 5100000
3 1 0.000 5200000
3 4 0.000 5200000
4 3 0.000 5200000
4 5 0.000 5200000
5 0 0.000 5200000
5 2 0.000 5200000
5 4 0.000 5200000
3 1 0.000 5300000
3 4 0.000 5300000
4 3 0.000 5300000
4 5 0.000 5300000
5 0 0.000 5300000
5 2 0.000 5300000
5 4 0.000 5300000
3 1 0.000 5400000
3 4 0.000 5400000
4 3 0.000 5400000
4 5 0.000 5400000
5 0 0.000 5400000
5 2 0.000 5400000
5 4 0.000 5400000
3 1 0.000 5500000
3 4 0.000 5500000
4 3 0.000 5500000
4 5 0.000 5500000
5 0 0.000 5500000
5 2 0.000 5500000
5 4 0.000 5500000
3 1 0.000 5600000
3 4 0.000 5600000
4 3 0.000 5600000
4 5 0.000 5600000
5 0 0.000 5600000
5 2 0.000 5600000
5 4 0.000 5600000
3 1 0.000 5700000
3 4 0.000 5700000
4 3 0.000 5700000
4 5 0.000 5700000
5 0 0.000 5700000
5 2 0.000 5700000
5 4 0.000 5700000
3 1 0.000 5800000
3 4 0.000 5800000
4 3 0.000 5800000
4 5 0.000 5800000
5 0 0.000 5800000
5 2 0.000 5800000
5 4 0.000 5800000
3 1 0.000 5900000
3 4 0.000 5900000
4 3 0.000 5900000
4 5 0.000 5900000
5 0 0.000 5900000
5 2 0.000 5900000
5 4 0.000 5900000
3 1 0.000 6000000
3 4 0.000 6000000
4 3 0.000 6000000
4 5 0.000 6000000
5 0 0.000 6000000
5 2 0.000 6000000
5 4 0.000 6000000
3 1 0.000 6100000
3 4 0.000 6100000
4 3 0.000 6100000
4 5 0.000 6100000
5 0 0.000 6100000
5 2 0.000 6100000
5 4 0.000 6100000
3 1 0.000 6200000
3 4 0.000 6200000
4 3 0.000 6200000
4 5 0.000 6200000
5 0 0.000 6200000
5 2 0.000 6200000
5 4 0.000 6200000
3 1 0.000 6300000
3 4 0.000 6300000
4 3 0.000 6300000
4 5 0.000 6300000
5 0 0.000 6300000
5 2 0.000 6300000
5 4 0.000 6300000
3 1 0.000 6400000
3 4 0.000 6400000
4 3 0.000 6400000
4 5 0.000 6400000
5 0 0.000 6400000
5 2 0.000 6400000
5 4 0.000 6400000
3 1 0.000 6500000
3 4 0.000 6500000
4 3 0.000 6500000
4 5 0.000 6500000
5 0 0.000 6500000
5 2 0.000 6500000
5 4 0.000 6500000
3 1 0.000 6600000
3 4 0.000 6600000
4 3 0.000 6600000
4 5 0.000 6600000
5 0 0.000 6600000
5 2 0.000 6600000
5 4 0.000 6600000
3 1 0.000 6700000
3 4 0.000 6700000
4 3 0.000 6700000
4 5 0.000 6700000
5 0 0.000 6700000
5 2 0.000 6700000
5 4 0.000 6700000
3 1 0.000 6800000
3 4 0.000 6800000
4 3 0.000 6800000
4 5 0.000 6800000
5 0 0.000 6800000
5 2 0.000 6800000
5 4 0.000 6800000
3 1 0.000 6900000
3 4 0.000 6900000
4 3 0.000 6900000
4 5 0.000 6900000
5 0 0.000 6900000
5 2 0.000 6900000
5 4 0.000 6900000
3 1 0.000 7000000
3 4 0.000 7000000
4 3 0.000 7000000
4 5 0.000 7000000
5 0 0.000 7000000
5 2 0.000 7000000
5 4 0.000 7000000
3 1 0.000 7100000
3 4 0.000 7100000
4 3 0.000 7100000
4 5 0.000 7100000
5 0 0.000 7100000
5 2 0.000 7100000
5 4 0.000 7100000
3 1 0.000 7200000
3 4 0.000 7200000
4 3 0.000 7200000
4 5 0.000 7200000
5 0 0.000 7200000
5 2 0.000 7200000
5 4 0.000 7200000
3 1 0.000 7300000
3 4 0.000 7300000
4 3 0.000 7300000
4 5 0.000 7300000
5 0 0.000 7300000
5 2 0.000 7300000
5 4 0.000 7300000
3 1 0.000 7400000
3 4 0.000 7400000
4 3 0.000 7400000
4 5 0.000 7400000
5 0 0.000 7400000
5 2 0.000 7400000
5 4 0.000 7400000
3 1 0.000 7500000
3 4 0.000 7500000
4 3 0.000 7500000
4 5 0.000 7500000
5 0 0.000 7500000
5 2 0.000 7500000
5 4 0.000 7500000
3 1 0.000 7600000
3 4 0.000 7600000
4 3 0.000 7600000
4 5 0.000 7600000
5 0 0.000 7600000
5 2 0.000 7600000
5 4 0.000 7600000
3 1 0.000 7700000
3 4 0.000 7700000
4 3 0.000 7700000
4 5 0.000 7700000
5 0 0.000 7700000
5 2 0.000 7700000
5 4 0.000 7700000
3 1 0.000 7800000
3 4 0.000 7800000
4 3 0.000 7800000
4 5 0.000 7800000
5 0 0.000 7800000
5 2 0.000 7800000
5 4 0.000 7800000
3 1 0.000 7900000
3 4 0.000 7900000
4 3 0.000 7900000
4 5 0.000 7900000
5 0 0.000 7900000
5 2 0.000 7900000
5 4 0.000 7900000
3 1 0.000 8000000
3 4 0.000 8000000
4 3 0.000 8000000
4 5 0.000 8000000
5 0 0.000 8000000
5 2 0.000 8000000
5 4 0.000 8000000
3 1 0.000 8100000
3 4 0.000 8100000
4 3 0.000 8100000
4 5 0.000 8100000
5 0 0.000 8100000
5 2 0.000 8100000
5 4 0.000 8100000
3 1 0.000 8200000
3 4 0.000 8200000
4 3 0.000 8200000
4 5 0.000 8200000
5 0 0.000 8200000
5 2 0.000 8200000
5 4 0.000 8200000
3 1 0.000 8300000
3 4 0.000 8300000
4 3 0.000 8300000
4 5 0.000 8300000
5 0 0.000 8300000
5 2 0.000 8300000
5 4 0.000 8300000
3 1 0.000 8400000
3 4 0.000 8400000
4 3 0.000 8400000
4 5 0.000 8400000
5 0 0.000 8400000
5 2 0.000 8400000
5 4 0.000 8400000
3 1 0.000 8500000
3 4 0.000 8500000
4 3 0.000 8500000
4 5 0.000 8500000
5 0 0.000 8500000
5 2 0.000 8500000
5 4 0.000 8500000
3 1 0.000 8600000
3 4 0.000 8600000
4 3 0.000 8600000
4 5 0.000 8600000
5 0 0.000 8600000
5 2 0.000 8600000
5 4 0.000 8600000
3 1 0.000 8700000
3 4 0.000 8700000
4 3 0.000 8700000
4 5 0.000 8700000
5 0 0.000 8700000
5 2 0.000 8700000
5 4 0.000 8700000
3 1 0.000 8800000
3 4 0.000 8800000
4 3 0.000 8800000
4 5 0.000 8800000
5 0 0.000 8800000
5 2 0.000 8800000
5 4 0.000 8800000
3 1 0.000 8900000
3 4 0.000 8900000
4 3 0.000 8900000
4 5 0.000 8900000
5 0 0.000 8900000
5 2 0.000 8900000
5 4 0.000 8900000
3 1 0.000 9000000
3 4 0.000 9000000
4 3 0.000 9000000
4 5 0.000 9000000
5 0 0.000 9000000
5 2 0.000 9000000
5 4 0.000 9000000
3 1 0.000 9100000
3 4 0.000 9100000
4 3 0.000 9100000
4 5 0.000 9100000
5 0 0.000 9100000
5 2 0.000 9100000
5 4 0.000 9100000
3 1 0.000 9200000
3 4 0.000 9200000
4 3 0.000 9200000
4 5 0.000 9200000
5 0 0.000 9200000
5 2 0.000 9200000
5 4 0.000 9200000
3 1 0.000 9300000
3 4 0.000 9300000
4 3 0.000 9300000
4 5 0.000 9300000
5 0 0.000 9300000
5 2 0.000 9300000
5 4 0.000 9300000
3 1 0.000 9400000
3 4 0.000 9400000
4 3 0.000 9400000
4 5 0.000 9400000
5 0 0.000 9400000
5 2 0.000 9400000
5 4 0.000 9400000
3 1 0.000 9500000
3 4 0.000 9500000
4 3 0.000 9500000
4 5 0.000 9500000
5 0 0.000 9500000
5 2 0.000 9500000
5 4 0.000 9500000
3 1 0.000 9600000
3 4 0.000 9600000
4 3 0.000 9600000
4 5 0.000 9600000
5 0 0.000 9600000
5 2 0.000 9600000
5 4 0.000 9600000
3 1 0.000 9700000
3 4 0.000 9700000
4 3 0.000 9700000
4 5 0.000 9700000
5 0 0.000 9700000
5 2 0.000 9700000
5 4 0.000 9700000
3 1 0.000 9800000
3 4 0.000 9800000
4 3 0.000 9800000
4 5 0.000 9800000
5 0 0.000 9800000
5 2 0.000 9800000
5 4 0.000 9800000
3 1 0.000 9900000
3 4 0.000 9900000
4 3 0.000 9900000
4 5 0.000 9900000
5 0 0.000 9900000
5 2 0.000 9900000
5 4 0.000 9900000
3 1 0.000 10000000
3 4 0.000 10000000
4 3 0.000 10000000
4 5 0.000 10000000
5 0 0.000 10000000
5 2 0.000 10000000
5 4 0.000 10000000
3 1 0.000 10100000
3 4 0.000 10100000
4 3 0.000 10100000
4 5 0.000 10100000
5 0 0.000 10100000
5 2 0.000 10100000
5 4 0.000 10100000
3 1 0.000 10200000
3 4 0.000 10200000
4 3 0.000 10200000
4 5 0.000 10200000
5 0 0.000 10200000
5 2 0.000 10200000
5 4 0.000 10200000
3 1 0.000 10300000
3 4 0.000 10300000
4 3 0.000 10300000
4 5 0.000 10300000
5 0 0.000 10300000
5 2 0.000 10300000
5 4 0.000 10300000
3 1 0.000 10400000
3 4 0.000 10400000
4 3 0.000 10400000
4 5 0.000 10400000
5 0 0.000 10400000
5 2 0.000 10400000
5 4 0.000 10400000
3 1 0.000 10500000
3 4 0.000 10500000
4 3 0.000 10500000
4 5 0.000 10500000
5 0 0.000 10500000
5 2 0.000 10500000
5 4 0.000 10500000
3 1 0.000 10600000
3 4 0.000 10600000
4 3 0.000 10600000
4 5 0.000 10600000
5 0 0.000 10600000
5 2 0.000 10600000
5 4 0.000 10600000
3 1 0.000 10700000
3 4 0.000 10700000
4 3 0.000 10700000
4 5 0.000 10700000
5 0 0.000 10700000
5 2 0.000 10700000
5 4 0.000 10700000
3 1 0.000 10800000
3 4 0.000 10800000
4 3 0.000 10800000
4 5 0.000 10800000
5 0 0.000 10800000
5 2 0.000 10800000
5 4 0.000 10800000
3 1 0.000 10900000
3 4 0.000 10900000
4 3 0.000 10900000
4 5 0.000 10900000
5 0 0.000 10900000
5 2 0.000 10900000
5 4 0.000 10900000
3 1 0.000 11000000
3 4 0.000 11000000
4 3 0.000 11000000
4 5 0.000 11000000
5 0 0.000 11000000
5 2 0.000 11000000
5 4 0.000 11000000
3 1 0.000 11100000
3 4 0.000 11100000
4 3 0.000 11100000
4 5 0.000 11100000
5 0 0.000 11100000
5 2 0.000 11100000
5 4 0.000 11100000
3 1 0.000 11200000
3 4 0.000 11200000
4 3 0.000 11200000
4 5 0.000 11200000
5 0 0.000 11200000
5 2 0.000 11200000
5 4 0.000 11200000
3 1 0.000 11300000
3 4 0.000 11300000
4 3 0.000 11300000
4 5 0.000 11300000
5 0 0.000 11300000
5 2 0.000 11300000
5 4 0.000 11300000
3 1 0.000 11400000
3 4 0.000 11400000
4 3 0.000 11400000
4 5 0.000 11400000
5 0 0.000 11400000
5 2 0.000 11400000
5 4 0.000 11400000
3 1 0.000 11500000
3 4 0.000 11500000
4 3 0.000 11500000
4 5 0.000 11500000
5 0 0.000 11500000
5 2 0.000 11500000
5 4 0.000 11500000
3 1 0.000 11600000
3 4 0.000 11600000
4 3 0.000 11600000
4 5 0.000 11600000
5 0 0.000 11600000
5 2 0.000 11600000
5 4 0.000 11600000
3 1 0.000 11700000
3 4 0.000 11700000
4 3 0.000 11700000
4 5 0.000 11700000
5 0 0.000 11700000
5 2 0.000 11700000
5 4 0.000 11700000
3 1 0.000 11800000
3 4 0.000 11800000
4 3 0.000 11800000
4 5 0.000 11800000
5 0 0.000 11800000
5 2 0.000 11800000
5 4 0.000 11800000
3 1 0.000 11900000
3 4 0.000 11900000
4 3 0.000 11900000
4 5 0.000 11900000
5 0 0.000 11900000
5 2 0.000 11900000
5 4 0.000 11900000
3 1 0.000 12000000
3 4 0.000 12000000
4 3 0.000 12000000
4 5 0.000 12000000
5 0 0.000 12000000
5 2 0.000 12000000
5 4 0.000 12000000
3 1 0.000 12100000
3 4 0.000 12100000
4 3 0.000 12100000
4 5 0.000 12100000
5 0 0.000 12100000
5 2 0.000 12100000
5 4 0.000 12100000
3 1 0.000 12200000
3 4 0.000 12200000
4 3 0.000 12200000
4 5 0.000 12200000
5 0 0.000 12200000
5 2 0.000 12200000
5 4 0.000 12200000
3 1 0.000 12300000
3 4 0.000 12300000
4 3 0.000 12300000
4 5 0.000 12300000
5 0 0.000 12300000
5 2 0.000 12300000
5 4 0.000 12300000
3 1 0.000 12400000
3 4 0.000 12400000
4 3 0.000 12400000
4 5 0.000 12400000
5 0 0.000 12400000
5 2 0.000 12400000
5 4 0.000 12400000
3 1 0.000 12500000
3 4 0.000 12500000
4 3 0.000 12500000
4 5 0.000 12500000
5 0 0.000 12500000
5 2 0.000 12500000
5 4 0.000 12500000
3 1 0.000 12600000
3 4 0.000 12600000
4 3 0.000 12600000
4 5 0.000 12600000
5 0 0.000 12600000
5 2 0.000 12600000
5 4 0.000 12600000
3 1 0.000 12700000
3 4 0.000 12700000
4 3 0.000 12700000
4 5 0.000 12700000
5 0 0.000 12700000
5 2 0.000 12700000
5 4 0.000 12700000
3 1 0.000 12800000
3 4 0.000 12800000
4 3 0.000 12800000
4 5 0.000 12800000
5 0 0.000 12800000
5 2 0.000 12800000
5 4 0.000 12800000
3 1 0.000 12900000
3 4 0.000 12900000
4 3 0.000 12900000
4 5 0.000 12900000
5 0 0.000 12900000
5 2 0.000 12900000
5 4 0.000 12900000
3 1 0.000 13000000
3 4 0.000 13000000
4 3 0.000 13000000
4 5 0.000 13000000
5 0 0.000 13000000
5 2 0.000 13000000
5 4 0.000 13000000
3 1 0.000 13100000
3 4 0.000 13100000
4 3 0.000 13100000
4 5 0.000 13100000
5 0 0.000 13100000
5 2 0.000 13100000
5 4 0.000 13100000
3 1 0.000 13200000
3 4 0.000 13200000
4 3 0.000 13200000
4 5 0.000 13200000
5 0 0.000 13200000
5 2 0.000 13200000
5 4 0.000 13200000
3 1 0.000 13300000
3 4 0.000 13300000
4 3 0.000 13300000
4 5 0.000 13300000
5 0 0.000 13300000
5 2 0.000 13300000
5 4 0.000 13300000
3 1 0.000 13400000
3 4 0.000 13400000
4 3 0.000 13400000
4 5 0.000 13400000
5 0 0.000 13400000
5 2 0.000 13400000
5 4 0.000 13400000
3 1 0.000 13500000
3 4 0.000 13500000
4 3 0.000 13500000
4 5 0.000 13500000
5 0 0.000 13500000
5 2 0.000 13500000
5 4 0.000 13500000
3 1 0.000 13600000
3 4 0.000 13600000
4 3 0.000 13600000
4 5 0.000 13600000
5 0 0.000 13600000
5 2 0.000 13600000
5 4 0.000 13600000
3 1 0.000 13700000
3 4 0.000 13700000
4 3 0.000 13700000
4 5 0.000 13700000
5 0 0.000 13700000
5 2 0.000 13700000
5 4 0.000 13700000
3 1 0.000 13800000
3 4 0.000 13800000
4 3 0.000 13800000
4 5 0.000 13800000
5 0 0.000 13800000
5 2 0.000 13800000
5 4 0.000 13800000
3 1 0.000 13900000
3 4 0.000 13900000
4 3 0.000 13900000
4 5 0.000 13900000
5 0 0.000 13900000
5 2 0.000 13900000
5 4 0.000 13900000
3 1 0.000 14000000
3 4 0.000 14000000
4 3 0.000 14000000
4 5 0.000 14000000
5 0 0.000 14000000
5 2 0.000 14000000
5 4 0.000 14000000
3 1 0.000 14100000
3 4 0.000 14100000
4 3 0.000 14100000
4 5 0.000 14100000
5 0 0.000 14100000
5 2 0.000 14100000
5 4 0.000 14100000
3 1 0.000 14200000
3 4 0.000 14200000
4 3 0.000 14200000
4 5 0.000 14200000
5 0 0.000 14200000
5 2 0.000 14200000
5 4 0.000 14200000
3 1 0.000 14300000
3 4 0.000 14300000
4 3 0.000 14300000
4 5 0.000 14300000
5 0 0.000 14300000
5 2 0.000 14300000
5 4 0.000 14300000
3 1 0.000 14400000
3 4 0.000 14400000
4 3 0.000 14400000
4 5 0.000 14400000
5 0 0.000 14400000
5 2 0.000 14400000
5 4 0.000 14400000
3 1 0.000 14500000
3 4 0.000 14500000
4 3 0.000 14500000
4 5 0.000 14500000
5 0 0.000 14500000
5 2 0.000 14500000
5 4 0.000 14500000
3 1 0.000 14600000
3 4 0.000 14600000
4 3 0.000 14600000
4 5 0.000 14600000
5 0 0.000 14600000
5 2 0.000 14600000
5 4 0.000 14600000
3 1 0.000 14700000
3 4 0.000 14700000
4 3 0.000 14700000
4 5 0.000 14700000
5 0 0.000 14700000
5 2 0.000 14700000
5 4 0.000 14700000
3 1 0.000 14800000
3 4 0.000 14800000
4 3 0.000 14800000
4 5 0.000 14800000
5 0 0.000 14800000
5 2 0.000 14800000
5 4 0.000 14800000
3 1 0.000 14900000
3 4 0.000 14900000
4 3 0.000 14900000
4 5 0.000 14900000
5 0 0.000 14900000
5 2 0.000 14900000
5 4 0.000 14900000
3 1 0.000 15000000
3 4 0.000 15000000
4 3 0.000 15000000
4 5 0.000 15000000
5 0 0.000 15000000
5 2 0.000 15000000
5 4 0.000 15000000
3 1 0.000 15100000
3 4 0.000 15100000
4 3 0.000 15100000
4 5 0.000 15100000
5 0 0.000 15100000
5 2 0.000 15100000
5 4 0.000 15100000
3 1 0.000 15200000
3 4 0.000 15200000
4 3 0.000 15200000
4 5 0.000 15200000
5 0 0.000 15200000
5 2 0.000 15200000
5 4 0.000 15200000
3 1 0.000 15300000
3 4 0.000 15300000
4 3 0.000 15300000
4 5 0.000 15300000
5 0 0.000 15300000
5 2 0.000 15300000
5 4 0.000 15300000
3 1 0.000 15400000
3 4 0.000 15400000
4 3 0.000 15400000
4 5 0.000 15400000
5 0 0.000 15400000
5 2 0.000 15400000
5 4 0.000 15400000
3 1 0.000 15500000
3 4 0.000 15500000
4 3 0.000 15500000
4 5 0.000 15500000
5 0 0.000 15500000
5 2 0.000 15500000
5 4 0.000 15500000
3 1 0.000 15600000
3 4 0.000 15600000
4 3 0.000 15600000
4 5 0.000 15600000
5 0 0.000 15600000
5 2 0.000 15600000
5 4 0.000 15600000
3 1 0.000 15700000
3 4 0.000 15700000
4 3 0.000 15700000
4 5 0.000 15700000
5 0 0.000 15700000
5 2 0.000 15700000
5 4 0.000 15700000
3 1 0.000 15800000
3 4 0.000 15800000
4 3 0.000 15800000
4 5 0.000 15800000
5 0 0.000 15800000
5 2 0.000 15800000
5 4 0.000 15800000
3 1 0.000 15900000
3 4 0.000 15900000
4 3 0.000 15900000
4 5 0.000 15900000
5 0 0.000 15900000
5 2 0.000 15900000
5 4 0.000 15900000
3 1 0.000 16000000
3 4 0.000 16000000
4 3 0.000 16000000
4 5 0.000 16000000
5 0 0.000 16000000
5 2 0.000 16000000
5 4 0.000 16000000
3 1 0.000 16100000
3 4 0.000 16100000
4 3 0.000 16100000
4 5 0.000 16100000
5 0 0.000 16100000
5 2 0.000 16100000
5 4 0.000 16100000
3 1 0.000 16200000
3 4 0.000 16200000
4 3 0.000 16200000
4 5 0.000 16200000
5 0 0.000 16200000
5 2 0.000 16200000
5 4 0.000 16200000
3 1 0.000 16300000
3 4 0.000 16300000
4 3 0.000 16300000
4 5 0.000 16300000
5 0 0.000 16300000
5 2 0.000 16300000
5 4 0.000 16300000
3 1 0.000 16400000
3 4 0.000 16400000
4 3 0.000 16400000
4 5 0.000 16400000
5 0 0.000 16400000
5 2 0.000 16400000
5 4 0.000 16400000
3 1 0.000 16500000
3 4 0.000 16500000
4 3 0.000 16500000
4 5 0.000 16500000
5 0 0.000 16500000
5 2 0.000 16500000
5 4 0.000 16500000
3 1 0.000 16600000
3 4 0.000 16600000
4 3 0.000 16600000
4 5 0.000 16600000
5 0 0.000 16600000
5 2 0.000 16600000
5 4 0.000 16600000
3 1 0.000 16700000
3 4 0.000 16700000
4 3 0.000 16700000
4 5 0.000 16700000
5 0 0.000 16700000
5 2 0.000 16700000
5 4 0.000 16700000
3 1 0.000 16800000
3 4 0.000 16800000
4 3 0.000 16800000
4 5 0.000 16800000
5 0 0.000 16800000
5 2 0.000 16800000
5 4 0.000 16800000
3 1 0.000 16900000
3 4 0.000 16900000
4 3 0.000 16900000
4 5 0.000 16900000
5 0 0.000 16900000
5 2 0.000 16900000
5 4 0.000 16900000
3 1 0.000 17000000
3 4 0.000 17000000
4 3 0.000 17000000
4 5 0.000 17000000
5 0 0.000 17000000
5 2 0.000 17000000
5 4 0.000 17000000
3 1 0.000 17100000
3 4 0.000 17100000
4 3 0.000 17100000
4 5 0.000 17100000
5 0 0.000 17100000
5 2 0.000 17100000
5 4 0.000 17100000
3 1 0.000 17200000
3 4 0.000 17200000
4 3 0.000 17200000
4 5 0.000 17200000
5 0 0.000 17200000
5 2 0.000 17200000
5 4 0.000 17200000
3 1 0.000 17300000
3 4 0.000 17300000
4 3 0.000 17300000
4 5 0.000 17300000
5 0 0.000 17300000
5 2 0.000 17300000
5 4 0.000 17300000
3 1 0.000 17400000
3 4 0.000 17400000
4 3 0.000 17400000
4 5 0.000 17400000
5 0 0.000 17400000
5 2 0.000 17400000
5 4 0.000 17400000
3 1 0.000 17500000
3 4 0.000 17500000
4 3 0.000 17500000
4 5 0.000 17500000
5 0 0.000 17500000
5 2 0.000 17500000
5 4 0.000 17500000
3 1 0.000 17600000
3 4 0.000 17600000
4 3 0.000 17600000
4 5 0.000 17600000
5 0 0.000 17600000
5 2 0.000 17600000
5 4 0.000 17600000
3 1 0.000 17700000
3 4 0.000 17700000
4 3 0.000 17700000
4 5 0.000 17700000
5 0 0.000 17700000
5 2 0.000 17700000
5 4 0.000 17700000
3 1 0.000 17800000
3 4 0.000 17800000
4 3 0.000 17800000
4 5 0.000 17800000
5 0 0.000 17800000
5 2 0.000 17800000
5 4 0.000 17800000
3 1 0.000 17900000
3 4 0.000 17900000
4 3 0.000 17900000
4 5 0.000 17900000
5 0 0.000 17900000
5 2 0.000 17900000
5 4 0.000 17900000
3 1 0.000 18000000
3 4 0.000 18000000
4 3 0.000 18000000
4 5 0.000 18000000
5 0 0.000 18000000
5 2 0.000 18000000
5 4 0.000 18000000
3 1 0.000 18100000
3 4 0.000 18100000
4 3 0.000 18100000
4 5 0.000 18100000
5 0 0.000 18100000
5 2 0.000 18100000
5 4 0.000 18100000
3 1 0.000 18200000
3 4 0.000 18200000
4 3 0.000 18200000
4 5 0.000 18200000
5 0 0.000 18200000
5 2 0.000 18200000
5 4 0.000 18200000
3 1 0.000 18300000
3 4 0.000 18300000
4 3 0.000 18300000
4 5 0.000 18300000
5 0 0.000 18300000
5 2 0.000 18300000
5 4 0.000 18300000
3 1 0.000 18400000
3 4 0.000 18400000
4 3 0.000 18400000
4 5 0.000 18400000
5 0 0.000 18400000
5 2 0.000 18400000
5 4 0.000 18400000
3 1 0.000 18500000
3 4 0.000 18500000
4 3 0.000 18500000
4 5 0.000 18500000
5 0 0.000 18500000
5 2 0.000 18500000
5 4 0.000 18500000
3 1 0.000 18600000
3 4 0.000 18600000
4 3 0.000 18600000
4 5 0.000 18600000
5 0 0.000 18600000
5 2 0.000 18600000
5 4 0.000 18600000
3 1 0.000 18700000
3 4 0.000 18700000
4 3 0.000 18700000
4 5 0.000 18700000
5 0 0.000 18700000
5 2 0.000 18700000
5 4 0.000 18700000
3 1 0.000 18800000
3 4 0.000 18800000
4 3 0.000 18800000
4 5 0.000 18800000
5 0 0.000 18800000
5 2 0.000 18800000
5 4 0.000 18800000
3 1 0.000 18900000
3 4 0.000 18900000
4 3 0.000 18900000
4 5 0.000 18900000
5 0 0.000 18900000
5 2 0.000 18900000
5 4 0.000 18900000
3 1 0.000 19000000
3 4 0.000 19000000
4 3 0.000 19000000
4 5 0.000 19000000
5 0 0.000 19000000
5 2 0.000 19000000
5 4 0.000 19000000
3 1 0.000 19100000
3 4 0.000 19100000
4 3 0.000 19100000
4 5 0.000 19100000
5 0 0.000 19100000
5 2 0.000 19100000
5 4 0.000 19100000
3 1 0.000 19200000
3 4 0.000 19200000
4 3 0.000 19200000
4 5 0.000 19200000
5 0 0.000 19200000
5 2 0.000 19200000
5 4 0.000 19200000
3 1 0.000 19300000
3 4 0.000 19300000
4 3 0.000 19300000
4 5 0.000 19300000
5 0 0.000 19300000
5 2 0.000 19300000
5 4 0.000 19300000
3 1 0.000 19400000
3 4 0.000 19400000
4 3 0.000 19400000
4 5 0.000 19400000
5 0 0.000 19400000
5 2 0.000 19400000
5 4 0.000 19400000
3 1 0.000 19500000
3 4 0.000 19500000
4 3 0.000 19500000
4 5 0.000 19500000
5 0 0.000 19500000
5 2 0.000 19500000
5 4 0.000 19500000
3 1 0.000 19600000
3 4 0.000 19600000
4 3 0.000 19600000
4 5 0.000 19600000
5 0 0.000 19600000
5 2 0.000 19600000
5 4 0.000 19600000
3 1 0.000 19700000
3 4 0.000 19700000
4 3 0.000 19700000
4 5 0.000 19700000
5 0 0.000 19700000
5 2 0.000 19700000
5 4 0.000 19700000
3 1 0.000 19800000
3 4 0.000 19800000
4 3 0.000 19800000
4 5 0.000 19800000
5 0 0.000 19800000
5 2 0.000 19800000
5 4 0.000 19800000
3 1 0.000 19900000
3 4 0.000 19900000
4 3 0.000 19900000
4 5 0.000 19900000
5 0 0.000 19900000
5 2 0.000 19900000
5 4 0.000 19900000
3 1 0.000 20000000
3 4 0.000 20000000
4 3 0.000 20000000
4 5 0.000 20000000
5 0 0.000 20000000
5 2 0.000 20000000
5 4 0.000 20000000
