400 1 31 8 0 2
400 2 41
400 3 41
400 4 41
400 5 41
400 6 41
400 7 41
400 8 41
400 9 41
400 10 41
400 11 41
400 12 41
400 13 41
400 14 41
400 15 41
400 16 41
400 17 41
400 18 41
400 19 41
400 20 41
400 21 41
400 22 41
400 23 41
400 24 41
400 25 41
400 26 41
400 27 41
400 28 41
400 29 41
400 30 41
400 31 41
400 32 41
400 33 41
400 34 41
400 35 41
400 36 41
400 37 41
400 38 41
400 39 41
400 40 41
401 1 41
401 2 41
401 3 41
401 4 41
401 5 41
401 6 41
401 7 41
401 8 41
401 9 41
401 10 41
401 11 41
401 12 41
401 13 41
401 14 41
401 15 41
401 16 41
401 17 41
401 18 41
401 19 41
401 20 41
401 21 41
401 22 41
401 23 41
401 24 41
401 25 41
401 26 41
401 27 41
401 28 41
401 29 41
401 30 41
401 31 41
401 32 41
401 33 41
401 34 41
401 35 41
401 36 41
401 37 41
401 38 41
401 39 41
401 40 41
402 1 41
402 2 41
402 3 41
402 4 41
402 5 41
402 6 41
402 7 41
402 8 41
402 9 41
402 10 41
402 11 41
402 12 41
402 13 41
402 14 41
402 15 41
402 16 41
402 17 41
402 18 41
402 19 41
402 20 41
402 21 41
402 22 41
402 23 41
402 24 41
402 25 41
402 26 41
402 27 41
402 28 41
402 29 41
402 30 41
402 31 41
402 32 41
402 33 41
402 34 41
402 35 41
402 36 41
402 37 41
402 38 41
402 39 41
402 40 41
403 1 41
403 2 41
403 3 41
403 4 41
403 5 41
403 6 41
403 7 41
403 8 41
403 9 41
403 10 41
403 11 41
403 12 41
403 13 41
403 14 41
403 15 41
403 16 41
403 17 41
403 18 41
403 19 41
403 20 41
403 21 41
403 22 41
403 23 41
403 24 41
403 25 41
403 26 41
403 27 41
403 28 41
403 29 41
403 30 41
403 31 41
403 32 41
403 33 41
403 34 41
403 35 41
403 36 41
403 37 41
403 38 41
403 39 41
403 40 41
404 1 41
404 2 41
404 3 41
404 4 41
404 5 41
404 6 41
404 7 41
404 8 41
404 9 41
404 10 41
404 11 41
404 12 41
404 13 41
404 14 41
404 15 41
404 16 41
404 17 41
404 18 41
404 19 41
404 20 41
404 21 41
404 22 41
404 23 41
404 24 41
404 25 41
404 26 41
404 27 41
404 28 41
404 29 41
404 30 41
404 31 41
404 32 41
404 33 41
404 34 41
404 35 41
404 36 41
404 37 41
404 38 41
404 39 41
404 40 41
405 1 41
405 2 41
405 3 41
405 4 41
405 5 41
405 6 41
405 7 41
405 8 41
405 9 41
405 10 41
405 11 41
405 12 41
405 13 41
405 14 41
405 15 41
405 16 41
405 17 41
405 18 41
405 19 41
405 20 41
405 21 41
405 22 41
405 23 41
405 24 41
405 25 41
405 26 41
405 27 41
405 28 41
405 29 41
405 30 41
405 31 41
405 32 41
405 33 41
405 34 41
405 35 41
405 36 41
405 37 41
405 38 41
405 39 41
405 40 41
406 1 41
406 2 41
406 3 41
406 4 41
406 5 41
406 6 41
406 7 41
406 8 41
406 9 41
406 10 41
406 11 41
406 12 41
406 13 41
406 14 41
406 15 41
406 16 41
406 17 41
406 18 41
406 19 41
406 20 41
406 21 41
406 22 41
406 23 41
406 24 41
406 25 41
406 26 41
406 27 41
406 28 41
406 29 41
406 30 41
406 31 41
406 32 41
406 33 41
406 34 41
406 35 41
406 36 41
406 37 41
406 38 41
406 39 41
406 40 41
407 1 41
407 2 41
407 3 41
407 4 41
407 5 41
407 6 41
407 7 41
407 8 41
407 9 41
407 10 41
407 11 41
407 12 41
407 13 41
407 14 41
407 15 41
407 16 41
407 17 41
407 18 41
407 19 41
407 20 41
407 21 41
407 22 41
407 23 41
407 24 41
407 25 41
407 26 41
407 27 41
407 28 41
407 29 41
407 30 41
407 31 41
407 32 41
407 33 41
407 34 41
407 35 41
407 36 41
407 37 41
407 38 41
407 39 41
407 40 41
408 1 41
408 2 41
408 3 41
408 4 41
408 5 41
408 6 41
408 7 41
408 8 41
408 9 41
408 10 41
408 11 41
408 12 41
408 13 41
408 14 41
408 15 41
408 16 41
408 17 41
408 18 41
408 19 41
408 20 41
408 21 41
408 22 41
408 23 41
408 24 41
408 25 41
408 26 41
408 27 41
408 28 41
408 29 41
408 30 41
408 31 41
408 32 41
408 33 41
408 34 41
408 35 41
408 36 41
408 37 41
408 38 41
408 39 41
408 40 41
409 1 41
409 2 41
409 3 41
409 4 41
409 5 41
409 6 41
409 7 41
409 8 41
409 9 41
409 10 41
409 11 41
409 12 41
409 13 41
409 14 41
409 15 41
409 16 41
409 17 41
409 18 41
409 19 41
409 20 41
409 21 41
409 22 41
409 23 41
409 24 41
409 25 41
409 26 41
409 27 41
409 28 41
409 29 41
409 30 41
409 31 41
409 32 41
409 33 41
409 34 41
409 35 41
409 36 41
409 37 41
409 38 41
409 39 41
409 40 41
410 1 41
410 2 41
410 3 41
410 4 41
410 5 41
410 6 41
410 7 41
410 8 41
410 9 41
410 10 41
410 11 41
410 12 41
410 13 41
410 14 41
410 15 41
410 16 41
410 17 41
410 18 41
410 19 41
410 20 41
410 21 41
410 22 41
410 23 41
410 24 41
410 25 41
410 26 41
410 27 41
410 28 41
410 29 41
410 30 41
410 31 41
410 32 41
410 33 41
410 34 41
410 35 41
410 36 41
410 37 41
410 38 41
410 39 41
410 40 41
411 1 41
411 2 41
411 3 41
411 4 41
411 5 41
411 6 41
411 7 41
411 8 41
411 9 41
411 10 41
411 11 41
411 12 41
411 13 41
411 14 41
411 15 41
411 16 41
411 17 41
411 18 41
411 19 41
411 20 41
411 21 41
411 22 41
411 23 41
411 24 41
411 25 41
411 26 41
411 27 41
411 28 41
411 29 41
411 30 41
411 31 41
411 32 41
411 33 41
411 34 41
411 35 41
411 36 41
411 37 41
411 38 41
411 39 41
411 40 41
412 1 41
412 2 41
412 3 41
412 4 41
412 5 41
412 6 41
412 7 41
412 8 41
412 9 41
412 10 41
412 11 41
412 12 41
412 13 41
412 14 41
412 15 41
412 16 41
412 17 41
412 18 41
412 19 41
412 20 41
412 21 41
412 22 41
412 23 41
412 24 41
412 25 41
412 26 41
412 27 41
412 28 41
412 29 41
412 30 41
412 31 41
412 32 41
412 33 41
412 34 41
412 35 41
412 36 41
412 37 41
412 38 41
412 39 41
412 40 41
413 1 41
413 2 41
413 3 41
413 4 41
413 5 41
413 6 41
413 7 41
413 8 41
413 9 41
413 10 41
413 11 41
413 12 41
413 13 41
413 14 41
413 15 41
413 16 41
413 17 41
413 18 41
413 19 41
413 20 41
413 21 41
413 22 41
413 23 41
413 24 41
413 25 41
413 26 41
413 27 41
413 28 41
413 29 41
413 30 41
413 31 41
413 32 41
413 33 41
413 34 41
413 35 41
413 36 41
413 37 41
413 38 41
413 39 41
413 40 41
414 1 41
414 2 41
414 3 41
414 4 41
414 5 41
414 6 41
414 7 41
414 8 41
414 9 41
414 10 41
414 11 41
414 12 41
414 13 41
414 14 41
414 15 41
414 16 41
414 17 41
414 18 41
414 19 41
414 20 41
414 21 41
414 22 41
414 23 41
414 24 41
414 25 41
414 26 41
414 27 41
414 28 41
414 29 41
414 30 41
414 31 41
414 32 41
414 33 41
414 34 41
414 35 41
414 36 41
414 37 41
414 38 41
414 39 41
414 40 41
415 1 41
415 2 41
415 3 41
415 4 41
415 5 41
415 6 41
415 7 41
415 8 41
415 9 41
415 10 41
415 11 41
415 12 41
415 13 41
415 14 41
415 15 41
415 16 41
415 17 41
415 18 41
415 19 41
415 20 41
415 21 41
415 22 41
415 23 41
415 24 41
415 25 41
415 26 41
415 27 41
415 28 41
415 29 41
415 30 41
415 31 41
415 32 41
415 33 41
415 34 41
415 35 41
415 36 41
415 37 41
415 38 41
415 39 41
415 40 41
416 1 41
416 2 41
416 3 41
416 4 41
416 5 41
416 6 41
416 7 41
416 8 41
416 9 41
416 10 41
416 11 41
416 12 41
416 13 41
416 14 41
416 15 41
416 16 41
416 17 41
416 18 41
416 19 41
416 20 41
416 21 41
416 22 41
416 23 41
416 24 41
416 25 41
416 26 41
416 27 41
416 28 41
416 29 41
416 30 41
416 31 41
416 32 41
416 33 41
416 34 41
416 35 41
416 36 41
416 37 41
416 38 41
416 39 41
416 40 41
417 1 41
417 2 41
417 3 41
417 4 41
417 5 41
417 6 41
417 7 41
417 8 41
417 9 41
417 10 41
417 11 41
417 12 41
417 13 41
417 14 41
417 15 41
417 16 41
417 17 41
417 18 41
417 19 41
417 20 41
417 21 41
417 22 41
417 23 41
417 24 41
417 25 41
417 26 41
417 27 41
417 28 41
417 29 41
417 30 41
417 31 41
417 32 41
417 33 41
417 34 41
417 35 41
417 36 41
417 37 41
417 38 41
417 39 41
417 40 41
418 1 41
418 2 41
418 3 41
418 4 41
418 5 41
418 6 41
418 7 41
418 8 41
418 9 41
418 10 41
418 11 41
418 12 41
418 13 41
418 14 41
418 15 41
418 16 41
418 17 41
418 18 41
418 19 41
418 20 41
418 21 41
418 22 41
418 23 41
418 24 41
418 25 41
418 26 41
418 27 41
418 28 41
418 29 41
418 30 41
418 31 41
418 32 41
418 33 41
418 34 41
418 35 41
418 36 41
418 37 41
418 38 41
418 39 41
418 40 41
419 1 41
419 2 41
419 3 41
419 4 41
419 5 41
419 6 41
419 7 41
419 8 41
419 9 41
419 10 41
419 11 41
419 12 41
419 13 41
419 14 41
419 15 41
419 16 41
419 17 41
419 18 41
419 19 41
419 20 41
419 21 41
419 22 41
419 23 41
419 24 41
419 25 41
419 26 41
419 27 41
419 28 41
419 29 41
419 30 41
419 31 41
419 32 41
419 33 41
419 34 41
419 35 41
419 36 41
419 37 41
419 38 41
419 39 41
419 40 41
420 1 41
420 2 41
420 3 41
420 4 41
420 5 41
420 6 41
420 7 41
420 8 41
420 9 41
420 10 41
420 11 41
420 12 41
420 13 41
420 14 41
420 15 41
420 16 41
420 17 41
420 18 41
420 19 41
420 20 41
421 1 41
421 2 41
421 3 41
421 4 41
421 5 41
421 6 41
421 7 41
421 8 41
421 9 41
421 10 41
421 11 41
421 12 41
421 13 41
421 14 41
421 15 41
421 16 41
421 17 41
421 18 41
421 19 41
421 20 41
422 1 41
422 2 41
422 3 41
422 4 41
422 5 41
422 6 41
422 7 41
422 8 41
422 9 41
422 10 41
422 11 41
422 12 41
422 13 41
422 14 41
422 15 41
422 16 41
422 17 41
422 18 41
422 19 41
422 20 41
423 1 41
423 2 41
423 3 41
423 4 41
423 5 41
423 6 41
423 7 41
423 8 41
423 9 41
423 10 41
423 11 41
423 12 41
423 13 41
423 14 41
423 15 41
423 16 41
423 17 41
423 18 41
423 19 41
423 20 41
424 1 41
424 2 41
424 3 41
424 4 41
424 5 41
424 6 41
424 7 41
424 8 41
424 9 41
424 10 41
424 11 41
424 12 41
424 13 41
424 14 41
424 15 41
424 16 41
424 17 41
424 18 41
424 19 41
424 20 41
425 1 41
425 2 41
425 3 41
425 4 41
425 5 41
425 6 41
425 7 41
425 8 41
425 9 41
425 10 41
425 11 41
425 12 41
425 13 41
425 14 41
425 15 41
425 16 41
425 17 41
425 18 41
425 19 41
425 20 41
426 1 41
426 2 41
426 3 41
426 4 41
426 5 41
426 6 41
426 7 41
426 8 41
426 9 41
426 10 41
426 11 41
426 12 41
426 13 41
426 14 41
426 15 41
426 16 41
426 17 41
426 18 41
426 19 41
426 20 41
427 1 41
427 2 41
427 3 41
427 4 41
427 5 41
427 6 41
427 7 41
427 8 41
427 9 41
427 10 41
427 11 41
427 12 41
427 13 41
427 14 41
427 15 41
427 16 41
427 17 41
427 18 41
427 19 41
427 20 41
428 1 41
428 2 41
428 3 41
428 4 41
428 5 41
428 6 41
428 7 41
428 8 41
428 9 41
428 10 41
428 11 41
428 12 41
428 13 41
428 14 41
428 15 41
428 16 41
428 17 41
428 18 41
428 19 41
428 20 41
429 1 41
429 2 41
429 3 41
429 4 41
429 5 41
429 6 41
429 7 41
429 8 41
429 9 41
429 10 41
429 11 41
429 12 41
429 13 41
429 14 41
429 15 41
429 16 41
429 17 41
429 18 41
429 19 41
429 20 41
430 1 41
430 2 41
430 3 41
430 4 41
430 5 41
430 6 41
430 7 41
430 8 41
430 9 41
430 10 41
430 11 41
430 12 41
430 13 41
430 14 41
430 15 41
430 16 41
430 17 41
430 18 41
430 19 41
430 20 41
431 1 41
431 2 41
431 3 41
431 4 41
431 5 41
431 6 41
431 7 41
431 8 41
431 9 41
431 10 41
431 11 41
431 12 41
431 13 41
431 14 41
431 15 41
431 16 41
431 17 41
431 18 41
431 19 41
431 20 41
432 1 41
432 2 41
432 3 41
432 4 41
432 5 41
432 6 41
432 7 41
432 8 41
432 9 41
432 10 41
432 11 41
432 12 41
432 13 41
432 14 41
432 15 41
432 16 41
432 17 41
432 18 41
432 19 41
432 20 41
433 1 41
433 2 41
433 3 41
433 4 41
433 5 41
433 6 41
433 7 41
433 8 41
433 9 41
433 10 41
433 11 41
433 12 41
433 13 41
433 14 41
433 15 41
433 16 41
433 17 41
433 18 41
433 19 41
433 20 41
434 1 41
434 2 41
434 3 41
434 4 41
434 5 41
434 6 41
434 7 41
434 8 41
434 9 41
434 10 41
434 11 41
434 12 41
434 13 41
434 14 41
434 15 41
434 16 41
434 17 41
434 18 41
434 19 41
434 20 41
435 1 41
435 2 41
435 3 41
435 4 41
435 5 41
435 6 41
435 7 41
435 8 41
435 9 41
435 10 41
435 11 41
435 12 41
435 13 41
435 14 41
435 15 41
435 16 41
435 17 41
435 18 41
435 19 41
435 20 41
436 1 41
436 2 41
436 3 41
436 4 41
436 5 41
436 6 41
436 7 41
436 8 41
436 9 41
436 10 41
436 11 41
436 12 41
436 13 41
436 14 41
436 15 41
436 16 41
436 17 41
436 18 41
436 19 41
436 20 41
437 1 41
437 2 41
437 3 41
437 4 41
437 5 41
437 6 41
437 7 41
437 8 41
437 9 41
437 10 41
437 11 41
437 12 41
437 13 41
437 14 41
437 15 41
437 16 41
437 17 41
437 18 41
437 19 41
437 20 41
438 1 41
438 2 41
438 3 41
438 4 41
438 5 41
438 6 41
438 7 41
438 8 41
438 9 41
438 10 41
438 11 41
438 12 41
438 13 41
438 14 41
438 15 41
438 16 41
438 17 41
438 18 41
438 19 41
438 20 41
439 1 41
439 2 41
439 3 41
439 4 41
439 5 41
439 6 41
439 7 41
439 8 41
439 9 41
439 10 41
439 11 41
439 12 41
439 13 41
439 14 41
439 15 41
439 16 41
439 17 41
439 18 41
439 19 41
439 20 41
400 1 73 15 0 3
400 2 91
400 3 91
400 4 91
400 5 91
400 6 91
400 7 91
400 8 91
400 9 91
400 10 91
400 11 91
400 12 91
400 13 91
400 14 91
400 15 91
400 16 91
400 17 91
400 18 91
400 19 91
400 20 91
400 21 91
400 22 91
400 23 91
400 24 91
400 25 91
400 26 91
400 27 91
400 28 91
400 29 91
400 30 91
400 31 91
400 32 91
400 33 91
400 34 91
400 35 91
400 36 91
400 37 91
400 38 91
400 39 91
400 40 91
401 1 91
401 2 91
401 3 91
401 4 91
401 5 91
401 6 91
401 7 91
401 8 91
401 9 91
401 10 91
401 11 91
401 12 91
401 13 91
401 14 91
401 15 91
401 16 91
401 17 91
401 18 91
401 19 91
401 20 91
401 21 91
401 22 91
401 23 91
401 24 91
401 25 91
401 26 91
401 27 91
401 28 91
401 29 91
401 30 91
401 31 91
401 32 91
401 33 91
401 34 91
401 35 91
401 36 91
401 37 91
401 38 91
401 39 91
401 40 91
402 1 91
402 2 91
402 3 91
402 4 91
402 5 91
402 6 91
402 7 91
402 8 91
402 9 91
402 10 91
402 11 91
402 12 91
402 13 91
402 14 91
402 15 91
402 16 91
402 17 91
402 18 91
402 19 91
402 20 91
402 21 91
402 22 91
402 23 91
402 24 91
402 25 91
402 26 91
402 27 91
402 28 91
402 29 91
402 30 91
402 31 91
402 32 91
402 33 91
402 34 91
402 35 91
402 36 91
402 37 91
402 38 91
402 39 91
402 40 91
403 1 91
403 2 91
403 3 91
403 4 91
403 5 91
403 6 91
403 7 91
403 8 91
403 9 91
403 10 91
403 11 91
403 12 91
403 13 91
403 14 91
403 15 91
403 16 91
403 17 91
403 18 91
403 19 91
403 20 91
403 21 91
403 22 91
403 23 91
403 24 91
403 25 91
403 26 91
403 27 91
403 28 91
403 29 91
403 30 91
403 31 91
403 32 91
403 33 91
403 34 91
403 35 91
403 36 91
403 37 91
403 38 91
403 39 91
403 40 91
404 1 91
404 2 91
404 3 91
404 4 91
404 5 91
404 6 91
404 7 91
404 8 91
404 9 91
404 10 91
404 11 91
404 12 91
404 13 91
404 14 91
404 15 91
404 16 91
404 17 91
404 18 91
404 19 91
404 20 91
404 21 91
404 22 91
404 23 91
404 24 91
404 25 91
404 26 91
404 27 91
404 28 91
404 29 91
404 30 91
404 31 91
404 32 91
404 33 91
404 34 91
404 35 91
404 36 91
404 37 91
404 38 91
404 39 91
404 40 91
405 1 91
405 2 91
405 3 91
405 4 91
405 5 91
405 6 91
405 7 91
405 8 91
405 9 91
405 10 91
405 11 91
405 12 91
405 13 91
405 14 91
405 15 91
405 16 91
405 17 91
405 18 91
405 19 91
405 20 91
405 21 91
405 22 91
405 23 91
405 24 91
405 25 91
405 26 91
405 27 91
405 28 91
405 29 91
405 30 91
405 31 91
405 32 91
405 33 91
405 34 91
405 35 91
405 36 91
405 37 91
405 38 91
405 39 91
405 40 91
406 1 91
406 2 91
406 3 91
406 4 91
406 5 91
406 6 91
406 7 91
406 8 91
406 9 91
406 10 91
406 11 91
406 12 91
406 13 91
406 14 91
406 15 91
406 16 91
406 17 91
406 18 91
406 19 91
406 20 91
406 21 91
406 22 91
406 23 91
406 24 91
406 25 91
406 26 91
406 27 91
406 28 91
406 29 91
406 30 91
406 31 91
406 32 91
406 33 91
406 34 91
406 35 91
406 36 91
406 37 91
406 38 91
406 39 91
406 40 91
407 1 91
407 2 91
407 3 91
407 4 91
407 5 91
407 6 91
407 7 91
407 8 91
407 9 91
407 10 91
407 11 91
407 12 91
407 13 91
407 14 91
407 15 91
407 16 91
407 17 91
407 18 91
407 19 91
407 20 91
407 21 91
407 22 91
407 23 91
407 24 91
407 25 91
407 26 91
407 27 91
407 28 91
407 29 91
407 30 91
407 31 91
407 32 91
407 33 91
407 34 91
407 35 91
407 36 91
407 37 91
407 38 91
407 39 91
407 40 91
408 1 91
408 2 91
408 3 91
408 4 91
408 5 91
408 6 91
408 7 91
408 8 91
408 9 91
408 10 91
408 11 91
408 12 91
408 13 91
408 14 91
408 15 91
408 16 91
408 17 91
408 18 91
408 19 91
408 20 91
408 21 91
408 22 91
408 23 91
408 24 91
408 25 91
408 26 91
408 27 91
408 28 91
408 29 91
408 30 91
408 31 91
408 32 91
408 33 91
408 34 91
408 35 91
408 36 91
408 37 91
408 38 91
408 39 91
408 40 91
409 1 91
409 2 91
409 3 91
409 4 91
409 5 91
409 6 91
409 7 91
409 8 91
409 9 91
409 10 91
409 11 91
409 12 91
409 13 91
409 14 91
409 15 91
409 16 91
409 17 91
409 18 91
409 19 91
409 20 91
409 21 91
409 22 91
409 23 91
409 24 91
409 25 91
409 26 91
409 27 91
409 28 91
409 29 91
409 30 91
409 31 91
409 32 91
409 33 91
409 34 91
409 35 91
409 36 91
409 37 91
409 38 91
409 39 91
409 40 91
410 1 91
410 2 91
410 3 91
410 4 91
410 5 91
410 6 91
410 7 91
410 8 91
410 9 91
410 10 91
410 11 91
410 12 91
410 13 91
410 14 91
410 15 91
410 16 91
410 17 91
410 18 91
410 19 91
410 20 91
410 21 91
410 22 91
410 23 91
410 24 91
410 25 91
410 26 91
410 27 91
410 28 91
410 29 91
410 30 91
410 31 91
410 32 91
410 33 91
410 34 91
410 35 91
410 36 91
410 37 91
410 38 91
410 39 91
410 40 91
411 1 91
411 2 91
411 3 91
411 4 91
411 5 91
411 6 91
411 7 91
411 8 91
411 9 91
411 10 91
411 11 91
411 12 91
411 13 91
411 14 91
411 15 91
411 16 91
411 17 91
411 18 91
411 19 91
411 20 91
411 21 91
411 22 91
411 23 91
411 24 91
411 25 91
411 26 91
411 27 91
411 28 91
411 29 91
411 30 91
411 31 91
411 32 91
411 33 91
411 34 91
411 35 91
411 36 91
411 37 91
411 38 91
411 39 91
411 40 91
412 1 91
412 2 91
412 3 91
412 4 91
412 5 91
412 6 91
412 7 91
412 8 91
412 9 91
412 10 91
412 11 91
412 12 91
412 13 91
412 14 91
412 15 91
412 16 91
412 17 91
412 18 91
412 19 91
412 20 91
412 21 91
412 22 91
412 23 91
412 24 91
412 25 91
412 26 91
412 27 91
412 28 91
412 29 91
412 30 91
412 31 91
412 32 91
412 33 91
412 34 91
412 35 91
412 36 91
412 37 91
412 38 91
412 39 91
412 40 91
413 1 91
413 2 91
413 3 91
413 4 91
413 5 91
413 6 91
413 7 91
413 8 91
413 9 91
413 10 91
413 11 91
413 12 91
413 13 91
413 14 91
413 15 91
413 16 91
413 17 91
413 18 91
413 19 91
413 20 91
413 21 91
413 22 91
413 23 91
413 24 91
413 25 91
413 26 91
413 27 91
413 28 91
413 29 91
413 30 91
413 31 91
413 32 91
413 33 91
413 34 91
413 35 91
413 36 91
413 37 91
413 38 91
413 39 91
413 40 91
414 1 91
414 2 91
414 3 91
414 4 91
414 5 91
414 6 91
414 7 91
414 8 91
414 9 91
414 10 91
414 11 91
414 12 91
414 13 91
414 14 91
414 15 91
414 16 91
414 17 91
414 18 91
414 19 91
414 20 91
414 21 91
414 22 91
414 23 91
414 24 91
414 25 91
414 26 91
414 27 91
414 28 91
414 29 91
414 30 91
414 31 91
414 32 91
414 33 91
414 34 91
414 35 91
414 36 91
414 37 91
414 38 91
414 39 91
414 40 91
415 1 91
415 2 91
415 3 91
415 4 91
415 5 91
415 6 91
415 7 91
415 8 91
415 9 91
415 10 91
415 11 91
415 12 91
415 13 91
415 14 91
415 15 91
415 16 91
415 17 91
415 18 91
415 19 91
415 20 91
415 21 91
415 22 91
415 23 91
415 24 91
415 25 91
415 26 91
415 27 91
415 28 91
415 29 91
415 30 91
415 31 91
415 32 91
415 33 91
415 34 91
415 35 91
415 36 91
415 37 91
415 38 91
415 39 91
415 40 91
416 1 91
416 2 91
416 3 91
416 4 91
416 5 91
416 6 91
416 7 91
416 8 91
416 9 91
416 10 91
416 11 91
416 12 91
416 13 91
416 14 91
416 15 91
416 16 91
416 17 91
416 18 91
416 19 91
416 20 91
416 21 91
416 22 91
416 23 91
416 24 91
416 25 91
416 26 91
416 27 91
416 28 91
416 29 91
416 30 91
416 31 91
416 32 91
416 33 91
416 34 91
416 35 91
416 36 91
416 37 91
416 38 91
416 39 91
416 40 91
417 1 91
417 2 91
417 3 91
417 4 91
417 5 91
417 6 91
417 7 91
417 8 91
417 9 91
417 10 91
417 11 91
417 12 91
417 13 91
417 14 91
417 15 91
417 16 91
417 17 91
417 18 91
417 19 91
417 20 91
417 21 91
417 22 91
417 23 91
417 24 91
417 25 91
417 26 91
417 27 91
417 28 91
417 29 91
417 30 91
417 31 91
417 32 91
417 33 91
417 34 91
417 35 91
417 36 91
417 37 91
417 38 91
417 39 91
417 40 91
418 1 91
418 2 91
418 3 91
418 4 91
418 5 91
418 6 91
418 7 91
418 8 91
418 9 91
418 10 91
418 11 91
418 12 91
418 13 91
418 14 91
418 15 91
418 16 91
418 17 91
418 18 91
418 19 91
418 20 91
418 21 91
418 22 91
418 23 91
418 24 91
418 25 91
418 26 91
418 27 91
418 28 91
418 29 91
418 30 91
418 31 91
418 32 91
418 33 91
418 34 91
418 35 91
418 36 91
418 37 91
418 38 91
418 39 91
418 40 91
419 1 91
419 2 91
419 3 91
419 4 91
419 5 91
419 6 91
419 7 91
419 8 91
419 9 91
419 10 91
419 11 91
419 12 91
419 13 91
419 14 91
419 15 91
419 16 91
419 17 91
419 18 91
419 19 91
419 20 91
419 21 91
419 22 91
419 23 91
419 24 91
419 25 91
419 26 91
419 27 91
419 28 91
419 29 91
419 30 91
419 31 91
419 32 91
419 33 91
419 34 91
419 35 91
419 36 91
419 37 91
419 38 91
419 39 91
419 40 91
420 1 91
420 2 91
420 3 91
420 4 91
420 5 91
420 6 91
420 7 91
420 8 91
420 9 91
420 10 91
420 11 91
420 12 91
420 13 91
420 14 91
420 15 91
420 16 91
420 17 91
420 18 91
420 19 91
420 20 91
421 1 91
421 2 91
421 3 91
421 4 91
421 5 91
421 6 91
421 7 91
421 8 91
421 9 91
421 10 91
421 11 91
421 12 91
421 13 91
421 14 91
421 15 91
421 16 91
421 17 91
421 18 91
421 19 91
421 20 91
422 1 91
422 2 91
422 3 91
422 4 91
422 5 91
422 6 91
422 7 91
422 8 91
422 9 91
422 10 91
422 11 91
422 12 91
422 13 91
422 14 91
422 15 91
422 16 91
422 17 91
422 18 91
422 19 91
422 20 91
423 1 91
423 2 91
423 3 91
423 4 91
423 5 91
423 6 91
423 7 91
423 8 91
423 9 91
423 10 91
423 11 91
423 12 91
423 13 91
423 14 91
423 15 91
423 16 91
423 17 91
423 18 91
423 19 91
423 20 91
424 1 91
424 2 91
424 3 91
424 4 91
424 5 91
424 6 91
424 7 91
424 8 91
424 9 91
424 10 91
424 11 91
424 12 91
424 13 91
424 14 91
424 15 91
424 16 91
424 17 91
424 18 91
424 19 91
424 20 91
425 1 91
425 2 91
425 3 91
425 4 91
425 5 91
425 6 91
425 7 91
425 8 91
425 9 91
425 10 91
425 11 91
425 12 91
425 13 91
425 14 91
425 15 91
425 16 91
425 17 91
425 18 91
425 19 91
425 20 91
426 1 91
426 2 91
426 3 91
426 4 91
426 5 91
426 6 91
426 7 91
426 8 91
426 9 91
426 10 91
426 11 91
426 12 91
426 13 91
426 14 91
426 15 91
426 16 91
426 17 91
426 18 91
426 19 91
426 20 91
427 1 91
427 2 91
427 3 91
427 4 91
427 5 91
427 6 91
427 7 91
427 8 91
427 9 91
427 10 91
427 11 91
427 12 91
427 13 91
427 14 91
427 15 91
427 16 91
427 17 91
427 18 91
427 19 91
427 20 91
428 1 91
428 2 91
428 3 91
428 4 91
428 5 91
428 6 91
428 7 91
428 8 91
428 9 91
428 10 91
428 11 91
428 12 91
428 13 91
428 14 91
428 15 91
428 16 91
428 17 91
428 18 91
428 19 91
428 20 91
429 1 91
429 2 91
429 3 91
429 4 91
429 5 91
429 6 91
429 7 91
429 8 91
429 9 91
429 10 91
429 11 91
429 12 91
429 13 91
429 14 91
429 15 91
429 16 91
429 17 91
429 18 91
429 19 91
429 20 91
430 1 91
430 2 91
430 3 91
430 4 91
430 5 91
430 6 91
430 7 91
430 8 91
430 9 91
430 10 91
430 11 91
430 12 91
430 13 91
430 14 91
430 15 91
430 16 91
430 17 91
430 18 91
430 19 91
430 20 91
431 1 91
431 2 91
431 3 91
431 4 91
431 5 91
431 6 91
431 7 91
431 8 91
431 9 91
431 10 91
431 11 91
431 12 91
431 13 91
431 14 91
431 15 91
431 16 91
431 17 91
431 18 91
431 19 91
431 20 91
432 1 91
432 2 91
432 3 91
432 4 91
432 5 91
432 6 91
432 7 91
432 8 91
432 9 91
432 10 91
432 11 91
432 12 91
432 13 91
432 14 91
432 15 91
432 16 91
432 17 91
432 18 91
432 19 91
432 20 91
433 1 91
433 2 91
433 3 91
433 4 91
433 5 91
433 6 91
433 7 91
433 8 91
433 9 91
433 10 91
433 11 91
433 12 91
433 13 91
433 14 91
433 15 91
433 16 91
433 17 91
433 18 91
433 19 91
433 20 91
434 1 91
434 2 91
434 3 91
434 4 91
434 5 91
434 6 91
434 7 91
434 8 91
434 9 91
434 10 91
434 11 91
434 12 91
434 13 91
434 14 91
434 15 91
434 16 91
434 17 91
434 18 91
434 19 91
434 20 91
435 1 91
435 2 91
435 3 91
435 4 91
435 5 91
435 6 91
435 7 91
435 8 91
435 9 91
435 10 91
435 11 91
435 12 91
435 13 91
435 14 91
435 15 91
435 16 91
435 17 91
435 18 91
435 19 91
435 20 91
436 1 91
436 2 91
436 3 91
436 4 91
436 5 91
436 6 91
436 7 91
436 8 91
436 9 91
436 10 91
436 11 91
436 12 91
436 13 91
436 14 91
436 15 91
436 16 91
436 17 91
436 18 91
436 19 91
436 20 91
437 1 91
437 2 91
437 3 91
437 4 91
437 5 91
437 6 91
437 7 91
437 8 91
437 9 91
437 10 91
437 11 91
437 12 91
437 13 91
437 14 91
437 15 91
437 16 91
437 17 91
437 18 91
437 19 91
437 20 91
438 1 91
438 2 91
438 3 91
438 4 91
438 5 91
438 6 91
438 7 91
438 8 91
438 9 91
438 10 91
438 11 91
438 12 91
438 13 91
438 14 91
438 15 91
438 16 91
438 17 91
438 18 91
438 19 91
438 20 91
439 1 91
439 2 91
439 3 91
439 4 91
439 5 91
439 6 91
439 7 91
439 8 91
439 9 91
439 10 91
439 11 91
439 12 91
439 13 91
439 14 91
439 15 91
439 16 91
439 17 91
439 18 91
439 19 91
439 20 91
400 1 109 29 0 3
400 2 141
400 3 141
400 4 141
400 5 141
400 6 141
400 7 141
400 8 141
400 9 141
400 10 141
400 11 141
400 12 141
400 13 141
400 14 141
400 15 141
400 16 141
400 17 141
400 18 141
400 19 141
400 20 141
400 21 141
400 22 141
400 23 141
400 24 141
400 25 141
400 26 141
400 27 141
400 28 141
400 29 141
400 30 141
400 31 141
400 32 141
400 33 141
400 34 141
400 35 141
400 36 141
400 37 141
400 38 141
400 39 141
400 40 141
401 1 141
401 2 141
401 3 141
401 4 141
401 5 141
401 6 141
401 7 141
401 8 141
401 9 141
401 10 141
401 11 141
401 12 141
401 13 141
401 14 141
401 15 141
401 16 141
401 17 141
401 18 141
401 19 141
401 20 141
401 21 141
401 22 141
401 23 141
401 24 141
401 25 141
401 26 141
401 27 141
401 28 141
401 29 141
401 30 141
401 31 141
401 32 141
401 33 141
401 34 141
401 35 141
401 36 141
401 37 141
401 38 141
401 39 141
401 40 141
402 1 141
402 2 141
402 3 141
402 4 141
402 5 141
402 6 141
402 7 141
402 8 141
402 9 141
402 10 141
402 11 141
402 12 141
402 13 141
402 14 141
402 15 141
402 16 141
402 17 141
402 18 141
402 19 141
402 20 141
402 21 141
402 22 141
402 23 141
402 24 141
402 25 141
402 26 141
402 27 141
402 28 141
402 29 141
402 30 141
402 31 141
402 32 141
402 33 141
402 34 141
402 35 141
402 36 141
402 37 141
402 38 141
402 39 141
402 40 141
403 1 141
403 2 141
403 3 141
403 4 141
403 5 141
403 6 141
403 7 141
403 8 141
403 9 141
403 10 141
403 11 141
403 12 141
403 13 141
403 14 141
403 15 141
403 16 141
403 17 141
403 18 141
403 19 141
403 20 141
403 21 141
403 22 141
403 23 141
403 24 141
403 25 141
403 26 141
403 27 141
403 28 141
403 29 141
403 30 141
403 31 141
403 32 141
403 33 141
403 34 141
403 35 141
403 36 141
403 37 141
403 38 141
403 39 141
403 40 141
404 1 141
404 2 141
404 3 141
404 4 141
404 5 141
404 6 141
404 7 141
404 8 141
404 9 141
404 10 141
404 11 141
404 12 141
404 13 141
404 14 141
404 15 141
404 16 141
404 17 141
404 18 141
404 19 141
404 20 141
404 21 141
404 22 141
404 23 141
404 24 141
404 25 141
404 26 141
404 27 141
404 28 141
404 29 141
404 30 141
404 31 141
404 32 141
404 33 141
404 34 141
404 35 141
404 36 141
404 37 141
404 38 141
404 39 141
404 40 141
405 1 141
405 2 141
405 3 141
405 4 141
405 5 141
405 6 141
405 7 141
405 8 141
405 9 141
405 10 141
405 11 141
405 12 141
405 13 141
405 14 141
405 15 141
405 16 141
405 17 141
405 18 141
405 19 141
405 20 141
405 21 141
405 22 141
405 23 141
405 24 141
405 25 141
405 26 141
405 27 141
405 28 141
405 29 141
405 30 141
405 31 141
405 32 141
405 33 141
405 34 141
405 35 141
405 36 141
405 37 141
405 38 141
405 39 141
405 40 141
406 1 141
406 2 141
406 3 141
406 4 141
406 5 141
406 6 141
406 7 141
406 8 141
406 9 141
406 10 141
406 11 141
406 12 141
406 13 141
406 14 141
406 15 141
406 16 141
406 17 141
406 18 141
406 19 141
406 20 141
406 21 141
406 22 141
406 23 141
406 24 141
406 25 141
406 26 141
406 27 141
406 28 141
406 29 141
406 30 141
406 31 141
406 32 141
406 33 141
406 34 141
406 35 141
406 36 141
406 37 141
406 38 141
406 39 141
406 40 141
407 1 141
407 2 141
407 3 141
407 4 141
407 5 141
407 6 141
407 7 141
407 8 141
407 9 141
407 10 141
407 11 141
407 12 141
407 13 141
407 14 141
407 15 141
407 16 141
407 17 141
407 18 141
407 19 141
407 20 141
407 21 141
407 22 141
407 23 141
407 24 141
407 25 141
407 26 141
407 27 141
407 28 141
407 29 141
407 30 141
407 31 141
407 32 141
407 33 141
407 34 141
407 35 141
407 36 141
407 37 141
407 38 141
407 39 141
407 40 141
408 1 141
408 2 141
408 3 141
408 4 141
408 5 141
408 6 141
408 7 141
408 8 141
408 9 141
408 10 141
408 11 141
408 12 141
408 13 141
408 14 141
408 15 141
408 16 141
408 17 141
408 18 141
408 19 141
408 20 141
408 21 141
408 22 141
408 23 141
408 24 141
408 25 141
408 26 141
408 27 141
408 28 141
408 29 141
408 30 141
408 31 141
408 32 141
408 33 141
408 34 141
408 35 141
408 36 141
408 37 141
408 38 141
408 39 141
408 40 141
409 1 141
409 2 141
409 3 141
409 4 141
409 5 141
409 6 141
409 7 141
409 8 141
409 9 141
409 10 141
409 11 141
409 12 141
409 13 141
409 14 141
409 15 141
409 16 141
409 17 141
409 18 141
409 19 141
409 20 141
409 21 141
409 22 141
409 23 141
409 24 141
409 25 141
409 26 141
409 27 141
409 28 141
409 29 141
409 30 141
409 31 141
409 32 141
409 33 141
409 34 141
409 35 141
409 36 141
409 37 141
409 38 141
409 39 141
409 40 141
410 1 141
410 2 141
410 3 141
410 4 141
410 5 141
410 6 141
410 7 141
410 8 141
410 9 141
410 10 141
410 11 141
410 12 141
410 13 141
410 14 141
410 15 141
410 16 141
410 17 141
410 18 141
410 19 141
410 20 141
410 21 141
410 22 141
410 23 141
410 24 141
410 25 141
410 26 141
410 27 141
410 28 141
410 29 141
410 30 141
410 31 141
410 32 141
410 33 141
410 34 141
410 35 141
410 36 141
410 37 141
410 38 141
410 39 141
410 40 141
411 1 141
411 2 141
411 3 141
411 4 141
411 5 141
411 6 141
411 7 141
411 8 141
411 9 141
411 10 141
411 11 141
411 12 141
411 13 141
411 14 141
411 15 141
411 16 141
411 17 141
411 18 141
411 19 141
411 20 141
411 21 141
411 22 141
411 23 141
411 24 141
411 25 141
411 26 141
411 27 141
411 28 141
411 29 141
411 30 141
411 31 141
411 32 141
411 33 141
411 34 141
411 35 141
411 36 141
411 37 141
411 38 141
411 39 141
411 40 141
412 1 141
412 2 141
412 3 141
412 4 141
412 5 141
412 6 141
412 7 141
412 8 141
412 9 141
412 10 141
412 11 141
412 12 141
412 13 141
412 14 141
412 15 141
412 16 141
412 17 141
412 18 141
412 19 141
412 20 141
412 21 141
412 22 141
412 23 141
412 24 141
412 25 141
412 26 141
412 27 141
412 28 141
412 29 141
412 30 141
412 31 141
412 32 141
412 33 141
412 34 141
412 35 141
412 36 141
412 37 141
412 38 141
412 39 141
412 40 141
413 1 141
413 2 141
413 3 141
413 4 141
413 5 141
413 6 141
413 7 141
413 8 141
413 9 141
413 10 141
413 11 141
413 12 141
413 13 141
413 14 141
413 15 141
413 16 141
413 17 141
413 18 141
413 19 141
413 20 141
413 21 141
413 22 141
413 23 141
413 24 141
413 25 141
413 26 141
413 27 141
413 28 141
413 29 141
413 30 141
413 31 141
413 32 141
413 33 141
413 34 141
413 35 141
413 36 141
413 37 141
413 38 141
413 39 141
413 40 141
414 1 141
414 2 141
414 3 141
414 4 141
414 5 141
414 6 141
414 7 141
414 8 141
414 9 141
414 10 141
414 11 141
414 12 141
414 13 141
414 14 141
414 15 141
414 16 141
414 17 141
414 18 141
414 19 141
414 20 141
414 21 141
414 22 141
414 23 141
414 24 141
414 25 141
414 26 141
414 27 141
414 28 141
414 29 141
414 30 141
414 31 141
414 32 141
414 33 141
414 34 141
414 35 141
414 36 141
414 37 141
414 38 141
414 39 141
414 40 141
415 1 141
415 2 141
415 3 141
415 4 141
415 5 141
415 6 141
415 7 141
415 8 141
415 9 141
415 10 141
415 11 141
415 12 141
415 13 141
415 14 141
415 15 141
415 16 141
415 17 141
415 18 141
415 19 141
415 20 141
415 21 141
415 22 141
415 23 141
415 24 141
415 25 141
415 26 141
415 27 141
415 28 141
415 29 141
415 30 141
415 31 141
415 32 141
415 33 141
415 34 141
415 35 141
415 36 141
415 37 141
415 38 141
415 39 141
415 40 141
416 1 141
416 2 141
416 3 141
416 4 141
416 5 141
416 6 141
416 7 141
416 8 141
416 9 141
416 10 141
416 11 141
416 12 141
416 13 141
416 14 141
416 15 141
416 16 141
416 17 141
416 18 141
416 19 141
416 20 141
416 21 141
416 22 141
416 23 141
416 24 141
416 25 141
416 26 141
416 27 141
416 28 141
416 29 141
416 30 141
416 31 141
416 32 141
416 33 141
416 34 141
416 35 141
416 36 141
416 37 141
416 38 141
416 39 141
416 40 141
417 1 141
417 2 141
417 3 141
417 4 141
417 5 141
417 6 141
417 7 141
417 8 141
417 9 141
417 10 141
417 11 141
417 12 141
417 13 141
417 14 141
417 15 141
417 16 141
417 17 141
417 18 141
417 19 141
417 20 141
417 21 141
417 22 141
417 23 141
417 24 141
417 25 141
417 26 141
417 27 141
417 28 141
417 29 141
417 30 141
417 31 141
417 32 141
417 33 141
417 34 141
417 35 141
417 36 141
417 37 141
417 38 141
417 39 141
417 40 141
418 1 141
418 2 141
418 3 141
418 4 141
418 5 141
418 6 141
418 7 141
418 8 141
418 9 141
418 10 141
418 11 141
418 12 141
418 13 141
418 14 141
418 15 141
418 16 141
418 17 141
418 18 141
418 19 141
418 20 141
418 21 141
418 22 141
418 23 141
418 24 141
418 25 141
418 26 141
418 27 141
418 28 141
418 29 141
418 30 141
418 31 141
418 32 141
418 33 141
418 34 141
418 35 141
418 36 141
418 37 141
418 38 141
418 39 141
418 40 141
419 1 141
419 2 141
419 3 141
419 4 141
419 5 141
419 6 141
419 7 141
419 8 141
419 9 141
419 10 141
419 11 141
419 12 141
419 13 141
419 14 141
419 15 141
419 16 141
419 17 141
419 18 141
419 19 141
419 20 141
419 21 141
419 22 141
419 23 141
419 24 141
419 25 141
419 26 141
419 27 141
419 28 141
419 29 141
419 30 141
419 31 141
419 32 141
419 33 141
419 34 141
419 35 141
419 36 141
419 37 141
419 38 141
419 39 141
419 40 141
420 1 141
420 2 141
420 3 141
420 4 141
420 5 141
420 6 141
420 7 141
420 8 141
420 9 141
420 10 141
420 11 141
420 12 141
420 13 141
420 14 141
420 15 141
420 16 141
420 17 141
420 18 141
420 19 141
420 20 141
421 1 141
421 2 141
421 3 141
421 4 141
421 5 141
421 6 141
421 7 141
421 8 141
421 9 141
421 10 141
421 11 141
421 12 141
421 13 141
421 14 141
421 15 141
421 16 141
421 17 141
421 18 141
421 19 141
421 20 141
422 1 141
422 2 141
422 3 141
422 4 141
422 5 141
422 6 141
422 7 141
422 8 141
422 9 141
422 10 141
422 11 141
422 12 141
422 13 141
422 14 141
422 15 141
422 16 141
422 17 141
422 18 141
422 19 141
422 20 141
423 1 141
423 2 141
423 3 141
423 4 141
423 5 141
423 6 141
423 7 141
423 8 141
423 9 141
423 10 141
423 11 141
423 12 141
423 13 141
423 14 141
423 15 141
423 16 141
423 17 141
423 18 141
423 19 141
423 20 141
424 1 141
424 2 141
424 3 141
424 4 141
424 5 141
424 6 141
424 7 141
424 8 141
424 9 141
424 10 141
424 11 141
424 12 141
424 13 141
424 14 141
424 15 141
424 16 141
424 17 141
424 18 141
424 19 141
424 20 141
425 1 141
425 2 141
425 3 141
425 4 141
425 5 141
425 6 141
425 7 141
425 8 141
425 9 141
425 10 141
425 11 141
425 12 141
425 13 141
425 14 141
425 15 141
425 16 141
425 17 141
425 18 141
425 19 141
425 20 141
426 1 141
426 2 141
426 3 141
426 4 141
426 5 141
426 6 141
426 7 141
426 8 141
426 9 141
426 10 141
426 11 141
426 12 141
426 13 141
426 14 141
426 15 141
426 16 141
426 17 141
426 18 141
426 19 141
426 20 141
427 1 141
427 2 141
427 3 141
427 4 141
427 5 141
427 6 141
427 7 141
427 8 141
427 9 141
427 10 141
427 11 141
427 12 141
427 13 141
427 14 141
427 15 141
427 16 141
427 17 141
427 18 141
427 19 141
427 20 141
428 1 141
428 2 141
428 3 141
428 4 141
428 5 141
428 6 141
428 7 141
428 8 141
428 9 141
428 10 141
428 11 141
428 12 141
428 13 141
428 14 141
428 15 141
428 16 141
428 17 141
428 18 141
428 19 141
428 20 141
429 1 141
429 2 141
429 3 141
429 4 141
429 5 141
429 6 141
429 7 141
429 8 141
429 9 141
429 10 141
429 11 141
429 12 141
429 13 141
429 14 141
429 15 141
429 16 141
429 17 141
429 18 141
429 19 141
429 20 141
430 1 141
430 2 141
430 3 141
430 4 141
430 5 141
430 6 141
430 7 141
430 8 141
430 9 141
430 10 141
430 11 141
430 12 141
430 13 141
430 14 141
430 15 141
430 16 141
430 17 141
430 18 141
430 19 141
430 20 141
431 1 141
431 2 141
431 3 141
431 4 141
431 5 141
431 6 141
431 7 141
431 8 141
431 9 141
431 10 141
431 11 141
431 12 141
431 13 141
431 14 141
431 15 141
431 16 141
431 17 141
431 18 141
431 19 141
431 20 141
432 1 141
432 2 141
432 3 141
432 4 141
432 5 141
432 6 141
432 7 141
432 8 141
432 9 141
432 10 141
432 11 141
432 12 141
432 13 141
432 14 141
432 15 141
432 16 141
432 17 141
432 18 141
432 19 141
432 20 141
433 1 141
433 2 141
433 3 141
433 4 141
433 5 141
433 6 141
433 7 141
433 8 141
433 9 141
433 10 141
433 11 141
433 12 141
433 13 141
433 14 141
433 15 141
433 16 141
433 17 141
433 18 141
433 19 141
433 20 141
434 1 141
434 2 141
434 3 141
434 4 141
434 5 141
434 6 141
434 7 141
434 8 141
434 9 141
434 10 141
434 11 141
434 12 141
434 13 141
434 14 141
434 15 141
434 16 141
434 17 141
434 18 141
434 19 141
434 20 141
435 1 141
435 2 141
435 3 141
435 4 141
435 5 141
435 6 141
435 7 141
435 8 141
435 9 141
435 10 141
435 11 141
435 12 141
435 13 141
435 14 141
435 15 141
435 16 141
435 17 141
435 18 141
435 19 141
435 20 141
436 1 141
436 2 141
436 3 141
436 4 141
436 5 141
436 6 141
436 7 141
436 8 141
436 9 141
436 10 141
436 11 141
436 12 141
436 13 141
436 14 141
436 15 141
436 16 141
436 17 141
436 18 141
436 19 141
436 20 141
437 1 141
437 2 141
437 3 141
437 4 141
437 5 141
437 6 141
437 7 141
437 8 141
437 9 141
437 10 141
437 11 141
437 12 141
437 13 141
437 14 141
437 15 141
437 16 141
437 17 141
437 18 141
437 19 141
437 20 141
438 1 141
438 2 141
438 3 141
438 4 141
438 5 141
438 6 141
438 7 141
438 8 141
438 9 141
438 10 141
438 11 141
438 12 141
438 13 141
438 14 141
438 15 141
438 16 141
438 17 141
438 18 141
438 19 141
438 20 141
439 1 141
439 2 141
439 3 141
439 4 141
439 5 141
439 6 141
439 7 141
439 8 141
439 9 141
439 10 141
439 11 141
439 12 141
439 13 141
439 14 141
439 15 141
439 16 141
439 17 141
439 18 141
439 19 141
439 20 141
400 1 146 42 0 3
400 2 191
400 3 191
400 4 191
400 5 191
400 6 191
400 7 191
400 8 191
400 9 191
400 10 191
400 11 191
400 12 191
400 13 191
400 14 191
400 15 191
400 16 191
400 17 191
400 18 191
400 19 191
400 20 191
400 21 191
400 22 191
400 23 191
400 24 191
400 25 191
400 26 191
400 27 191
400 28 191
400 29 191
400 30 191
400 31 191
400 32 191
400 33 191
400 34 191
400 35 191
400 36 191
400 37 191
400 38 191
400 39 191
400 40 191
401 1 191
401 2 191
401 3 191
401 4 191
401 5 191
401 6 191
401 7 191
401 8 191
401 9 191
401 10 191
401 11 191
401 12 191
401 13 191
401 14 191
401 15 191
401 16 191
401 17 191
401 18 191
401 19 191
401 20 191
401 21 191
401 22 191
401 23 191
401 24 191
401 25 191
401 26 191
401 27 191
401 28 191
401 29 191
401 30 191
401 31 191
401 32 191
401 33 191
401 34 191
401 35 191
401 36 191
401 37 191
401 38 191
401 39 191
401 40 191
402 1 191
402 2 191
402 3 191
402 4 191
402 5 191
402 6 191
402 7 191
402 8 191
402 9 191
402 10 191
402 11 191
402 12 191
402 13 191
402 14 191
402 15 191
402 16 191
402 17 191
402 18 191
402 19 191
402 20 191
402 21 191
402 22 191
402 23 191
402 24 191
402 25 191
402 26 191
402 27 191
402 28 191
402 29 191
402 30 191
402 31 191
402 32 191
402 33 191
402 34 191
402 35 191
402 36 191
402 37 191
402 38 191
402 39 191
402 40 191
403 1 191
403 2 191
403 3 191
403 4 191
403 5 191
403 6 191
403 7 191
403 8 191
403 9 191
403 10 191
403 11 191
403 12 191
403 13 191
403 14 191
403 15 191
403 16 191
403 17 191
403 18 191
403 19 191
403 20 191
403 21 191
403 22 191
403 23 191
403 24 191
403 25 191
403 26 191
403 27 191
403 28 191
403 29 191
403 30 191
403 31 191
403 32 191
403 33 191
403 34 191
403 35 191
403 36 191
403 37 191
403 38 191
403 39 191
403 40 191
404 1 191
404 2 191
404 3 191
404 4 191
404 5 191
404 6 191
404 7 191
404 8 191
404 9 191
404 10 191
404 11 191
404 12 191
404 13 191
404 14 191
404 15 191
404 16 191
404 17 191
404 18 191
404 19 191
404 20 191
404 21 191
404 22 191
404 23 191
404 24 191
404 25 191
404 26 191
404 27 191
404 28 191
404 29 191
404 30 191
404 31 191
404 32 191
404 33 191
404 34 191
404 35 191
404 36 191
404 37 191
404 38 191
404 39 191
404 40 191
405 1 191
405 2 191
405 3 191
405 4 191
405 5 191
405 6 191
405 7 191
405 8 191
405 9 191
405 10 191
405 11 191
405 12 191
405 13 191
405 14 191
405 15 191
405 16 191
405 17 191
405 18 191
405 19 191
405 20 191
405 21 191
405 22 191
405 23 191
405 24 191
405 25 191
405 26 191
405 27 191
405 28 191
405 29 191
405 30 191
405 31 191
405 32 191
405 33 191
405 34 191
405 35 191
405 36 191
405 37 191
405 38 191
405 39 191
405 40 191
406 1 191
406 2 191
406 3 191
406 4 191
406 5 191
406 6 191
406 7 191
406 8 191
406 9 191
406 10 191
406 11 191
406 12 191
406 13 191
406 14 191
406 15 191
406 16 191
406 17 191
406 18 191
406 19 191
406 20 191
406 21 191
406 22 191
406 23 191
406 24 191
406 25 191
406 26 191
406 27 191
406 28 191
406 29 191
406 30 191
406 31 191
406 32 191
406 33 191
406 34 191
406 35 191
406 36 191
406 37 191
406 38 191
406 39 191
406 40 191
407 1 191
407 2 191
407 3 191
407 4 191
407 5 191
407 6 191
407 7 191
407 8 191
407 9 191
407 10 191
407 11 191
407 12 191
407 13 191
407 14 191
407 15 191
407 16 191
407 17 191
407 18 191
407 19 191
407 20 191
407 21 191
407 22 191
407 23 191
407 24 191
407 25 191
407 26 191
407 27 191
407 28 191
407 29 191
407 30 191
407 31 191
407 32 191
407 33 191
407 34 191
407 35 191
407 36 191
407 37 191
407 38 191
407 39 191
407 40 191
408 1 191
408 2 191
408 3 191
408 4 191
408 5 191
408 6 191
408 7 191
408 8 191
408 9 191
408 10 191
408 11 191
408 12 191
408 13 191
408 14 191
408 15 191
408 16 191
408 17 191
408 18 191
408 19 191
408 20 191
408 21 191
408 22 191
408 23 191
408 24 191
408 25 191
408 26 191
408 27 191
408 28 191
408 29 191
408 30 191
408 31 191
408 32 191
408 33 191
408 34 191
408 35 191
408 36 191
408 37 191
408 38 191
408 39 191
408 40 191
409 1 191
409 2 191
409 3 191
409 4 191
409 5 191
409 6 191
409 7 191
409 8 191
409 9 191
409 10 191
409 11 191
409 12 191
409 13 191
409 14 191
409 15 191
409 16 191
409 17 191
409 18 191
409 19 191
409 20 191
409 21 191
409 22 191
409 23 191
409 24 191
409 25 191
409 26 191
409 27 191
409 28 191
409 29 191
409 30 191
409 31 191
409 32 191
409 33 191
409 34 191
409 35 191
409 36 191
409 37 191
409 38 191
409 39 191
409 40 191
410 1 191
410 2 191
410 3 191
410 4 191
410 5 191
410 6 191
410 7 191
410 8 191
410 9 191
410 10 191
410 11 191
410 12 191
410 13 191
410 14 191
410 15 191
410 16 191
410 17 191
410 18 191
410 19 191
410 20 191
410 21 191
410 22 191
410 23 191
410 24 191
410 25 191
410 26 191
410 27 191
410 28 191
410 29 191
410 30 191
410 31 191
410 32 191
410 33 191
410 34 191
410 35 191
410 36 191
410 37 191
410 38 191
410 39 191
410 40 191
411 1 191
411 2 191
411 3 191
411 4 191
411 5 191
411 6 191
411 7 191
411 8 191
411 9 191
411 10 191
411 11 191
411 12 191
411 13 191
411 14 191
411 15 191
411 16 191
411 17 191
411 18 191
411 19 191
411 20 191
411 21 191
411 22 191
411 23 191
411 24 191
411 25 191
411 26 191
411 27 191
411 28 191
411 29 191
411 30 191
411 31 191
411 32 191
411 33 191
411 34 191
411 35 191
411 36 191
411 37 191
411 38 191
411 39 191
411 40 191
412 1 191
412 2 191
412 3 191
412 4 191
412 5 191
412 6 191
412 7 191
412 8 191
412 9 191
412 10 191
412 11 191
412 12 191
412 13 191
412 14 191
412 15 191
412 16 191
412 17 191
412 18 191
412 19 191
412 20 191
412 21 191
412 22 191
412 23 191
412 24 191
412 25 191
412 26 191
412 27 191
412 28 191
412 29 191
412 30 191
412 31 191
412 32 191
412 33 191
412 34 191
412 35 191
412 36 191
412 37 191
412 38 191
412 39 191
412 40 191
413 1 191
413 2 191
413 3 191
413 4 191
413 5 191
413 6 191
413 7 191
413 8 191
413 9 191
413 10 191
413 11 191
413 12 191
413 13 191
413 14 191
413 15 191
413 16 191
413 17 191
413 18 191
413 19 191
413 20 191
413 21 191
413 22 191
413 23 191
413 24 191
413 25 191
413 26 191
413 27 191
413 28 191
413 29 191
413 30 191
413 31 191
413 32 191
413 33 191
413 34 191
413 35 191
413 36 191
413 37 191
413 38 191
413 39 191
413 40 191
414 1 191
414 2 191
414 3 191
414 4 191
414 5 191
414 6 191
414 7 191
414 8 191
414 9 191
414 10 191
414 11 191
414 12 191
414 13 191
414 14 191
414 15 191
414 16 191
414 17 191
414 18 191
414 19 191
414 20 191
414 21 191
414 22 191
414 23 191
414 24 191
414 25 191
414 26 191
414 27 191
414 28 191
414 29 191
414 30 191
414 31 191
414 32 191
414 33 191
414 34 191
414 35 191
414 36 191
414 37 191
414 38 191
414 39 191
414 40 191
415 1 191
415 2 191
415 3 191
415 4 191
415 5 191
415 6 191
415 7 191
415 8 191
415 9 191
415 10 191
415 11 191
415 12 191
415 13 191
415 14 191
415 15 191
415 16 191
415 17 191
415 18 191
415 19 191
415 20 191
415 21 191
415 22 191
415 23 191
415 24 191
415 25 191
415 26 191
415 27 191
415 28 191
415 29 191
415 30 191
415 31 191
415 32 191
415 33 191
415 34 191
415 35 191
415 36 191
415 37 191
415 38 191
415 39 191
415 40 191
416 1 191
416 2 191
416 3 191
416 4 191
416 5 191
416 6 191
416 7 191
416 8 191
416 9 191
416 10 191
416 11 191
416 12 191
416 13 191
416 14 191
416 15 191
416 16 191
416 17 191
416 18 191
416 19 191
416 20 191
416 21 191
416 22 191
416 23 191
416 24 191
416 25 191
416 26 191
416 27 191
416 28 191
416 29 191
416 30 191
416 31 191
416 32 191
416 33 191
416 34 191
416 35 191
416 36 191
416 37 191
416 38 191
416 39 191
416 40 191
417 1 191
417 2 191
417 3 191
417 4 191
417 5 191
417 6 191
417 7 191
417 8 191
417 9 191
417 10 191
417 11 191
417 12 191
417 13 191
417 14 191
417 15 191
417 16 191
417 17 191
417 18 191
417 19 191
417 20 191
417 21 191
417 22 191
417 23 191
417 24 191
417 25 191
417 26 191
417 27 191
417 28 191
417 29 191
417 30 191
417 31 191
417 32 191
417 33 191
417 34 191
417 35 191
417 36 191
417 37 191
417 38 191
417 39 191
417 40 191
418 1 191
418 2 191
418 3 191
418 4 191
418 5 191
418 6 191
418 7 191
418 8 191
418 9 191
418 10 191
418 11 191
418 12 191
418 13 191
418 14 191
418 15 191
418 16 191
418 17 191
418 18 191
418 19 191
418 20 191
418 21 191
418 22 191
418 23 191
418 24 191
418 25 191
418 26 191
418 27 191
418 28 191
418 29 191
418 30 191
418 31 191
418 32 191
418 33 191
418 34 191
418 35 191
418 36 191
418 37 191
418 38 191
418 39 191
418 40 191
419 1 191
419 2 191
419 3 191
419 4 191
419 5 191
419 6 191
419 7 191
419 8 191
419 9 191
419 10 191
419 11 191
419 12 191
419 13 191
419 14 191
419 15 191
419 16 191
419 17 191
419 18 191
419 19 191
419 20 191
419 21 191
419 22 191
419 23 191
419 24 191
419 25 191
419 26 191
419 27 191
419 28 191
419 29 191
419 30 191
419 31 191
419 32 191
419 33 191
419 34 191
419 35 191
419 36 191
419 37 191
419 38 191
419 39 191
419 40 191
420 1 191
420 2 191
420 3 191
420 4 191
420 5 191
420 6 191
420 7 191
420 8 191
420 9 191
420 10 191
420 11 191
420 12 191
420 13 191
420 14 191
420 15 191
420 16 191
420 17 191
420 18 191
420 19 191
420 20 191
421 1 191
421 2 191
421 3 191
421 4 191
421 5 191
421 6 191
421 7 191
421 8 191
421 9 191
421 10 191
421 11 191
421 12 191
421 13 191
421 14 191
421 15 191
421 16 191
421 17 191
421 18 191
421 19 191
421 20 191
422 1 191
422 2 191
422 3 191
422 4 191
422 5 191
422 6 191
422 7 191
422 8 191
422 9 191
422 10 191
422 11 191
422 12 191
422 13 191
422 14 191
422 15 191
422 16 191
422 17 191
422 18 191
422 19 191
422 20 191
423 1 191
423 2 191
423 3 191
423 4 191
423 5 191
423 6 191
423 7 191
423 8 191
423 9 191
423 10 191
423 11 191
423 12 191
423 13 191
423 14 191
423 15 191
423 16 191
423 17 191
423 18 191
423 19 191
423 20 191
424 1 191
424 2 191
424 3 191
424 4 191
424 5 191
424 6 191
424 7 191
424 8 191
424 9 191
424 10 191
424 11 191
424 12 191
424 13 191
424 14 191
424 15 191
424 16 191
424 17 191
424 18 191
424 19 191
424 20 191
425 1 191
425 2 191
425 3 191
425 4 191
425 5 191
425 6 191
425 7 191
425 8 191
425 9 191
425 10 191
425 11 191
425 12 191
425 13 191
425 14 191
425 15 191
425 16 191
425 17 191
425 18 191
425 19 191
425 20 191
426 1 191
426 2 191
426 3 191
426 4 191
426 5 191
426 6 191
426 7 191
426 8 191
426 9 191
426 10 191
426 11 191
426 12 191
426 13 191
426 14 191
426 15 191
426 16 191
426 17 191
426 18 191
426 19 191
426 20 191
427 1 191
427 2 191
427 3 191
427 4 191
427 5 191
427 6 191
427 7 191
427 8 191
427 9 191
427 10 191
427 11 191
427 12 191
427 13 191
427 14 191
427 15 191
427 16 191
427 17 191
427 18 191
427 19 191
427 20 191
428 1 191
428 2 191
428 3 191
428 4 191
428 5 191
428 6 191
428 7 191
428 8 191
428 9 191
428 10 191
428 11 191
428 12 191
428 13 191
428 14 191
428 15 191
428 16 191
428 17 191
428 18 191
428 19 191
428 20 191
429 1 191
429 2 191
429 3 191
429 4 191
429 5 191
429 6 191
429 7 191
429 8 191
429 9 191
429 10 191
429 11 191
429 12 191
429 13 191
429 14 191
429 15 191
429 16 191
429 17 191
429 18 191
429 19 191
429 20 191
430 1 191
430 2 191
430 3 191
430 4 191
430 5 191
430 6 191
430 7 191
430 8 191
430 9 191
430 10 191
430 11 191
430 12 191
430 13 191
430 14 191
430 15 191
430 16 191
430 17 191
430 18 191
430 19 191
430 20 191
431 1 191
431 2 191
431 3 191
431 4 191
431 5 191
431 6 191
431 7 191
431 8 191
431 9 191
431 10 191
431 11 191
431 12 191
431 13 191
431 14 191
431 15 191
431 16 191
431 17 191
431 18 191
431 19 191
431 20 191
432 1 191
432 2 191
432 3 191
432 4 191
432 5 191
432 6 191
432 7 191
432 8 191
432 9 191
432 10 191
432 11 191
432 12 191
432 13 191
432 14 191
432 15 191
432 16 191
432 17 191
432 18 191
432 19 191
432 20 191
433 1 191
433 2 191
433 3 191
433 4 191
433 5 191
433 6 191
433 7 191
433 8 191
433 9 191
433 10 191
433 11 191
433 12 191
433 13 191
433 14 191
433 15 191
433 16 191
433 17 191
433 18 191
433 19 191
433 20 191
434 1 191
434 2 191
434 3 191
434 4 191
434 5 191
434 6 191
434 7 191
434 8 191
434 9 191
434 10 191
434 11 191
434 12 191
434 13 191
434 14 191
434 15 191
434 16 191
434 17 191
434 18 191
434 19 191
434 20 191
435 1 191
435 2 191
435 3 191
435 4 191
435 5 191
435 6 191
435 7 191
435 8 191
435 9 191
435 10 191
435 11 191
435 12 191
435 13 191
435 14 191
435 15 191
435 16 191
435 17 191
435 18 191
435 19 191
435 20 191
436 1 191
436 2 191
436 3 191
436 4 191
436 5 191
436 6 191
436 7 191
436 8 191
436 9 191
436 10 191
436 11 191
436 12 191
436 13 191
436 14 191
436 15 191
436 16 191
436 17 191
436 18 191
436 19 191
436 20 191
437 1 191
437 2 191
437 3 191
437 4 191
437 5 191
437 6 191
437 7 191
437 8 191
437 9 191
437 10 191
437 11 191
437 12 191
437 13 191
437 14 191
437 15 191
437 16 191
437 17 191
437 18 191
437 19 191
437 20 191
438 1 191
438 2 191
438 3 191
438 4 191
438 5 191
438 6 191
438 7 191
438 8 191
438 9 191
438 10 191
438 11 191
438 12 191
438 13 191
438 14 191
438 15 191
438 16 191
438 17 191
438 18 191
438 19 191
438 20 191
439 1 191
439 2 191
439 3 191
439 4 191
439 5 191
439 6 191
439 7 191
439 8 191
439 9 191
439 10 191
439 11 191
439 12 191
439 13 191
439 14 191
439 15 191
439 16 191
439 17 191
439 18 191
439 19 191
439 20 191
