1 1 1
1 2 1
2 1 1
2 2 1
2 3 1
2 4 1
2 5 1
2 6 1
2 7 1
2 8 1
2 9 1
2 10 1
2 11 1
1 1 21
1 2 21
2 1 21
2 2 21
2 3 21
2 4 21
2 5 21
2 6 21
2 7 21
2 8 21
2 9 21
2 10 21
2 11 21
1 1 41
1 2 41
2 1 41
2 2 41
2 3 41
2 4 41
2 5 41
2 6 41
2 7 41
2 8 41
2 9 41
2 10 41
2 11 41
1 1 61
1 2 61
2 1 61
2 2 61
2 3 61
2 4 61
2 5 61
2 6 61
2 7 61
2 8 61
2 9 61
2 10 61
2 11 56 5
1 1 81
1 2 81
2 1 81
2 2 81
2 3 81
2 4 81
2 5 81
2 6 81
2 7 81
2 8 81
2 9 81
2 10 81
2 11 74 7
1 1 101
1 2 101
2 1 101
2 2 101
2 3 101
2 4 101
2 5 101
2 6 101
2 7 101
2 8 101
2 9 101
2 10 101
2 11 89 12
1 1 121
1 2 121
2 1 121
2 2 121
2 3 121
2 4 121
2 5 121
2 6 121
2 7 121
2 8 121
2 9 121
2 10 121
2 11 104 17
1 1 141
1 2 141
2 1 141
2 2 141
2 3 141
2 4 141
2 5 141
2 6 141
2 7 141
2 8 141
2 9 141
2 10 141
2 11 120 21
1 1 161
1 2 161
2 1 161
2 2 161
2 3 161
2 4 161
2 5 161
2 6 161
2 7 161
2 8 161
2 9 161
2 10 161
2 11 134 27
1 1 181
1 2 181
2 1 181
2 2 181
2 3 181
2 4 181
2 5 181
2 6 181
2 7 181
2 8 181
2 9 181
2 10 181
2 11 143 38
1 1 201
1 2 201
2 1 201
2 2 201
2 3 201
2 4 201
2 5 201
2 6 201
2 7 201
2 8 201
2 9 201
2 10 201
2 11 154 45 0 2
1 1 221
1 2 221
2 1 221
2 2 221
2 3 221
2 4 221
2 5 221
2 6 221
2 7 221
2 8 221
2 9 221
2 10 221
2 11 166 52 0 3
1 1 241
1 2 241
2 1 241
2 2 241
2 3 241
2 4 241
2 5 241
2 6 241
2 7 241
2 8 241
2 9 241
2 10 241
2 11 179 58 0 4
1 1 261
1 2 261
2 1 261
2 2 261
2 3 261
2 4 261
2 5 261
2 6 261
2 7 261
2 8 261
2 9 261
2 10 261
2 11 193 62 0 5 1
1 1 281
1 2 281
2 1 281
2 2 281
2 3 281
2 4 281
2 5 281
2 6 281
2 7 281
2 8 281
2 9 281
2 10 281
2 11 208 67 0 5 1
1 1 301
1 2 301
2 1 301
2 2 301
2 3 301
2 4 301
2 5 301
2 6 301
2 7 301
2 8 301
2 9 301
2 10 301
2 11 223 72 0 5 1
1 1 321
1 2 321
2 1 321
2 2 321
2 3 321
2 4 321
2 5 321
2 6 321
2 7 321
2 8 321
2 9 321
2 10 321
2 11 239 76 0 5 1
1 1 341
1 2 341
2 1 341
2 2 341
2 3 341
2 4 341
2 5 341
2 6 341
2 7 341
2 8 341
2 9 341
2 10 341
2 11 256 79 0 5 1
1 1 361
1 2 361
2 1 361
2 2 361
2 3 361
2 4 361
2 5 361
2 6 361
2 7 361
2 8 361
2 9 361
2 10 361
2 11 274 81 0 5 1
1 1 381
1 2 381
2 1 381
2 2 381
2 3 381
2 4 381
2 5 381
2 6 381
2 7 381
2 8 381
2 9 381
2 10 381
2 11 288 87 0 5 1
1 1 401
1 2 401
2 1 401
2 2 401
2 3 401
2 4 401
2 5 401
2 6 401
2 7 401
2 8 401
2 9 401
2 10 401
2 11 301 94 0 5 1
1 1 421
1 2 421
2 1 421
2 2 421
2 3 421
2 4 421
2 5 421
2 6 421
2 7 421
2 8 421
2 9 421
2 10 421
2 11 319 96 0 5 1
1 1 441
1 2 441
2 1 441
2 2 441
2 3 441
2 4 441
2 5 441
2 6 441
2 7 441
2 8 441
2 9 441
2 10 441
2 11 332 103 0 5 1
1 1 461
1 2 461
2 1 461
2 2 461
2 3 461
2 4 461
2 5 461
2 6 461
2 7 461
2 8 461
2 9 461
2 10 461
2 11 345 110 0 5 1
1 1 481
1 2 481
2 1 481
2 2 481
2 3 481
2 4 481
2 5 481
2 6 481
2 7 481
2 8 481
2 9 481
2 10 481
2 11 363 112 0 5 1
1 1 501
1 2 501
2 1 501
2 2 501
2 3 501
2 4 501
2 5 501
2 6 501
2 7 501
2 8 501
2 9 501
2 10 501
2 11 375 119 0 6 1
1 1 521
1 2 521
2 1 521
2 2 521
2 3 521
2 4 521
2 5 521
2 6 521
2 7 521
2 8 521
2 9 521
2 10 521
2 11 385 122 0 9 2 0 2 1
1 1 541
1 2 541
2 1 541
2 2 541
2 3 541
2 4 541
2 5 541
2 6 541
2 7 541
2 8 541
2 9 541
2 10 541
2 11 402 125 0 9 2 0 2 1
1 1 561
1 2 561
2 1 561
2 2 561
2 3 561
2 4 561
2 5 561
2 6 561
2 7 561
2 8 561
2 9 561
2 10 561
2 11 420 127 0 9 2 0 2 1
1 1 581
1 2 581
2 1 581
2 2 581
2 3 581
2 4 581
2 5 581
2 6 581
2 7 581
2 8 581
2 9 581
2 10 581
2 11 438 129 0 9 2 0 2 1
1 1 601
1 2 601
2 1 601
2 2 601
2 3 601
2 4 601
2 5 601
2 6 601
2 7 601
2 8 601
2 9 601
2 10 601
2 11 452 135 0 9 2 0 2 1
1 1 621
1 2 621
2 1 621
2 2 621
2 3 621
2 4 621
2 5 621
2 6 621
2 7 621
2 8 621
2 9 621
2 10 621
2 11 464 143 0 9 2 0 2 1
1 1 641
1 2 641
2 1 641
2 2 641
2 3 641
2 4 641
2 5 641
2 6 641
2 7 641
2 8 641
2 9 641
2 10 641
2 11 481 145 0 10 2 0 2 1
1 1 661
1 2 661
2 1 661
2 2 661
2 3 661
2 4 661
2 5 661
2 6 661
2 7 661
2 8 661
2 9 661
2 10 661
2 11 494 152 0 10 2 0 2 1
1 1 681
1 2 681
2 1 681
2 2 681
2 3 681
2 4 681
2 5 681
2 6 681
2 7 681
2 8 681
2 9 681
2 10 681
2 11 510 156 0 10 2 0 2 1
1 1 701
1 2 701
2 1 701
2 2 701
2 3 701
2 4 701
2 5 701
2 6 701
2 7 701
2 8 701
2 9 701
2 10 701
2 11 523 162 0 11 2 0 2 1
1 1 721
1 2 721
2 1 721
2 2 721
2 3 721
2 4 721
2 5 721
2 6 721
2 7 721
2 8 721
2 9 721
2 10 721
2 11 537 167 0 12 2 0 2 1
1 1 741
1 2 741
2 1 741
2 2 741
2 3 741
2 4 741
2 5 741
2 6 741
2 7 741
2 8 741
2 9 741
2 10 741
2 11 550 174 0 12 2 0 2 1
1 1 761
1 2 761
2 1 761
2 2 761
2 3 761
2 4 761
2 5 761
2 6 761
2 7 761
2 8 761
2 9 761
2 10 761
2 11 561 183 0 12 2 0 2 1
1 1 781
1 2 781
2 1 781
2 2 781
2 3 781
2 4 781
2 5 781
2 6 781
2 7 781
2 8 781
2 9 781
2 10 781
2 11 570 187 0 14 4 0 5 1
1 1 801
1 2 801
2 1 801
2 2 801
2 3 801
2 4 801
2 5 801
2 6 801
2 7 801
2 8 801
2 9 801
2 10 801
2 11 580 197 0 14 4 0 5 1
1 1 821
1 2 821
2 1 821
2 2 821
2 3 821
2 4 821
2 5 821
2 6 821
2 7 821
2 8 821
2 9 821
2 10 821
2 11 593 203 0 15 4 0 5 1
1 1 841
1 2 841
2 1 841
2 2 841
2 3 841
2 4 841
2 5 841
2 6 841
2 7 841
2 8 841
2 9 841
2 10 841
2 11 598 205 0 22 10 0 5 1
1 1 861
1 2 861
2 1 861
2 2 861
2 3 861
2 4 861
2 5 861
2 6 861
2 7 861
2 8 861
2 9 861
2 10 861
2 11 605 211 0 27 12 0 5 1
1 1 881
1 2 881
2 1 881
2 2 881
2 3 881
2 4 881
2 5 881
2 6 881
2 7 881
2 8 881
2 9 881
2 10 881
2 11 611 217 0 28 13 0 10 2
1 1 901
1 2 901
2 1 901
2 2 901
2 3 901
2 4 901
2 5 901
2 6 901
2 7 901
2 8 901
2 9 901
2 10 901
2 11 626 222 0 28 13 0 10 2
1 1 921
1 2 921
2 1 921
2 2 921
2 3 921
2 4 921
2 5 921
2 6 921
2 7 921
2 8 921
2 9 921
2 10 921
2 11 638 230 0 28 13 0 10 2
1 1 941
1 2 941
2 1 941
2 2 941
2 3 941
2 4 941
2 5 941
2 6 941
2 7 941
2 8 941
2 9 941
2 10 941
2 11 654 234 0 28 13 0 10 2
1 1 961
1 2 961
2 1 961
2 2 961
2 3 961
2 4 961
2 5 961
2 6 961
2 7 961
2 8 961
2 9 961
2 10 961
2 11 667 241 0 28 13 0 10 2
1 1 981
1 2 981
2 1 981
2 2 981
2 3 981
2 4 981
2 5 981
2 6 981
2 7 981
2 8 981
2 9 981
2 10 981
2 11 674 253 0 29 13 0 10 2
1 1 1001
1 2 1001
2 1 1001
2 2 1001
2 3 1001
2 4 1001
2 5 1001
2 6 1001
2 7 1001
2 8 1001
2 9 1001
2 10 1001
2 11 690 257 0 29 13 0 10 2
1 1 1021
1 2 1021
2 1 1021
2 2 1021
2 3 1021
2 4 1021
2 5 1021
2 6 1021
2 7 1021
2 8 1021
2 9 1021
2 10 1021
2 11 709 258 0 29 13 0 10 2
1 1 1041
1 2 1041
2 1 1041
2 2 1041
2 3 1041
2 4 1041
2 5 1041
2 6 1041
2 7 1041
2 8 1041
2 9 1041
2 10 1041
2 11 713 265 0 34 15 0 11 3
1 1 1061
1 2 1061
2 1 1061
2 2 1061
2 3 1061
2 4 1061
2 5 1061
2 6 1061
2 7 1061
2 8 1061
2 9 1061
2 10 1061
2 11 728 270 0 34 15 0 11 3
1 1 1081
1 2 1081
2 1 1081
2 2 1081
2 3 1081
2 4 1081
2 5 1081
2 6 1081
2 7 1081
2 8 1081
2 9 1081
2 10 1081
2 11 743 275 0 34 15 0 11 3
1 1 1101
1 2 1101
2 1 1101
2 2 1101
2 3 1101
2 4 1101
2 5 1101
2 6 1101
2 7 1101
2 8 1101
2 9 1101
2 10 1101
2 11 752 285 0 35 15 0 11 3
1 1 1121
1 2 1121
2 1 1121
2 2 1121
2 3 1121
2 4 1121
2 5 1121
2 6 1121
2 7 1121
2 8 1121
2 9 1121
2 10 1121
2 11 758 294 0 37 18 0 11 3
1 1 1141
1 2 1141
2 1 1141
2 2 1141
2 3 1141
2 4 1141
2 5 1141
2 6 1141
2 7 1141
2 8 1141
2 9 1141
2 10 1141
2 11 769 300 0 38 18 0 13 3
1 1 1161
1 2 1161
2 1 1161
2 2 1161
2 3 1161
2 4 1161
2 5 1161
2 6 1161
2 7 1161
2 8 1161
2 9 1161
2 10 1161
2 11 773 305 0 40 23 0 15 5
1 1 1181
1 2 1181
2 1 1181
2 2 1181
2 3 1181
2 4 1181
2 5 1181
2 6 1181
2 7 1181
2 8 1181
2 9 1181
2 10 1181
2 11 780 312 0 44 24 0 16 5
1 1 1201
1 2 1201
2 1 1201
2 2 1201
2 3 1201
2 4 1201
2 5 1201
2 6 1201
2 7 1201
2 8 1201
2 9 1201
2 10 1201
2 11 788 319 0 45 24 0 18 7
1 1 1221
1 2 1221
2 1 1221
2 2 1221
2 3 1221
2 4 1221
2 5 1221
2 6 1221
2 7 1221
2 8 1221
2 9 1221
2 10 1221
2 11 789 320 0 47 26 0 19 9 0 3 4 0 4
1 1 1241
1 2 1241
2 1 1241
2 2 1241
2 3 1241
2 4 1241
2 5 1241
2 6 1241
2 7 1241
2 8 1241
2 9 1241
2 10 1241
2 11 789 320 0 47 26 0 19 9 0 4 8 0 10 0 9
1 1 1261
1 2 1261
2 1 1261
2 2 1261
2 3 1261
2 4 1261
2 5 1261
2 6 1261
2 7 1261
2 8 1261
2 9 1261
2 10 1261
2 11 797 326 0 49 27 0 19 10 0 5 9 0 10 0 9
1 1 1281
1 2 1281
2 1 1281
2 2 1281
2 3 1281
2 4 1281
2 5 1281
2 6 1281
2 7 1281
2 8 1281
2 9 1281
2 10 1281
2 11 807 331 0 53 28 0 19 10 0 5 9 0 10 0 9
1 1 1301
1 2 1301
2 1 1301
2 2 1301
2 3 1301
2 4 1301
2 5 1301
2 6 1301
2 7 1301
2 8 1301
2 9 1301
2 10 1301
2 11 810 336 0 57 30 0 25 10 0 5 9 0 10 0 9
1 1 1321
1 2 1321
2 1 1321
2 2 1321
2 3 1321
2 4 1321
2 5 1321
2 6 1321
2 7 1321
2 8 1321
2 9 1321
2 10 1321
2 11 827 339 0 57 30 0 25 10 0 5 9 0 10 0 9
1 1 1341
1 2 1341
2 1 1341
2 2 1341
2 3 1341
2 4 1341
2 5 1341
2 6 1341
2 7 1341
2 8 1341
2 9 1341
2 10 1341
2 11 841 345 0 57 30 0 25 10 0 5 9 0 10 0 9
1 1 1361
1 2 1361
2 1 1361
2 2 1361
2 3 1361
2 4 1361
2 5 1361
2 6 1361
2 7 1361
2 8 1361
2 9 1361
2 10 1361
2 11 851 348 0 60 32 0 27 10 0 5 9 0 10 0 9
1 1 1381
1 2 1381
2 1 1381
2 2 1381
2 3 1381
2 4 1381
2 5 1381
2 6 1381
2 7 1381
2 8 1381
2 9 1381
2 10 1381
2 11 871 348 0 60 32 0 27 10 0 5 9 0 10 0 9
1 1 1401
1 2 1401
2 1 1401
2 2 1401
2 3 1401
2 4 1401
2 5 1401
2 6 1401
2 7 1401
2 8 1401
2 9 1401
2 10 1401
2 11 891 348 0 60 32 0 27 10 0 5 9 0 10 0 9
1 1 1421
1 2 1421
2 1 1421
2 2 1421
2 3 1421
2 4 1421
2 5 1421
2 6 1421
2 7 1421
2 8 1421
2 9 1421
2 10 1421
2 11 911 348 0 60 32 0 27 10 0 5 9 0 10 0 9
1 1 1441
1 2 1441
2 1 1441
2 2 1441
2 3 1441
2 4 1441
2 5 1441
2 6 1441
2 7 1441
2 8 1441
2 9 1441
2 10 1441
2 11 931 348 0 60 32 0 27 10 0 5 9 0 10 0 9
1 1 1461
1 2 1461
2 1 1461
2 2 1461
2 3 1461
2 4 1461
2 5 1461
2 6 1461
2 7 1461
2 8 1461
2 9 1461
2 10 1461
2 11 951 348 0 60 32 0 27 10 0 5 9 0 10 0 9
1 1 1481
1 2 1481
2 1 1481
2 2 1481
2 3 1481
2 4 1481
2 5 1481
2 6 1481
2 7 1481
2 8 1481
2 9 1481
2 10 1481
2 11 971 348 0 60 32 0 27 10 0 5 9 0 10 0 9
1 1 1501
1 2 1501
2 1 1501
2 2 1501
2 3 1501
2 4 1501
2 5 1501
2 6 1501
2 7 1501
2 8 1501
2 9 1501
2 10 1501
2 11 991 348 0 60 32 0 27 10 0 5 9 0 10 0 9
1 1 1521
1 2 1521
2 1 1521
2 2 1521
2 3 1521
2 4 1521
2 5 1521
2 6 1521
2 7 1521
2 8 1521
2 9 1521
2 10 1521
2 11 1011 348 0 60 32 0 27 10 0 5 9 0 10 0 9
1 1 1541
1 2 1541
2 1 1541
2 2 1541
2 3 1541
2 4 1541
2 5 1541
2 6 1541
2 7 1541
2 8 1541
2 9 1541
2 10 1541
2 11 1031 348 0 60 32 0 27 10 0 5 9 0 10 0 9
1 1 1561
1 2 1561
2 1 1561
2 2 1561
2 3 1561
2 4 1561
2 5 1561
2 6 1561
2 7 1561
2 8 1561
2 9 1561
2 10 1561
2 11 1051 348 0 60 32 0 27 10 0 5 9 0 10 0 9
1 1 1581
1 2 1581
2 1 1581
2 2 1581
2 3 1581
2 4 1581
2 5 1581
2 6 1581
2 7 1581
2 8 1581
2 9 1581
2 10 1581
2 11 1071 348 0 60 32 0 27 10 0 5 9 0 10 0 9
1 1 1601
1 2 1601
2 1 1601
2 2 1601
2 3 1601
2 4 1601
2 5 1601
2 6 1601
2 7 1601
2 8 1601
2 9 1601
2 10 1601
2 11 1091 348 0 60 32 0 27 10 0 5 9 0 10 0 9
1 1 1621
1 2 1621
2 1 1621
2 2 1621
2 3 1621
2 4 1621
2 5 1621
2 6 1621
2 7 1621
2 8 1621
2 9 1621
2 10 1621
2 11 1111 348 0 60 32 0 27 10 0 5 9 0 10 0 9
1 1 1641
1 2 1641
2 1 1641
2 2 1641
2 3 1641
2 4 1641
2 5 1641
2 6 1641
2 7 1641
2 8 1641
2 9 1641
2 10 1641
2 11 1131 348 0 60 32 0 27 10 0 5 9 0 10 0 9
1 1 1661
1 2 1661
2 1 1661
2 2 1661
2 3 1661
2 4 1661
2 5 1661
2 6 1661
2 7 1661
2 8 1661
2 9 1661
2 10 1661
2 11 1151 348 0 60 32 0 27 10 0 5 9 0 10 0 9
1 1 1681
1 2 1681
2 1 1681
2 2 1681
2 3 1681
2 4 1681
2 5 1681
2 6 1681
2 7 1681
2 8 1681
2 9 1681
2 10 1681
2 11 1171 348 0 60 32 0 27 10 0 5 9 0 10 0 9
1 1 1701
1 2 1701
2 1 1701
2 2 1701
2 3 1701
2 4 1701
2 5 1701
2 6 1701
2 7 1701
2 8 1701
2 9 1701
2 10 1701
2 11 1191 348 0 60 32 0 27 10 0 5 9 0 10 0 9
1 1 1721
1 2 1721
2 1 1721
2 2 1721
2 3 1721
2 4 1721
2 5 1721
2 6 1721
2 7 1721
2 8 1721
2 9 1721
2 10 1721
2 11 1211 348 0 60 32 0 27 10 0 5 9 0 10 0 9
1 1 1741
1 2 1741
2 1 1741
2 2 1741
2 3 1741
2 4 1741
2 5 1741
2 6 1741
2 7 1741
2 8 1741
2 9 1741
2 10 1741
2 11 1231 348 0 60 32 0 27 10 0 5 9 0 10 0 9
1 1 1761
1 2 1761
2 1 1761
2 2 1761
2 3 1761
2 4 1761
2 5 1761
2 6 1761
2 7 1761
2 8 1761
2 9 1761
2 10 1761
2 11 1251 348 0 60 32 0 27 10 0 5 9 0 10 0 9
1 1 1781
1 2 1781
2 1 1781
2 2 1781
2 3 1781
2 4 1781
2 5 1781
2 6 1781
2 7 1781
2 8 1781
2 9 1781
2 10 1781
2 11 1271 348 0 60 32 0 27 10 0 5 9 0 10 0 9
1 1 1801
1 2 1801
2 1 1801
2 2 1801
2 3 1801
2 4 1801
2 5 1801
2 6 1801
2 7 1801
2 8 1801
2 9 1801
2 10 1801
2 11 1291 348 0 60 32 0 27 10 0 5 9 0 10 0 9
1 1 1821
1 2 1821
2 1 1821
2 2 1821
2 3 1821
2 4 1821
2 5 1821
2 6 1821
2 7 1821
2 8 1821
2 9 1821
2 10 1821
2 11 1311 348 0 60 32 0 27 10 0 5 9 0 10 0 9
1 1 1841
1 2 1841
2 1 1841
2 2 1841
2 3 1841
2 4 1841
2 5 1841
2 6 1841
2 7 1841
2 8 1841
2 9 1841
2 10 1841
2 11 1331 348 0 60 32 0 27 10 0 5 9 0 10 0 9
1 1 1861
1 2 1861
2 1 1861
2 2 1861
2 3 1861
2 4 1861
2 5 1861
2 6 1861
2 7 1861
2 8 1861
2 9 1861
2 10 1861
2 11 1351 348 0 60 32 0 27 10 0 5 9 0 10 0 9
1 1 1881
1 2 1881
2 1 1881
2 2 1881
2 3 1881
2 4 1881
2 5 1881
2 6 1881
2 7 1881
2 8 1881
2 9 1881
2 10 1881
2 11 1371 348 0 60 32 0 27 10 0 5 9 0 10 0 9
1 1 1901
1 2 1901
2 1 1901
2 2 1901
2 3 1901
2 4 1901
2 5 1901
2 6 1901
2 7 1901
2 8 1901
2 9 1901
2 10 1901
2 11 1391 348 0 60 32 0 27 10 0 5 9 0 10 0 9
1 1 1921
1 2 1921
2 1 1921
2 2 1921
2 3 1921
2 4 1921
2 5 1921
2 6 1921
2 7 1921
2 8 1921
2 9 1921
2 10 1921
2 11 1411 348 0 60 32 0 27 10 0 5 9 0 10 0 9
1 1 1941
1 2 1941
2 1 1941
2 2 1941
2 3 1941
2 4 1941
2 5 1941
2 6 1941
2 7 1941
2 8 1941
2 9 1941
2 10 1941
2 11 1431 348 0 60 32 0 27 10 0 5 9 0 10 0 9
1 1 1961
1 2 1961
2 1 1961
2 2 1961
2 3 1961
2 4 1961
2 5 1961
2 6 1961
2 7 1961
2 8 1961
2 9 1961
2 10 1961
2 11 1451 348 0 60 32 0 27 10 0 5 9 0 10 0 9
1 1 1981
1 2 1981
2 1 1981
2 2 1981
2 3 1981
2 4 1981
2 5 1981
2 6 1981
2 7 1981
2 8 1981
2 9 1981
2 10 1981
2 11 1471 348 0 60 32 0 27 10 0 5 9 0 10 0 9
1 1 2001
1 2 2001
2 1 2001
2 2 2001
2 3 2001
2 4 2001
2 5 2001
2 6 2001
2 7 2001
2 8 2001
2 9 2001
2 10 2001
2 11 1491 348 0 60 32 0 27 10 0 5 9 0 10 0 9
1 1 2021
1 2 2021
2 1 2021
2 2 2021
2 3 2021
2 4 2021
2 5 2021
2 6 2021
2 7 2021
2 8 2021
2 9 2021
2 10 2021
2 11 1511 348 0 60 32 0 27 10 0 5 9 0 10 0 9
1 1 2041
1 2 2041
2 1 2041
2 2 2041
2 3 2041
2 4 2041
2 5 2041
2 6 2041
2 7 2041
2 8 2041
2 9 2041
2 10 2041
2 11 1531 348 0 60 32 0 27 10 0 5 9 0 10 0 9
1 1 2061
1 2 2061
2 1 2061
2 2 2061
2 3 2061
2 4 2061
2 5 2061
2 6 2061
2 7 2061
2 8 2061
2 9 2061
2 10 2061
2 11 1551 348 0 60 32 0 27 10 0 5 9 0 10 0 9
1 1 2081
1 2 2081
2 1 2081
2 2 2081
2 3 2081
2 4 2081
2 5 2081
2 6 2081
2 7 2081
2 8 2081
2 9 2081
2 10 2081
2 11 1571 348 0 60 32 0 27 10 0 5 9 0 10 0 9
1 1 2101
1 2 2101
2 1 2101
2 2 2101
2 3 2101
2 4 2101
2 5 2101
2 6 2101
2 7 2101
2 8 2101
2 9 2101
2 10 2101
2 11 1591 348 0 60 32 0 27 10 0 5 9 0 10 0 9
1 1 2121
1 2 2121
2 1 2121
2 2 2121
2 3 2121
2 4 2121
2 5 2121
2 6 2121
2 7 2121
2 8 2121
2 9 2121
2 10 2121
2 11 1611 348 0 60 32 0 27 10 0 5 9 0 10 0 9
1 1 2141
1 2 2141
2 1 2141
2 2 2141
2 3 2141
2 4 2141
2 5 2141
2 6 2141
2 7 2141
2 8 2141
2 9 2141
2 10 2141
2 11 1631 348 0 60 32 0 27 10 0 5 9 0 10 0 9
1 1 2161
1 2 2161
2 1 2161
2 2 2161
2 3 2161
2 4 2161
2 5 2161
2 6 2161
2 7 2161
2 8 2161
2 9 2161
2 10 2161
2 11 1651 348 0 60 32 0 27 10 0 5 9 0 10 0 9
1 1 2181
1 2 2181
2 1 2181
2 2 2181
2 3 2181
2 4 2181
2 5 2181
2 6 2181
2 7 2181
2 8 2181
2 9 2181
2 10 2181
2 11 1671 348 0 60 32 0 27 10 0 5 9 0 10 0 9
1 1 2201
1 2 2201
2 1 2201
2 2 2201
2 3 2201
2 4 2201
2 5 2201
2 6 2201
2 7 2201
2 8 2201
2 9 2201
2 10 2201
2 11 1691 348 0 60 32 0 27 10 0 5 9 0 10 0 9
1 1 2221
1 2 2221
2 1 2221
2 2 2221
2 3 2221
2 4 2221
2 5 2221
2 6 2221
2 7 2221
2 8 2221
2 9 2221
2 10 2221
2 11 1711 348 0 60 32 0 27 10 0 5 9 0 10 0 9
1 1 2241
1 2 2241
2 1 2241
2 2 2241
2 3 2241
2 4 2241
2 5 2241
2 6 2241
2 7 2241
2 8 2241
2 9 2241
2 10 2241
2 11 1731 348 0 60 32 0 27 10 0 5 9 0 10 0 9
1 1 2261
1 2 2261
2 1 2261
2 2 2261
2 3 2261
2 4 2261
2 5 2261
2 6 2261
2 7 2261
2 8 2261
2 9 2261
2 10 2261
2 11 1751 348 0 60 32 0 27 10 0 5 9 0 10 0 9
1 1 2281
1 2 2281
2 1 2281
2 2 2281
2 3 2281
2 4 2281
2 5 2281
2 6 2281
2 7 2281
2 8 2281
2 9 2281
2 10 2281
2 11 1771 348 0 60 32 0 27 10 0 5 9 0 10 0 9
1 1 2301
1 2 2301
2 1 2301
2 2 2301
2 3 2301
2 4 2301
2 5 2301
2 6 2301
2 7 2301
2 8 2301
2 9 2301
2 10 2301
2 11 1791 348 0 60 32 0 27 10 0 5 9 0 10 0 9
1 1 2321
1 2 2321
2 1 2321
2 2 2321
2 3 2321
2 4 2321
2 5 2321
2 6 2321
2 7 2321
2 8 2321
2 9 2321
2 10 2321
2 11 1811 348 0 60 32 0 27 10 0 5 9 0 10 0 9
1 1 2341
1 2 2341
2 1 2341
2 2 2341
2 3 2341
2 4 2341
2 5 2341
2 6 2341
2 7 2341
2 8 2341
2 9 2341
2 10 2341
2 11 1831 348 0 60 32 0 27 10 0 5 9 0 10 0 9
1 1 2361
1 2 2361
2 1 2361
2 2 2361
2 3 2361
2 4 2361
2 5 2361
2 6 2361
2 7 2361
2 8 2361
2 9 2361
2 10 2361
2 11 1851 348 0 60 32 0 27 10 0 5 9 0 10 0 9
1 1 2381
1 2 2381
2 1 2381
2 2 2381
2 3 2381
2 4 2381
2 5 2381
2 6 2381
2 7 2381
2 8 2381
2 9 2381
2 10 2381
2 11 1871 348 0 60 32 0 27 10 0 5 9 0 10 0 9
1 1 2401
1 2 2401
2 1 2401
2 2 2401
2 3 2401
2 4 2401
2 5 2401
2 6 2401
2 7 2401
2 8 2401
2 9 2401
2 10 2401
2 11 1891 348 0 60 32 0 27 10 0 5 9 0 10 0 9
1 1 2421
1 2 2421
2 1 2421
2 2 2421
2 3 2421
2 4 2421
2 5 2421
2 6 2421
2 7 2421
2 8 2421
2 9 2421
2 10 2421
2 11 1911 348 0 60 32 0 27 10 0 5 9 0 10 0 9
1 1 2441
1 2 2441
2 1 2441
2 2 2441
2 3 2441
2 4 2441
2 5 2441
2 6 2441
2 7 2441
2 8 2441
2 9 2441
2 10 2441
2 11 1931 348 0 60 32 0 27 10 0 5 9 0 10 0 9
1 1 2461
1 2 2461
2 1 2461
2 2 2461
2 3 2461
2 4 2461
2 5 2461
2 6 2461
2 7 2461
2 8 2461
2 9 2461
2 10 2461
2 11 1951 348 0 60 32 0 27 10 0 5 9 0 10 0 9
1 1 2481
1 2 2481
2 1 2481
2 2 2481
2 3 2481
2 4 2481
2 5 2481
2 6 2481
2 7 2481
2 8 2481
2 9 2481
2 10 2481
2 11 1971 348 0 60 32 0 27 10 0 5 9 0 10 0 9
1 1 2501
1 2 2501
2 1 2501
2 2 2501
2 3 2501
2 4 2501
2 5 2501
2 6 2501
2 7 2501
2 8 2501
2 9 2501
2 10 2501
2 11 1991 348 0 60 32 0 27 10 0 5 9 0 10 0 9
1 1 2521
1 2 2521
2 1 2521
2 2 2521
2 3 2521
2 4 2521
2 5 2521
2 6 2521
2 7 2521
2 8 2521
2 9 2521
2 10 2521
2 11 2011 348 0 60 32 0 27 10 0 5 9 0 10 0 9
1 1 2541
1 2 2541
2 1 2541
2 2 2541
2 3 2541
2 4 2541
2 5 2541
2 6 2541
2 7 2541
2 8 2541
2 9 2541
2 10 2541
2 11 2031 348 0 60 32 0 27 10 0 5 9 0 10 0 9
1 1 2561
1 2 2561
2 1 2561
2 2 2561
2 3 2561
2 4 2561
2 5 2561
2 6 2561
2 7 2561
2 8 2561
2 9 2561
2 10 2561
2 11 2051 348 0 60 32 0 27 10 0 5 9 0 10 0 9
1 1 2581
1 2 2581
2 1 2581
2 2 2581
2 3 2581
2 4 2581
2 5 2581
2 6 2581
2 7 2581
2 8 2581
2 9 2581
2 10 2581
2 11 2071 348 0 60 32 0 27 10 0 5 9 0 10 0 9
1 1 2601
1 2 2601
2 1 2601
2 2 2601
2 3 2601
2 4 2601
2 5 2601
2 6 2601
2 7 2601
2 8 2601
2 9 2601
2 10 2601
2 11 2091 348 0 60 32 0 27 10 0 5 9 0 10 0 9
1 1 2621
1 2 2621
2 1 2621
2 2 2621
2 3 2621
2 4 2621
2 5 2621
2 6 2621
2 7 2621
2 8 2621
2 9 2621
2 10 2621
2 11 2111 348 0 60 32 0 27 10 0 5 9 0 10 0 9
1 1 2641
1 2 2641
2 1 2641
2 2 2641
2 3 2641
2 4 2641
2 5 2641
2 6 2641
2 7 2641
2 8 2641
2 9 2641
2 10 2641
2 11 2131 348 0 60 32 0 27 10 0 5 9 0 10 0 9
1 1 2661
1 2 2661
2 1 2661
2 2 2661
2 3 2661
2 4 2661
2 5 2661
2 6 2661
2 7 2661
2 8 2661
2 9 2661
2 10 2661
2 11 2151 348 0 60 32 0 27 10 0 5 9 0 10 0 9
1 1 2681
1 2 2681
2 1 2681
2 2 2681
2 3 2681
2 4 2681
2 5 2681
2 6 2681
2 7 2681
2 8 2681
2 9 2681
2 10 2681
2 11 2171 348 0 60 32 0 27 10 0 5 9 0 10 0 9
1 1 2701
1 2 2701
2 1 2701
2 2 2701
2 3 2701
2 4 2701
2 5 2701
2 6 2701
2 7 2701
2 8 2701
2 9 2701
2 10 2701
2 11 2191 348 0 60 32 0 27 10 0 5 9 0 10 0 9
1 1 2721
1 2 2721
2 1 2721
2 2 2721
2 3 2721
2 4 2721
2 5 2721
2 6 2721
2 7 2721
2 8 2721
2 9 2721
2 10 2721
2 11 2211 348 0 60 32 0 27 10 0 5 9 0 10 0 9
1 1 2741
1 2 2741
2 1 2741
2 2 2741
2 3 2741
2 4 2741
2 5 2741
2 6 2741
2 7 2741
2 8 2741
2 9 2741
2 10 2741
2 11 2231 348 0 60 32 0 27 10 0 5 9 0 10 0 9
1 1 2761
1 2 2761
2 1 2761
2 2 2761
2 3 2761
2 4 2761
2 5 2761
2 6 2761
2 7 2761
2 8 2761
2 9 2761
2 10 2761
2 11 2251 348 0 60 32 0 27 10 0 5 9 0 10 0 9
1 1 2781
1 2 2781
2 1 2781
2 2 2781
2 3 2781
2 4 2781
2 5 2781
2 6 2781
2 7 2781
2 8 2781
2 9 2781
2 10 2781
2 11 2271 348 0 60 32 0 27 10 0 5 9 0 10 0 9
1 1 2801
1 2 2801
2 1 2801
2 2 2801
2 3 2801
2 4 2801
2 5 2801
2 6 2801
2 7 2801
2 8 2801
2 9 2801
2 10 2801
2 11 2291 348 0 60 32 0 27 10 0 5 9 0 10 0 9
1 1 2821
1 2 2821
2 1 2821
2 2 2821
2 3 2821
2 4 2821
2 5 2821
2 6 2821
2 7 2821
2 8 2821
2 9 2821
2 10 2821
2 11 2311 348 0 60 32 0 27 10 0 5 9 0 10 0 9
1 1 2841
1 2 2841
2 1 2841
2 2 2841
2 3 2841
2 4 2841
2 5 2841
2 6 2841
2 7 2841
2 8 2841
2 9 2841
2 10 2841
2 11 2331 348 0 60 32 0 27 10 0 5 9 0 10 0 9
1 1 2861
1 2 2861
2 1 2861
2 2 2861
2 3 2861
2 4 2861
2 5 2861
2 6 2861
2 7 2861
2 8 2861
2 9 2861
2 10 2861
2 11 2351 348 0 60 32 0 27 10 0 5 9 0 10 0 9
1 1 2881
1 2 2881
2 1 2881
2 2 2881
2 3 2881
2 4 2881
2 5 2881
2 6 2881
2 7 2881
2 8 2881
2 9 2881
2 10 2881
2 11 2371 348 0 60 32 0 27 10 0 5 9 0 10 0 9
1 1 2901
1 2 2901
2 1 2901
2 2 2901
2 3 2901
2 4 2901
2 5 2901
2 6 2901
2 7 2901
2 8 2901
2 9 2901
2 10 2901
2 11 2391 348 0 60 32 0 27 10 0 5 9 0 10 0 9
1 1 2921
1 2 2921
2 1 2921
2 2 2921
2 3 2921
2 4 2921
2 5 2921
2 6 2921
2 7 2921
2 8 2921
2 9 2921
2 10 2921
2 11 2411 348 0 60 32 0 27 10 0 5 9 0 10 0 9
1 1 2941
1 2 2941
2 1 2941
2 2 2941
2 3 2941
2 4 2941
2 5 2941
2 6 2941
2 7 2941
2 8 2941
2 9 2941
2 10 2941
2 11 2431 348 0 60 32 0 27 10 0 5 9 0 10 0 9
1 1 2961
1 2 2961
2 1 2961
2 2 2961
2 3 2961
2 4 2961
2 5 2961
2 6 2961
2 7 2961
2 8 2961
2 9 2961
2 10 2961
2 11 2451 348 0 60 32 0 27 10 0 5 9 0 10 0 9
1 1 2981
1 2 2981
2 1 2981
2 2 2981
2 3 2981
2 4 2981
2 5 2981
2 6 2981
2 7 2981
2 8 2981
2 9 2981
2 10 2981
2 11 2471 348 0 60 32 0 27 10 0 5 9 0 10 0 9
1 1 3001
1 2 3001
2 1 3001
2 2 3001
2 3 3001
2 4 3001
2 5 3001
2 6 3001
2 7 3001
2 8 3001
2 9 3001
2 10 3001
2 11 2491 348 0 60 32 0 27 10 0 5 9 0 10 0 9
1 1 3021
1 2 3021
2 1 3021
2 2 3021
2 3 3021
2 4 3021
2 5 3021
2 6 3021
2 7 3021
2 8 3021
2 9 3021
2 10 3021
2 11 2511 348 0 60 32 0 27 10 0 5 9 0 10 0 9
1 1 3041
1 2 3041
2 1 3041
2 2 3041
2 3 3041
2 4 3041
2 5 3041
2 6 3041
2 7 3041
2 8 3041
2 9 3041
2 10 3041
2 11 2531 348 0 60 32 0 27 10 0 5 9 0 10 0 9
1 1 3061
1 2 3061
2 1 3061
2 2 3061
2 3 3061
2 4 3061
2 5 3061
2 6 3061
2 7 3061
2 8 3061
2 9 3061
2 10 3061
2 11 2551 348 0 60 32 0 27 10 0 5 9 0 10 0 9
1 1 3081
1 2 3081
2 1 3081
2 2 3081
2 3 3081
2 4 3081
2 5 3081
2 6 3081
2 7 3081
2 8 3081
2 9 3081
2 10 3081
2 11 2571 348 0 60 32 0 27 10 0 5 9 0 10 0 9
1 1 3101
1 2 3101
2 1 3101
2 2 3101
2 3 3101
2 4 3101
2 5 3101
2 6 3101
2 7 3101
2 8 3101
2 9 3101
2 10 3101
2 11 2591 348 0 60 32 0 27 10 0 5 9 0 10 0 9
1 1 3121
1 2 3121
2 1 3121
2 2 3121
2 3 3121
2 4 3121
2 5 3121
2 6 3121
2 7 3121
2 8 3121
2 9 3121
2 10 3121
2 11 2611 348 0 60 32 0 27 10 0 5 9 0 10 0 9
1 1 3141
1 2 3141
2 1 3141
2 2 3141
2 3 3141
2 4 3141
2 5 3141
2 6 3141
2 7 3141
2 8 3141
2 9 3141
2 10 3141
2 11 2631 348 0 60 32 0 27 10 0 5 9 0 10 0 9
1 1 3161
1 2 3161
2 1 3161
2 2 3161
2 3 3161
2 4 3161
2 5 3161
2 6 3161
2 7 3161
2 8 3161
2 9 3161
2 10 3161
2 11 2651 348 0 60 32 0 27 10 0 5 9 0 10 0 9
1 1 3181
1 2 3181
2 1 3181
2 2 3181
2 3 3181
2 4 3181
2 5 3181
2 6 3181
2 7 3181
2 8 3181
2 9 3181
2 10 3181
2 11 2671 348 0 60 32 0 27 10 0 5 9 0 10 0 9
1 1 3201
1 2 3201
2 1 3201
2 2 3201
2 3 3201
2 4 3201
2 5 3201
2 6 3201
2 7 3201
2 8 3201
2 9 3201
2 10 3201
2 11 2691 348 0 60 32 0 27 10 0 5 9 0 10 0 9
1 1 3221
1 2 3221
2 1 3221
2 2 3221
2 3 3221
2 4 3221
2 5 3221
2 6 3221
2 7 3221
2 8 3221
2 9 3221
2 10 3221
2 11 2711 348 0 60 32 0 27 10 0 5 9 0 10 0 9
1 1 3241
1 2 3241
2 1 3241
2 2 3241
2 3 3241
2 4 3241
2 5 3241
2 6 3241
2 7 3241
2 8 3241
2 9 3241
2 10 3241
2 11 2731 348 0 60 32 0 27 10 0 5 9 0 10 0 9
1 1 3261
1 2 3261
2 1 3261
2 2 3261
2 3 3261
2 4 3261
2 5 3261
2 6 3261
2 7 3261
2 8 3261
2 9 3261
2 10 3261
2 11 2751 348 0 60 32 0 27 10 0 5 9 0 10 0 9
1 1 3281
1 2 3281
2 1 3281
2 2 3281
2 3 3281
2 4 3281
2 5 3281
2 6 3281
2 7 3281
2 8 3281
2 9 3281
2 10 3281
2 11 2771 348 0 60 32 0 27 10 0 5 9 0 10 0 9
1 1 3301
1 2 3301
2 1 3301
2 2 3301
2 3 3301
2 4 3301
2 5 3301
2 6 3301
2 7 3301
2 8 3301
2 9 3301
2 10 3301
2 11 2791 348 0 60 32 0 27 10 0 5 9 0 10 0 9
1 1 3321
1 2 3321
2 1 3321
2 2 3321
2 3 3321
2 4 3321
2 5 3321
2 6 3321
2 7 3321
2 8 3321
2 9 3321
2 10 3321
2 11 2811 348 0 60 32 0 27 10 0 5 9 0 10 0 9
1 1 3341
1 2 3341
2 1 3341
2 2 3341
2 3 3341
2 4 3341
2 5 3341
2 6 3341
2 7 3341
2 8 3341
2 9 3341
2 10 3341
2 11 2831 348 0 60 32 0 27 10 0 5 9 0 10 0 9
1 1 3361
1 2 3361
2 1 3361
2 2 3361
2 3 3361
2 4 3361
2 5 3361
2 6 3361
2 7 3361
2 8 3361
2 9 3361
2 10 3361
2 11 2851 348 0 60 32 0 27 10 0 5 9 0 10 0 9
1 1 3381
1 2 3381
2 1 3381
2 2 3381
2 3 3381
2 4 3381
2 5 3381
2 6 3381
2 7 3381
2 8 3381
2 9 3381
2 10 3381
2 11 2871 348 0 60 32 0 27 10 0 5 9 0 10 0 9
1 1 3401
1 2 3401
2 1 3401
2 2 3401
2 3 3401
2 4 3401
2 5 3401
2 6 3401
2 7 3401
2 8 3401
2 9 3401
2 10 3401
2 11 2891 348 0 60 32 0 27 10 0 5 9 0 10 0 9
1 1 3421
1 2 3421
2 1 3421
2 2 3421
2 3 3421
2 4 3421
2 5 3421
2 6 3421
2 7 3421
2 8 3421
2 9 3421
2 10 3421
2 11 2911 348 0 60 32 0 27 10 0 5 9 0 10 0 9
1 1 3441
1 2 3441
2 1 3441
2 2 3441
2 3 3441
2 4 3441
2 5 3441
2 6 3441
2 7 3441
2 8 3441
2 9 3441
2 10 3441
2 11 2931 348 0 60 32 0 27 10 0 5 9 0 10 0 9
1 1 3461
1 2 3461
2 1 3461
2 2 3461
2 3 3461
2 4 3461
2 5 3461
2 6 3461
2 7 3461
2 8 3461
2 9 3461
2 10 3461
2 11 2951 348 0 60 32 0 27 10 0 5 9 0 10 0 9
1 1 3481
1 2 3481
2 1 3481
2 2 3481
2 3 3481
2 4 3481
2 5 3481
2 6 3481
2 7 3481
2 8 3481
2 9 3481
2 10 3481
2 11 2971 348 0 60 32 0 27 10 0 5 9 0 10 0 9
1 1 3501
1 2 3501
2 1 3501
2 2 3501
2 3 3501
2 4 3501
2 5 3501
2 6 3501
2 7 3501
2 8 3501
2 9 3501
2 10 3501
2 11 2991 348 0 60 32 0 27 10 0 5 9 0 10 0 9
1 1 3521
1 2 3521
2 1 3521
2 2 3521
2 3 3521
2 4 3521
2 5 3521
2 6 3521
2 7 3521
2 8 3521
2 9 3521
2 10 3521
2 11 3011 348 0 60 32 0 27 10 0 5 9 0 10 0 9
1 1 3541
1 2 3541
2 1 3541
2 2 3541
2 3 3541
2 4 3541
2 5 3541
2 6 3541
2 7 3541
2 8 3541
2 9 3541
2 10 3541
2 11 3031 348 0 60 32 0 27 10 0 5 9 0 10 0 9
1 1 3561
1 2 3561
2 1 3561
2 2 3561
2 3 3561
2 4 3561
2 5 3561
2 6 3561
2 7 3561
2 8 3561
2 9 3561
2 10 3561
2 11 3051 348 0 60 32 0 27 10 0 5 9 0 10 0 9
1 1 3581
1 2 3581
2 1 3581
2 2 3581
2 3 3581
2 4 3581
2 5 3581
2 6 3581
2 7 3581
2 8 3581
2 9 3581
2 10 3581
2 11 3071 348 0 60 32 0 27 10 0 5 9 0 10 0 9
1 1 3601
1 2 3601
2 1 3601
2 2 3601
2 3 3601
2 4 3601
2 5 3601
2 6 3601
2 7 3601
2 8 3601
2 9 3601
2 10 3601
2 11 3091 348 0 60 32 0 27 10 0 5 9 0 10 0 9
1 1 3621
1 2 3621
2 1 3621
2 2 3621
2 3 3621
2 4 3621
2 5 3621
2 6 3621
2 7 3621
2 8 3621
2 9 3621
2 10 3621
2 11 3111 348 0 60 32 0 27 10 0 5 9 0 10 0 9
1 1 3641
1 2 3641
2 1 3641
2 2 3641
2 3 3641
2 4 3641
2 5 3641
2 6 3641
2 7 3641
2 8 3641
2 9 3641
2 10 3641
2 11 3131 348 0 60 32 0 27 10 0 5 9 0 10 0 9
1 1 3661
1 2 3661
2 1 3661
2 2 3661
2 3 3661
2 4 3661
2 5 3661
2 6 3661
2 7 3661
2 8 3661
2 9 3661
2 10 3661
2 11 3151 348 0 60 32 0 27 10 0 5 9 0 10 0 9
1 1 3681
1 2 3681
2 1 3681
2 2 3681
2 3 3681
2 4 3681
2 5 3681
2 6 3681
2 7 3681
2 8 3681
2 9 3681
2 10 3681
2 11 3171 348 0 60 32 0 27 10 0 5 9 0 10 0 9
1 1 3701
1 2 3701
2 1 3701
2 2 3701
2 3 3701
2 4 3701
2 5 3701
2 6 3701
2 7 3701
2 8 3701
2 9 3701
2 10 3701
2 11 3191 348 0 60 32 0 27 10 0 5 9 0 10 0 9
1 1 3721
1 2 3721
2 1 3721
2 2 3721
2 3 3721
2 4 3721
2 5 3721
2 6 3721
2 7 3721
2 8 3721
2 9 3721
2 10 3721
2 11 3211 348 0 60 32 0 27 10 0 5 9 0 10 0 9
1 1 3741
1 2 3741
2 1 3741
2 2 3741
2 3 3741
2 4 3741
2 5 3741
2 6 3741
2 7 3741
2 8 3741
2 9 3741
2 10 3741
2 11 3231 348 0 60 32 0 27 10 0 5 9 0 10 0 9
1 1 3761
1 2 3761
2 1 3761
2 2 3761
2 3 3761
2 4 3761
2 5 3761
2 6 3761
2 7 3761
2 8 3761
2 9 3761
2 10 3761
2 11 3251 348 0 60 32 0 27 10 0 5 9 0 10 0 9
1 1 3781
1 2 3781
2 1 3781
2 2 3781
2 3 3781
2 4 3781
2 5 3781
2 6 3781
2 7 3781
2 8 3781
2 9 3781
2 10 3781
2 11 3271 348 0 60 32 0 27 10 0 5 9 0 10 0 9
1 1 3801
1 2 3801
2 1 3801
2 2 3801
2 3 3801
2 4 3801
2 5 3801
2 6 3801
2 7 3801
2 8 3801
2 9 3801
2 10 3801
2 11 3291 348 0 60 32 0 27 10 0 5 9 0 10 0 9
1 1 3821
1 2 3821
2 1 3821
2 2 3821
2 3 3821
2 4 3821
2 5 3821
2 6 3821
2 7 3821
2 8 3821
2 9 3821
2 10 3821
2 11 3311 348 0 60 32 0 27 10 0 5 9 0 10 0 9
1 1 3841
1 2 3841
2 1 3841
2 2 3841
2 3 3841
2 4 3841
2 5 3841
2 6 3841
2 7 3841
2 8 3841
2 9 3841
2 10 3841
2 11 3331 348 0 60 32 0 27 10 0 5 9 0 10 0 9
1 1 3861
1 2 3861
2 1 3861
2 2 3861
2 3 3861
2 4 3861
2 5 3861
2 6 3861
2 7 3861
2 8 3861
2 9 3861
2 10 3861
2 11 3351 348 0 60 32 0 27 10 0 5 9 0 10 0 9
1 1 3881
1 2 3881
2 1 3881
2 2 3881
2 3 3881
2 4 3881
2 5 3881
2 6 3881
2 7 3881
2 8 3881
2 9 3881
2 10 3881
2 11 3371 348 0 60 32 0 27 10 0 5 9 0 10 0 9
1 1 3901
1 2 3901
2 1 3901
2 2 3901
2 3 3901
2 4 3901
2 5 3901
2 6 3901
2 7 3901
2 8 3901
2 9 3901
2 10 3901
2 11 3391 348 0 60 32 0 27 10 0 5 9 0 10 0 9
1 1 3921
1 2 3921
2 1 3921
2 2 3921
2 3 3921
2 4 3921
2 5 3921
2 6 3921
2 7 3921
2 8 3921
2 9 3921
2 10 3921
2 11 3411 348 0 60 32 0 27 10 0 5 9 0 10 0 9
1 1 3941
1 2 3941
2 1 3941
2 2 3941
2 3 3941
2 4 3941
2 5 3941
2 6 3941
2 7 3941
2 8 3941
2 9 3941
2 10 3941
2 11 3431 348 0 60 32 0 27 10 0 5 9 0 10 0 9
1 1 3961
1 2 3961
2 1 3961
2 2 3961
2 3 3961
2 4 3961
2 5 3961
2 6 3961
2 7 3961
2 8 3961
2 9 3961
2 10 3961
2 11 3451 348 0 60 32 0 27 10 0 5 9 0 10 0 9
1 1 3981
1 2 3981
2 1 3981
2 2 3981
2 3 3981
2 4 3981
2 5 3981
2 6 3981
2 7 3981
2 8 3981
2 9 3981
2 10 3981
2 11 3471 348 0 60 32 0 27 10 0 5 9 0 10 0 9
1 1 4001
1 2 4001
2 1 4001
2 2 4001
2 3 4001
2 4 4001
2 5 4001
2 6 4001
2 7 4001
2 8 4001
2 9 4001
2 10 4001
2 11 3491 348 0 60 32 0 27 10 0 5 9 0 10 0 9
1 1 4021
1 2 4021
2 1 4021
2 2 4021
2 3 4021
2 4 4021
2 5 4021
2 6 4021
2 7 4021
2 8 4021
2 9 4021
2 10 4021
2 11 3511 348 0 60 32 0 27 10 0 5 9 0 10 0 9
1 1 4041
1 2 4041
2 1 4041
2 2 4041
2 3 4041
2 4 4041
2 5 4041
2 6 4041
2 7 4041
2 8 4041
2 9 4041
2 10 4041
2 11 3531 348 0 60 32 0 27 10 0 5 9 0 10 0 9
1 1 4061
1 2 4061
2 1 4061
2 2 4061
2 3 4061
2 4 4061
2 5 4061
2 6 4061
2 7 4061
2 8 4061
2 9 4061
2 10 4061
2 11 3551 348 0 60 32 0 27 10 0 5 9 0 10 0 9
1 1 4081
1 2 4081
2 1 4081
2 2 4081
2 3 4081
2 4 4081
2 5 4081
2 6 4081
2 7 4081
2 8 4081
2 9 4081
2 10 4081
2 11 3571 348 0 60 32 0 27 10 0 5 9 0 10 0 9
1 1 4101
1 2 4101
2 1 4101
2 2 4101
2 3 4101
2 4 4101
2 5 4101
2 6 4101
2 7 4101
2 8 4101
2 9 4101
2 10 4101
2 11 3591 348 0 60 32 0 27 10 0 5 9 0 10 0 9
1 1 4121
1 2 4121
2 1 4121
2 2 4121
2 3 4121
2 4 4121
2 5 4121
2 6 4121
2 7 4121
2 8 4121
2 9 4121
2 10 4121
2 11 3611 348 0 60 32 0 27 10 0 5 9 0 10 0 9
1 1 4141
1 2 4141
2 1 4141
2 2 4141
2 3 4141
2 4 4141
2 5 4141
2 6 4141
2 7 4141
2 8 4141
2 9 4141
2 10 4141
2 11 3631 348 0 60 32 0 27 10 0 5 9 0 10 0 9
1 1 4161
1 2 4161
2 1 4161
2 2 4161
2 3 4161
2 4 4161
2 5 4161
2 6 4161
2 7 4161
2 8 4161
2 9 4161
2 10 4161
2 11 3651 348 0 60 32 0 27 10 0 5 9 0 10 0 9
1 1 4181
1 2 4181
2 1 4181
2 2 4181
2 3 4181
2 4 4181
2 5 4181
2 6 4181
2 7 4181
2 8 4181
2 9 4181
2 10 4181
2 11 3671 348 0 60 32 0 27 10 0 5 9 0 10 0 9
1 1 4201
1 2 4201
2 1 4201
2 2 4201
2 3 4201
2 4 4201
2 5 4201
2 6 4201
2 7 4201
2 8 4201
2 9 4201
2 10 4201
2 11 3691 348 0 60 32 0 27 10 0 5 9 0 10 0 9
1 1 4221
1 2 4221
2 1 4221
2 2 4221
2 3 4221
2 4 4221
2 5 4221
2 6 4221
2 7 4221
2 8 4221
2 9 4221
2 10 4221
2 11 3711 348 0 60 32 0 27 10 0 5 9 0 10 0 9
1 1 4241
1 2 4241
2 1 4241
2 2 4241
2 3 4241
2 4 4241
2 5 4241
2 6 4241
2 7 4241
2 8 4241
2 9 4241
2 10 4241
2 11 3731 348 0 60 32 0 27 10 0 5 9 0 10 0 9
1 1 4261
1 2 4261
2 1 4261
2 2 4261
2 3 4261
2 4 4261
2 5 4261
2 6 4261
2 7 4261
2 8 4261
2 9 4261
2 10 4261
2 11 3751 348 0 60 32 0 27 10 0 5 9 0 10 0 9
1 1 4281
1 2 4281
2 1 4281
2 2 4281
2 3 4281
2 4 4281
2 5 4281
2 6 4281
2 7 4281
2 8 4281
2 9 4281
2 10 4281
2 11 3771 348 0 60 32 0 27 10 0 5 9 0 10 0 9
1 1 4301
1 2 4301
2 1 4301
2 2 4301
2 3 4301
2 4 4301
2 5 4301
2 6 4301
2 7 4301
2 8 4301
2 9 4301
2 10 4301
2 11 3791 348 0 60 32 0 27 10 0 5 9 0 10 0 9
1 1 4321
1 2 4321
2 1 4321
2 2 4321
2 3 4321
2 4 4321
2 5 4321
2 6 4321
2 7 4321
2 8 4321
2 9 4321
2 10 4321
2 11 3811 348 0 60 32 0 27 10 0 5 9 0 10 0 9
1 1 4341
1 2 4341
2 1 4341
2 2 4341
2 3 4341
2 4 4341
2 5 4341
2 6 4341
2 7 4341
2 8 4341
2 9 4341
2 10 4341
2 11 3831 348 0 60 32 0 27 10 0 5 9 0 10 0 9
1 1 4361
1 2 4361
2 1 4361
2 2 4361
2 3 4361
2 4 4361
2 5 4361
2 6 4361
2 7 4361
2 8 4361
2 9 4361
2 10 4361
2 11 3851 348 0 60 32 0 27 10 0 5 9 0 10 0 9
1 1 4381
1 2 4381
2 1 4381
2 2 4381
2 3 4381
2 4 4381
2 5 4381
2 6 4381
2 7 4381
2 8 4381
2 9 4381
2 10 4381
2 11 3871 348 0 60 32 0 27 10 0 5 9 0 10 0 9
1 1 4401
1 2 4401
2 1 4401
2 2 4401
2 3 4401
2 4 4401
2 5 4401
2 6 4401
2 7 4401
2 8 4401
2 9 4401
2 10 4401
2 11 3891 348 0 60 32 0 27 10 0 5 9 0 10 0 9
1 1 4421
1 2 4421
2 1 4421
2 2 4421
2 3 4421
2 4 4421
2 5 4421
2 6 4421
2 7 4421
2 8 4421
2 9 4421
2 10 4421
2 11 3911 348 0 60 32 0 27 10 0 5 9 0 10 0 9
1 1 4441
1 2 4441
2 1 4441
2 2 4441
2 3 4441
2 4 4441
2 5 4441
2 6 4441
2 7 4441
2 8 4441
2 9 4441
2 10 4441
2 11 3931 348 0 60 32 0 27 10 0 5 9 0 10 0 9
1 1 4461
1 2 4461
2 1 4461
2 2 4461
2 3 4461
2 4 4461
2 5 4461
2 6 4461
2 7 4461
2 8 4461
2 9 4461
2 10 4461
2 11 3951 348 0 60 32 0 27 10 0 5 9 0 10 0 9
1 1 4481
1 2 4481
2 1 4481
2 2 4481
2 3 4481
2 4 4481
2 5 4481
2 6 4481
2 7 4481
2 8 4481
2 9 4481
2 10 4481
2 11 3971 348 0 60 32 0 27 10 0 5 9 0 10 0 9
1 1 4501
1 2 4501
2 1 4501
2 2 4501
2 3 4501
2 4 4501
2 5 4501
2 6 4501
2 7 4501
2 8 4501
2 9 4501
2 10 4501
2 11 3991 348 0 60 32 0 27 10 0 5 9 0 10 0 9
1 1 4521
1 2 4521
2 1 4521
2 2 4521
2 3 4521
2 4 4521
2 5 4521
2 6 4521
2 7 4521
2 8 4521
2 9 4521
2 10 4521
2 11 4011 348 0 60 32 0 27 10 0 5 9 0 10 0 9
1 1 4541
1 2 4541
2 1 4541
2 2 4541
2 3 4541
2 4 4541
2 5 4541
2 6 4541
2 7 4541
2 8 4541
2 9 4541
2 10 4541
2 11 4031 348 0 60 32 0 27 10 0 5 9 0 10 0 9
1 1 4561
1 2 4561
2 1 4561
2 2 4561
2 3 4561
2 4 4561
2 5 4561
2 6 4561
2 7 4561
2 8 4561
2 9 4561
2 10 4561
2 11 4051 348 0 60 32 0 27 10 0 5 9 0 10 0 9
1 1 4581
1 2 4581
2 1 4581
2 2 4581
2 3 4581
2 4 4581
2 5 4581
2 6 4581
2 7 4581
2 8 4581
2 9 4581
2 10 4581
2 11 4071 348 0 60 32 0 27 10 0 5 9 0 10 0 9
1 1 4601
1 2 4601
2 1 4601
2 2 4601
2 3 4601
2 4 4601
2 5 4601
2 6 4601
2 7 4601
2 8 4601
2 9 4601
2 10 4601
2 11 4091 348 0 60 32 0 27 10 0 5 9 0 10 0 9
1 1 4621
1 2 4621
2 1 4621
2 2 4621
2 3 4621
2 4 4621
2 5 4621
2 6 4621
2 7 4621
2 8 4621
2 9 4621
2 10 4621
2 11 4111 348 0 60 32 0 27 10 0 5 9 0 10 0 9
1 1 4641
1 2 4641
2 1 4641
2 2 4641
2 3 4641
2 4 4641
2 5 4641
2 6 4641
2 7 4641
2 8 4641
2 9 4641
2 10 4641
2 11 4131 348 0 60 32 0 27 10 0 5 9 0 10 0 9
1 1 4661
1 2 4661
2 1 4661
2 2 4661
2 3 4661
2 4 4661
2 5 4661
2 6 4661
2 7 4661
2 8 4661
2 9 4661
2 10 4661
2 11 4151 348 0 60 32 0 27 10 0 5 9 0 10 0 9
1 1 4681
1 2 4681
2 1 4681
2 2 4681
2 3 4681
2 4 4681
2 5 4681
2 6 4681
2 7 4681
2 8 4681
2 9 4681
2 10 4681
2 11 4171 348 0 60 32 0 27 10 0 5 9 0 10 0 9
1 1 4701
1 2 4701
2 1 4701
2 2 4701
2 3 4701
2 4 4701
2 5 4701
2 6 4701
2 7 4701
2 8 4701
2 9 4701
2 10 4701
2 11 4191 348 0 60 32 0 27 10 0 5 9 0 10 0 9
1 1 4721
1 2 4721
2 1 4721
2 2 4721
2 3 4721
2 4 4721
2 5 4721
2 6 4721
2 7 4721
2 8 4721
2 9 4721
2 10 4721
2 11 4211 348 0 60 32 0 27 10 0 5 9 0 10 0 9
1 1 4741
1 2 4741
2 1 4741
2 2 4741
2 3 4741
2 4 4741
2 5 4741
2 6 4741
2 7 4741
2 8 4741
2 9 4741
2 10 4741
2 11 4231 348 0 60 32 0 27 10 0 5 9 0 10 0 9
1 1 4761
1 2 4761
2 1 4761
2 2 4761
2 3 4761
2 4 4761
2 5 4761
2 6 4761
2 7 4761
2 8 4761
2 9 4761
2 10 4761
2 11 4251 348 0 60 32 0 27 10 0 5 9 0 10 0 9
1 1 4781
1 2 4781
2 1 4781
2 2 4781
2 3 4781
2 4 4781
2 5 4781
2 6 4781
2 7 4781
2 8 4781
2 9 4781
2 10 4781
2 11 4271 348 0 60 32 0 27 10 0 5 9 0 10 0 9
1 1 4801
1 2 4801
2 1 4801
2 2 4801
2 3 4801
2 4 4801
2 5 4801
2 6 4801
2 7 4801
2 8 4801
2 9 4801
2 10 4801
2 11 4291 348 0 60 32 0 27 10 0 5 9 0 10 0 9
1 1 4821
1 2 4821
2 1 4821
2 2 4821
2 3 4821
2 4 4821
2 5 4821
2 6 4821
2 7 4821
2 8 4821
2 9 4821
2 10 4821
2 11 4311 348 0 60 32 0 27 10 0 5 9 0 10 0 9
1 1 4841
1 2 4841
2 1 4841
2 2 4841
2 3 4841
2 4 4841
2 5 4841
2 6 4841
2 7 4841
2 8 4841
2 9 4841
2 10 4841
2 11 4331 348 0 60 32 0 27 10 0 5 9 0 10 0 9
1 1 4861
1 2 4861
2 1 4861
2 2 4861
2 3 4861
2 4 4861
2 5 4861
2 6 4861
2 7 4861
2 8 4861
2 9 4861
2 10 4861
2 11 4351 348 0 60 32 0 27 10 0 5 9 0 10 0 9
1 1 4881
1 2 4881
2 1 4881
2 2 4881
2 3 4881
2 4 4881
2 5 4881
2 6 4881
2 7 4881
2 8 4881
2 9 4881
2 10 4881
2 11 4371 348 0 60 32 0 27 10 0 5 9 0 10 0 9
1 1 4901
1 2 4901
2 1 4901
2 2 4901
2 3 4901
2 4 4901
2 5 4901
2 6 4901
2 7 4901
2 8 4901
2 9 4901
2 10 4901
2 11 4391 348 0 60 32 0 27 10 0 5 9 0 10 0 9
1 1 4921
1 2 4921
2 1 4921
2 2 4921
2 3 4921
2 4 4921
2 5 4921
2 6 4921
2 7 4921
2 8 4921
2 9 4921
2 10 4921
2 11 4411 348 0 60 32 0 27 10 0 5 9 0 10 0 9
1 1 4941
1 2 4941
2 1 4941
2 2 4941
2 3 4941
2 4 4941
2 5 4941
2 6 4941
2 7 4941
2 8 4941
2 9 4941
2 10 4941
2 11 4431 348 0 60 32 0 27 10 0 5 9 0 10 0 9
1 1 4961
1 2 4961
2 1 4961
2 2 4961
2 3 4961
2 4 4961
2 5 4961
2 6 4961
2 7 4961
2 8 4961
2 9 4961
2 10 4961
2 11 4451 348 0 60 32 0 27 10 0 5 9 0 10 0 9
1 1 4981
1 2 4981
2 1 4981
2 2 4981
2 3 4981
2 4 4981
2 5 4981
2 6 4981
2 7 4981
2 8 4981
2 9 4981
2 10 4981
2 11 4471 348 0 60 32 0 27 10 0 5 9 0 10 0 9
1 1 5001
1 2 5001
2 1 5001
2 2 5001
2 3 5001
2 4 5001
2 5 5001
2 6 5001
2 7 5001
2 8 5001
2 9 5001
2 10 5001
2 11 4491 348 0 60 32 0 27 10 0 5 9 0 10 0 9
1 1 5021
1 2 5021
2 1 5021
2 2 5021
2 3 5021
2 4 5021
2 5 5021
2 6 5021
2 7 5021
2 8 5021
2 9 5021
2 10 5021
2 11 4511 348 0 60 32 0 27 10 0 5 9 0 10 0 9
1 1 5041
1 2 5041
2 1 5041
2 2 5041
2 3 5041
2 4 5041
2 5 5041
2 6 5041
2 7 5041
2 8 5041
2 9 5041
2 10 5041
2 11 4531 348 0 60 32 0 27 10 0 5 9 0 10 0 9
1 1 5061
1 2 5061
2 1 5061
2 2 5061
2 3 5061
2 4 5061
2 5 5061
2 6 5061
2 7 5061
2 8 5061
2 9 5061
2 10 5061
2 11 4551 348 0 60 32 0 27 10 0 5 9 0 10 0 9
1 1 5081
1 2 5081
2 1 5081
2 2 5081
2 3 5081
2 4 5081
2 5 5081
2 6 5081
2 7 5081
2 8 5081
2 9 5081
2 10 5081
2 11 4571 348 0 60 32 0 27 10 0 5 9 0 10 0 9
1 1 5101
1 2 5101
2 1 5101
2 2 5101
2 3 5101
2 4 5101
2 5 5101
2 6 5101
2 7 5101
2 8 5101
2 9 5101
2 10 5101
2 11 4591 348 0 60 32 0 27 10 0 5 9 0 10 0 9
1 1 5121
1 2 5121
2 1 5121
2 2 5121
2 3 5121
2 4 5121
2 5 5121
2 6 5121
2 7 5121
2 8 5121
2 9 5121
2 10 5121
2 11 4611 348 0 60 32 0 27 10 0 5 9 0 10 0 9
1 1 5141
1 2 5141
2 1 5141
2 2 5141
2 3 5141
2 4 5141
2 5 5141
2 6 5141
2 7 5141
2 8 5141
2 9 5141
2 10 5141
2 11 4631 348 0 60 32 0 27 10 0 5 9 0 10 0 9
1 1 5161
1 2 5161
2 1 5161
2 2 5161
2 3 5161
2 4 5161
2 5 5161
2 6 5161
2 7 5161
2 8 5161
2 9 5161
2 10 5161
2 11 4651 348 0 60 32 0 27 10 0 5 9 0 10 0 9
1 1 5181
1 2 5181
2 1 5181
2 2 5181
2 3 5181
2 4 5181
2 5 5181
2 6 5181
2 7 5181
2 8 5181
2 9 5181
2 10 5181
2 11 4671 348 0 60 32 0 27 10 0 5 9 0 10 0 9
1 1 5201
1 2 5201
2 1 5201
2 2 5201
2 3 5201
2 4 5201
2 5 5201
2 6 5201
2 7 5201
2 8 5201
2 9 5201
2 10 5201
2 11 4691 348 0 60 32 0 27 10 0 5 9 0 10 0 9
1 1 5221
1 2 5221
2 1 5221
2 2 5221
2 3 5221
2 4 5221
2 5 5221
2 6 5221
2 7 5221
2 8 5221
2 9 5221
2 10 5221
2 11 4711 348 0 60 32 0 27 10 0 5 9 0 10 0 9
1 1 5241
1 2 5241
2 1 5241
2 2 5241
2 3 5241
2 4 5241
2 5 5241
2 6 5241
2 7 5241
2 8 5241
2 9 5241
2 10 5241
2 11 4731 348 0 60 32 0 27 10 0 5 9 0 10 0 9
1 1 5261
1 2 5261
2 1 5261
2 2 5261
2 3 5261
2 4 5261
2 5 5261
2 6 5261
2 7 5261
2 8 5261
2 9 5261
2 10 5261
2 11 4751 348 0 60 32 0 27 10 0 5 9 0 10 0 9
1 1 5281
1 2 5281
2 1 5281
2 2 5281
2 3 5281
2 4 5281
2 5 5281
2 6 5281
2 7 5281
2 8 5281
2 9 5281
2 10 5281
2 11 4771 348 0 60 32 0 27 10 0 5 9 0 10 0 9
1 1 5301
1 2 5301
2 1 5301
2 2 5301
2 3 5301
2 4 5301
2 5 5301
2 6 5301
2 7 5301
2 8 5301
2 9 5301
2 10 5301
2 11 4791 348 0 60 32 0 27 10 0 5 9 0 10 0 9
1 1 5321
1 2 5321
2 1 5321
2 2 5321
2 3 5321
2 4 5321
2 5 5321
2 6 5321
2 7 5321
2 8 5321
2 9 5321
2 10 5321
2 11 4811 348 0 60 32 0 27 10 0 5 9 0 10 0 9
1 1 5341
1 2 5341
2 1 5341
2 2 5341
2 3 5341
2 4 5341
2 5 5341
2 6 5341
2 7 5341
2 8 5341
2 9 5341
2 10 5341
2 11 4831 348 0 60 32 0 27 10 0 5 9 0 10 0 9
1 1 5361
1 2 5361
2 1 5361
2 2 5361
2 3 5361
2 4 5361
2 5 5361
2 6 5361
2 7 5361
2 8 5361
2 9 5361
2 10 5361
2 11 4851 348 0 60 32 0 27 10 0 5 9 0 10 0 9
1 1 5381
1 2 5381
2 1 5381
2 2 5381
2 3 5381
2 4 5381
2 5 5381
2 6 5381
2 7 5381
2 8 5381
2 9 5381
2 10 5381
2 11 4871 348 0 60 32 0 27 10 0 5 9 0 10 0 9
1 1 5401
1 2 5401
2 1 5401
2 2 5401
2 3 5401
2 4 5401
2 5 5401
2 6 5401
2 7 5401
2 8 5401
2 9 5401
2 10 5401
2 11 4891 348 0 60 32 0 27 10 0 5 9 0 10 0 9
1 1 5421
1 2 5421
2 1 5421
2 2 5421
2 3 5421
2 4 5421
2 5 5421
2 6 5421
2 7 5421
2 8 5421
2 9 5421
2 10 5421
2 11 4911 348 0 60 32 0 27 10 0 5 9 0 10 0 9
1 1 5441
1 2 5441
2 1 5441
2 2 5441
2 3 5441
2 4 5441
2 5 5441
2 6 5441
2 7 5441
2 8 5441
2 9 5441
2 10 5441
2 11 4931 348 0 60 32 0 27 10 0 5 9 0 10 0 9
1 1 5461
1 2 5461
2 1 5461
2 2 5461
2 3 5461
2 4 5461
2 5 5461
2 6 5461
2 7 5461
2 8 5461
2 9 5461
2 10 5461
2 11 4951 348 0 60 32 0 27 10 0 5 9 0 10 0 9
1 1 5481
1 2 5481
2 1 5481
2 2 5481
2 3 5481
2 4 5481
2 5 5481
2 6 5481
2 7 5481
2 8 5481
2 9 5481
2 10 5481
2 11 4971 348 0 60 32 0 27 10 0 5 9 0 10 0 9
1 1 5501
1 2 5501
2 1 5501
2 2 5501
2 3 5501
2 4 5501
2 5 5501
2 6 5501
2 7 5501
2 8 5501
2 9 5501
2 10 5501
2 11 4991 348 0 60 32 0 27 10 0 5 9 0 10 0 9
1 1 5521
1 2 5521
2 1 5521
2 2 5521
2 3 5521
2 4 5521
2 5 5521
2 6 5521
2 7 5521
2 8 5521
2 9 5521
2 10 5521
2 11 5011 348 0 60 32 0 27 10 0 5 9 0 10 0 9
1 1 5541
1 2 5541
2 1 5541
2 2 5541
2 3 5541
2 4 5541
2 5 5541
2 6 5541
2 7 5541
2 8 5541
2 9 5541
2 10 5541
2 11 5031 348 0 60 32 0 27 10 0 5 9 0 10 0 9
1 1 5561
1 2 5561
2 1 5561
2 2 5561
2 3 5561
2 4 5561
2 5 5561
2 6 5561
2 7 5561
2 8 5561
2 9 5561
2 10 5561
2 11 5051 348 0 60 32 0 27 10 0 5 9 0 10 0 9
1 1 5581
1 2 5581
2 1 5581
2 2 5581
2 3 5581
2 4 5581
2 5 5581
2 6 5581
2 7 5581
2 8 5581
2 9 5581
2 10 5581
2 11 5071 348 0 60 32 0 27 10 0 5 9 0 10 0 9
1 1 5601
1 2 5601
2 1 5601
2 2 5601
2 3 5601
2 4 5601
2 5 5601
2 6 5601
2 7 5601
2 8 5601
2 9 5601
2 10 5601
2 11 5091 348 0 60 32 0 27 10 0 5 9 0 10 0 9
1 1 5621
1 2 5621
2 1 5621
2 2 5621
2 3 5621
2 4 5621
2 5 5621
2 6 5621
2 7 5621
2 8 5621
2 9 5621
2 10 5621
2 11 5111 348 0 60 32 0 27 10 0 5 9 0 10 0 9
1 1 5641
1 2 5641
2 1 5641
2 2 5641
2 3 5641
2 4 5641
2 5 5641
2 6 5641
2 7 5641
2 8 5641
2 9 5641
2 10 5641
2 11 5131 348 0 60 32 0 27 10 0 5 9 0 10 0 9
1 1 5661
1 2 5661
2 1 5661
2 2 5661
2 3 5661
2 4 5661
2 5 5661
2 6 5661
2 7 5661
2 8 5661
2 9 5661
2 10 5661
2 11 5151 348 0 60 32 0 27 10 0 5 9 0 10 0 9
1 1 5681
1 2 5681
2 1 5681
2 2 5681
2 3 5681
2 4 5681
2 5 5681
2 6 5681
2 7 5681
2 8 5681
2 9 5681
2 10 5681
2 11 5171 348 0 60 32 0 27 10 0 5 9 0 10 0 9
1 1 5701
1 2 5701
2 1 5701
2 2 5701
2 3 5701
2 4 5701
2 5 5701
2 6 5701
2 7 5701
2 8 5701
2 9 5701
2 10 5701
2 11 5191 348 0 60 32 0 27 10 0 5 9 0 10 0 9
1 1 5721
1 2 5721
2 1 5721
2 2 5721
2 3 5721
2 4 5721
2 5 5721
2 6 5721
2 7 5721
2 8 5721
2 9 5721
2 10 5721
2 11 5211 348 0 60 32 0 27 10 0 5 9 0 10 0 9
1 1 5741
1 2 5741
2 1 5741
2 2 5741
2 3 5741
2 4 5741
2 5 5741
2 6 5741
2 7 5741
2 8 5741
2 9 5741
2 10 5741
2 11 5231 348 0 60 32 0 27 10 0 5 9 0 10 0 9
1 1 5761
1 2 5761
2 1 5761
2 2 5761
2 3 5761
2 4 5761
2 5 5761
2 6 5761
2 7 5761
2 8 5761
2 9 5761
2 10 5761
2 11 5251 348 0 60 32 0 27 10 0 5 9 0 10 0 9
1 1 5781
1 2 5781
2 1 5781
2 2 5781
2 3 5781
2 4 5781
2 5 5781
2 6 5781
2 7 5781
2 8 5781
2 9 5781
2 10 5781
2 11 5271 348 0 60 32 0 27 10 0 5 9 0 10 0 9
1 1 5801
1 2 5801
2 1 5801
2 2 5801
2 3 5801
2 4 5801
2 5 5801
2 6 5801
2 7 5801
2 8 5801
2 9 5801
2 10 5801
2 11 5291 348 0 60 32 0 27 10 0 5 9 0 10 0 9
