10 0 10000 110 553430176 107535124 1857670775 92593767
11 0 10000 111 553430176 107535124 1869383490 92593767
12 0 10000 112 553430176 107535124 1873529444 92593767
15 0 10000 115 553430176 107535124 1874956746 92593767
13 0 10000 113 553430176 107535124 1877199775 92593767
7 0 10000 107 553430176 107504368 1881163448 92593767
3 0 10000 103 553430176 106779814 1882134652 92593767
18 0 10000 118 553430176 107535124 1881823412 92593767
14 0 10000 114 553430176 107535124 1882135599 92593767
17 0 10000 117 553430176 107535124 1883243917 92593767
9 0 10000 109 553430176 107535124 1883279999 92593767
8 0 10000 108 553430176 107535124 1884303155 92593767
4 0 10000 104 553430176 106779814 1885870833 92593767
16 0 10000 116 553430176 107535124 1885167022 92593767
5 0 10000 105 553430176 107504368 1885480072 92593767
6 0 10000 106 553430176 107504368 1885970038 92593767
