3 0 10000 103 553430176 104797125 1859759045 92593767
8 0 10000 108 553430176 106747627 1863912273 92593767
6 0 10000 106 553430176 106747627 1869236756 92593767
4 0 10000 104 553430176 105705738 1870423926 92593767
16 0 10000 116 553430176 111152649 1869882092 92593767
12 0 10000 112 553430176 111152649 1870557327 92593767
5 0 10000 105 553430176 105705738 1876378775 92593767
18 0 10000 118 553430176 111152649 1876662221 92593767
14 0 10000 114 553430176 111152649 1877193352 92593767
15 0 10000 115 553430176 111152649 1877207036 92593767
10 0 10000 110 553430176 111152649 1877360451 92593767
9 0 10000 109 553430176 106747627 1884395161 92593767
17 0 10000 117 553430176 111152649 1880279935 92593767
13 0 10000 113 553430176 111152649 1881204314 92593767
7 0 10000 107 553430176 106747627 1885843224 92593767
11 0 10000 111 553430176 111152649 1881460250 92593767
