9 0 10000 109 553430176 103067398 1866222110 92593767
3 0 10000 103 553430176 102590799 1871205881 92593767
17 0 10000 117 553430176 105440855 1868663273 92593767
13 0 10000 113 553430176 105440855 1876116841 92593767
6 0 10000 106 553430176 103067398 1878518192 92593767
10 0 10000 110 553430176 105440855 1876241649 92593767
14 0 10000 114 553430176 105440855 1876299966 92593767
5 0 10000 105 553430176 103067398 1880023213 92593767
7 0 10000 107 553430176 103067398 1880547357 92593767
15 0 10000 115 553430176 105440855 1879583895 92593767
16 0 10000 116 553430176 105440855 1880057257 92593767
4 0 10000 104 553430176 103067398 1883024460 92593767
8 0 10000 108 553430176 103067398 1884025553 92593767
11 0 10000 111 553430176 105440855 1882620229 92593767
18 0 10000 118 553430176 105440855 1883475019 92593767
12 0 10000 112 553430176 105440855 1884138012 92593767
