3 0 10000 103 553430176 98267078 1841315293 92593767
4 0 10000 104 553430176 98267078 1856953892 92593767
5 0 10000 105 553430176 98267078 1869963948 92593767
14 0 10000 114 553430176 102183819 1867986083 92593767
6 0 10000 106 553430176 101834536 1872613650 92593767
10 0 10000 110 553430176 102183819 1872603705 92593767
12 0 10000 112 553430176 102183819 1873537703 92593767
7 0 10000 107 553430176 102183819 1876217812 92593767
18 0 10000 118 553430176 116991043 1861885344 92593767
8 0 10000 108 553430176 102183819 1878774697 92593767
11 0 10000 111 553430176 102183819 1879189059 92593767
13 0 10000 113 553430176 102183819 1879273728 92593767
15 0 10000 115 553430176 116991043 1865724900 92593767
9 0 10000 109 553430176 102183819 1880808107 92593767
16 0 10000 116 553430176 116991043 1866669102 92593767
17 0 10000 117 553430176 116991043 1867639456 92593767
