3 0 10000 103 553430176 92006683 1414436338 92593767
16 0 10000 116 553430176 106160402 1847332005 92593767
18 0 10000 118 553430176 106160402 1849232846 92593767
11 0 10000 111 553430176 106160402 1850761655 92593767
12 0 10000 112 553430176 106160402 1855025323 92593767
15 0 10000 115 553430176 106160402 1856677309 92593767
7 0 10000 107 553430176 106160402 1861124768 92593767
6 0 10000 106 553430176 106160402 1862021955 92593767
10 0 10000 110 553430176 106160402 1863959393 92593767
13 0 10000 113 553430176 106160402 1864032127 92593767
5 0 10000 105 553430176 106160402 1866165724 92593767
8 0 10000 108 553430176 106160402 1866310179 92593767
9 0 10000 109 553430176 106160402 1866760481 92593767
17 0 10000 117 553430176 106160402 1866998700 92593767
14 0 10000 114 553430176 106160402 1867587611 92593767
4 0 10000 104 553430176 106160402 1868262995 92593767
