3 0 10000 103 553430176 102650642 1860544093 92593767
9 0 10000 109 553430176 103240013 1864725822 92593767
6 0 10000 106 553430176 102650642 1869759575 92593767
11 0 10000 111 553430176 103240013 1876285705 92593767
13 0 10000 113 553430176 103240013 1876631630 92593767
5 0 10000 105 553430176 102650642 1878862469 92593767
12 0 10000 112 553430176 103240013 1880585989 92593767
17 0 10000 117 553430176 103240013 1883081263 92593767
14 0 10000 114 553430176 103240013 1883585707 92593767
4 0 10000 104 553430176 102650642 1884955594 92593767
10 0 10000 110 553430176 103240013 1885457447 92593767
15 0 10000 115 553430176 103240013 1885619838 92593767
8 0 10000 108 553430176 103240013 1886038960 92593767
18 0 10000 118 553430176 103240013 1886241801 92593767
7 0 10000 107 553430176 103240013 1886518516 92593767
16 0 10000 116 553430176 103240013 1886768736 92593767
