13 0 10000 113 553430176 102631330 1861770888 92593767
3 0 10000 103 553430176 100667477 1864619019 92593767
14 0 10000 114 553430176 102631330 1865043873 92593767
12 0 10000 112 553430176 102631330 1868917587 92593767
5 0 10000 105 553430176 101295948 1871204345 92593767
10 0 10000 110 553430176 102631330 1870171398 92593767
18 0 10000 118 553430176 104444027 1876042638 92593767
4 0 10000 104 553430176 101295948 1879340276 92593767
6 0 10000 106 553430176 101295948 1880584303 92593767
7 0 10000 107 553430176 101295948 1881076624 92593767
8 0 10000 108 553430176 102631330 1880434116 92593767
11 0 10000 111 553430176 102631330 1881338852 92593767
16 0 10000 116 553430176 104444027 1880607600 92593767
15 0 10000 115 553430176 104444027 1880860660 92593767
17 0 10000 117 553430176 104444027 1881299244 92593767
9 0 10000 109 553430176 102631330 1883801463 92593767
