5 0 10000 105 553430176 105585337 1870140398 92593767
6 0 10000 106 553430176 105585337 1876586522 92593767
18 0 10000 118 553430176 105940342 1876995249 92593767
8 0 10000 108 553430176 105585337 1877432035 92593767
9 0 10000 109 553430176 105585337 1878117266 92593767
12 0 10000 112 553430176 105940342 1879746059 92593767
11 0 10000 111 553430176 105940342 1880872588 92593767
13 0 10000 113 553430176 105940342 1881089938 92593767
10 0 10000 110 553430176 105585337 1882605839 92593767
3 0 10000 103 553430176 105585337 1882781989 92593767
17 0 10000 117 553430176 105940342 1883215042 92593767
16 0 10000 116 553430176 105940342 1884024393 92593767
14 0 10000 114 553430176 105940342 1884203660 92593767
4 0 10000 104 553430176 105585337 1885262071 92593767
15 0 10000 115 553430176 105940342 1885334068 92593767
7 0 10000 107 553430176 105585337 1886414008 92593767
