5 0 10000 105 553430176 105183363 1866220218 92593767
17 0 10000 117 553430176 105858803 1869741864 92593767
6 0 10000 106 553430176 105183363 1873697068 92593767
13 0 10000 113 553430176 105183363 1875085783 92593767
12 0 10000 112 553430176 105183363 1875763763 92593767
11 0 10000 111 553430176 105183363 1876497464 92593767
15 0 10000 115 553430176 105183363 1877114975 92593767
9 0 10000 109 553430176 105183363 1879898497 92593767
7 0 10000 107 553430176 105183363 1880423958 92593767
4 0 10000 104 553430176 105183363 1882490993 92593767
10 0 10000 110 553430176 105183363 1884069804 92593767
3 0 10000 103 553430176 105183363 1884278843 92593767
16 0 10000 116 553430176 105858803 1883844960 92593767
18 0 10000 118 553430176 105858803 1883967325 92593767
14 0 10000 114 553430176 105183363 1885393577 92593767
8 0 10000 108 553430176 105183363 1885766644 92593767
