3 0 10000 103 553430176 98720074 1694045336 92593767
5 0 10000 105 553430176 102480412 1795338535 92593767
12 0 10000 112 553430176 113738775 1849715892 92593767
18 0 10000 118 553430176 113738775 1852993429 92593767
6 0 10000 106 553430176 109972000 1858281098 92593767
9 0 10000 109 553430176 113738775 1854968197 92593767
4 0 10000 104 553430176 102480412 1873533043 92593767
15 0 10000 115 553430176 113738775 1862618666 92593767
10 0 10000 110 553430176 113738775 1863627525 92593767
13 0 10000 113 553430176 113738775 1867002638 92593767
16 0 10000 116 553430176 113738775 1867282953 92593767
11 0 10000 111 553430176 113738775 1867526124 92593767
17 0 10000 117 553430176 113738775 1868101917 92593767
7 0 10000 107 553430176 113738775 1868270227 92593767
14 0 10000 114 553430176 113738775 1868309122 92593767
8 0 10000 108 553430176 113738775 1868882552 92593767
