9 0 10000 109 553430176 105532646 1857527417 92593767
5 0 10000 105 553430176 105532646 1867577760 92593767
10 0 10000 110 553430176 105532646 1868032738 92593767
18 0 10000 118 553430176 108997345 1867903307 92593767
16 0 10000 116 553430176 108997345 1873455779 92593767
4 0 10000 104 553430176 105532646 1878542032 92593767
13 0 10000 113 553430176 108997345 1875355190 92593767
11 0 10000 111 553430176 108997345 1875541425 92593767
12 0 10000 112 553430176 108997345 1876947197 92593767
6 0 10000 106 553430176 105532646 1883537031 92593767
7 0 10000 107 553430176 105532646 1883725404 92593767
17 0 10000 117 553430176 108997345 1880354892 92593767
3 0 10000 103 553430176 105532646 1884661350 92593767
15 0 10000 115 553430176 108997345 1881544536 92593767
14 0 10000 114 553430176 108997345 1882118760 92593767
8 0 10000 108 553430176 105532646 1886472735 92593767
