11 0 10000 111 553430176 107436895 1855807386 92593767
17 0 10000 117 553430176 107869864 1861897000 92593767
15 0 10000 115 553430176 107436895 1867208021 92593767
4 0 10000 104 553430176 106999159 1873676153 92593767
18 0 10000 118 553430176 107869864 1877566217 92593767
3 0 10000 103 553430176 106999159 1879455778 92593767
7 0 10000 107 553430176 107255220 1879798618 92593767
5 0 10000 105 553430176 107255220 1881248885 92593767
16 0 10000 116 553430176 107436895 1881873193 92593767
12 0 10000 112 553430176 107436895 1883794201 92593767
13 0 10000 113 553430176 107436895 1885304267 92593767
8 0 10000 108 553430176 107304335 1886022054 92593767
6 0 10000 106 553430176 107255220 1886297199 92593767
14 0 10000 114 553430176 107436895 1886203413 92593767
9 0 10000 109 553430176 107304335 1886669136 92593767
10 0 10000 110 553430176 107304335 1886936728 92593767
