3 0 10000 103 553430176 102185726 1786301309 92593767
11 0 10000 111 553430176 106513023 1862315247 92593767
16 0 10000 116 553430176 106513023 1862502340 92593767
5 0 10000 105 553430176 106223345 1866902901 92593767
14 0 10000 114 553430176 106513023 1867562052 92593767
18 0 10000 118 553430176 106513023 1869564164 92593767
6 0 10000 106 553430176 106513023 1874001328 92593767
13 0 10000 113 553430176 106513023 1874515986 92593767
8 0 10000 108 553430176 106513023 1875533654 92593767
9 0 10000 109 553430176 106513023 1877525018 92593767
12 0 10000 112 553430176 106513023 1877707340 92593767
15 0 10000 115 553430176 106513023 1877856398 92593767
4 0 10000 104 553430176 106223345 1878756866 92593767
7 0 10000 107 553430176 106513023 1878828400 92593767
17 0 10000 117 553430176 106513023 1879124404 92593767
10 0 10000 110 553430176 106513023 1879809466 92593767
