3 0 10000 103 553430176 99154234 1841010884 92593767
14 0 10000 114 553430176 102865934 1862584519 92593767
16 0 10000 116 553430176 102865934 1866445322 92593767
8 0 10000 108 553430176 101038218 1868407216 92593767
4 0 10000 104 553430176 101038218 1873628793 92593767
17 0 10000 117 553430176 102865934 1872980888 92593767
15 0 10000 115 553430176 102865934 1874495347 92593767
7 0 10000 107 553430176 101038218 1876883926 92593767
11 0 10000 111 553430176 102865934 1876438605 92593767
18 0 10000 118 553430176 102865934 1877074264 92593767
13 0 10000 113 553430176 102865934 1878686271 92593767
5 0 10000 105 553430176 101038218 1881342517 92593767
6 0 10000 106 553430176 101038218 1881758927 92593767
9 0 10000 109 553430176 101038218 1881819132 92593767
10 0 10000 110 553430176 102865934 1880022122 92593767
12 0 10000 112 553430176 102865934 1880220657 92593767
