11 0 10000 111 553430176 107472181 1860432035 92593767
13 0 10000 113 553430176 107472181 1865079948 92593767
5 0 10000 105 553430176 107472181 1867588627 92593767
4 0 10000 104 553430176 107472181 1873953079 92593767
18 0 10000 118 553430176 110418081 1872593353 92593767
7 0 10000 107 553430176 107472181 1875736046 92593767
16 0 10000 116 553430176 107472181 1876384218 92593767
8 0 10000 108 553430176 107472181 1876614825 92593767
9 0 10000 109 553430176 107472181 1879256955 92593767
10 0 10000 110 553430176 107472181 1880694893 92593767
6 0 10000 106 553430176 107472181 1881968258 92593767
17 0 10000 117 553430176 107472181 1883814333 92593767
15 0 10000 115 553430176 107472181 1884257189 92593767
12 0 10000 112 553430176 107472181 1884574216 92593767
14 0 10000 114 553430176 107472181 1885223974 92593767
3 0 10000 103 553430176 107472181 1885261008 92593767
