6 0 10000 106 553430176 106984615 1862549892 92593767
15 0 10000 115 553430176 107021570 1865659344 92593767
4 0 10000 104 553430176 106984615 1869523130 92593767
17 0 10000 117 553430176 107021570 1870401894 92593767
8 0 10000 108 553430176 106984615 1874620261 92593767
5 0 10000 105 553430176 106984615 1875658405 92593767
18 0 10000 118 553430176 107021570 1876477679 92593767
13 0 10000 113 553430176 107021570 1877449760 92593767
7 0 10000 107 553430176 106984615 1877759683 92593767
12 0 10000 112 553430176 107021570 1877811051 92593767
9 0 10000 109 553430176 106984615 1880029935 92593767
16 0 10000 116 553430176 107021570 1880361325 92593767
10 0 10000 110 553430176 106984615 1881467887 92593767
11 0 10000 111 553430176 107021570 1882334525 92593767
14 0 10000 114 553430176 107021570 1882383197 92593767
3 0 10000 103 553430176 106984615 1883114240 92593767
