14 0 10000 114 553430176 108765125 1847433314 92593767
3 0 10000 103 553430176 101846695 1861553577 92593767
9 0 10000 109 553430176 105480671 1862185950 92593767
6 0 10000 106 553430176 102490187 1872641522 92593767
4 0 10000 104 553430176 102490187 1873909458 92593767
7 0 10000 107 553430176 102490187 1876318899 92593767
5 0 10000 105 553430176 102490187 1877510573 92593767
12 0 10000 112 553430176 108765125 1872339836 92593767
10 0 10000 110 553430176 105480671 1876087388 92593767
8 0 10000 108 553430176 102490187 1881321094 92593767
13 0 10000 113 553430176 108765125 1876481313 92593767
18 0 10000 118 553430176 108765125 1877225951 92593767
16 0 10000 116 553430176 108765125 1877968043 92593767
11 0 10000 111 553430176 105480671 1881805195 92593767
17 0 10000 117 553430176 108765125 1878764855 92593767
15 0 10000 115 553430176 108765125 1879120701 92593767
