5 0 10000 105 553430176 102431774 1870099008 92593767
11 0 10000 111 553430176 105139971 1870524427 92593767
12 0 10000 112 553430176 105139971 1872505252 92593767
4 0 10000 104 553430176 102431774 1877998763 92593767
9 0 10000 109 553430176 105139971 1875333400 92593767
6 0 10000 106 553430176 102431774 1878170316 92593767
14 0 10000 114 553430176 107618093 1875941399 92593767
15 0 10000 115 553430176 107618093 1877532187 92593767
7 0 10000 107 553430176 105139971 1882043858 92593767
13 0 10000 113 553430176 107618093 1879869206 92593767
8 0 10000 108 553430176 105139971 1882673049 92593767
3 0 10000 103 553430176 102431774 1885500047 92593767
18 0 10000 118 553430176 107618093 1880746487 92593767
17 0 10000 117 553430176 107618093 1880953717 92593767
16 0 10000 116 553430176 107618093 1881041636 92593767
10 0 10000 110 553430176 105139971 1883916348 92593767
