3 0 10000 103 553430176 103930712 1802972759 92593767
10 0 10000 110 553430176 107271910 1866119627 92593767
9 0 10000 109 553430176 107271910 1871431208 92593767
14 0 10000 114 553430176 107271910 1872945255 92593767
7 0 10000 107 553430176 107271910 1875544876 92593767
12 0 10000 112 553430176 107271910 1875810766 92593767
11 0 10000 111 553430176 107271910 1876477170 92593767
18 0 10000 118 553430176 107271910 1877210676 92593767
16 0 10000 116 553430176 107271910 1877216494 92593767
17 0 10000 117 553430176 107271910 1877763482 92593767
15 0 10000 115 553430176 107271910 1881019188 92593767
4 0 10000 104 553430176 107271910 1881728430 92593767
8 0 10000 108 553430176 107271910 1882195660 92593767
13 0 10000 113 553430176 107271910 1882244528 92593767
6 0 10000 106 553430176 107271910 1882470149 92593767
5 0 10000 105 553430176 107271910 1882663746 92593767
