8 0 10000 108 553430176 104077578 1866162566 92593767
16 0 10000 116 553430176 104777098 1867014784 92593767
5 0 10000 105 553430176 104077578 1867965875 92593767
14 0 10000 114 553430176 104777098 1867650969 92593767
15 0 10000 115 553430176 104777098 1871467889 92593767
3 0 10000 103 553430176 102707148 1875953925 92593767
12 0 10000 112 553430176 104777098 1874805804 92593767
4 0 10000 104 553430176 103606939 1882048448 92593767
6 0 10000 106 553430176 104077578 1882122776 92593767
10 0 10000 110 553430176 104077578 1882662381 92593767
9 0 10000 109 553430176 104077578 1882735963 92593767
17 0 10000 117 553430176 104777098 1882365817 92593767
7 0 10000 107 553430176 104077578 1883071736 92593767
11 0 10000 111 553430176 104777098 1882718177 92593767
13 0 10000 113 553430176 104777098 1883498562 92593767
18 0 10000 118 553430176 104777098 1883997316 92593767
