5 0 10000 105 553430176 98850727 1846605283 92593767
3 0 10000 103 553430176 98751068 1855005818 92593767
6 0 10000 106 553430176 101429939 1864075494 92593767
12 0 10000 112 553430176 105385303 1863282872 92593767
14 0 10000 114 553430176 107030630 1862272542 92593767
17 0 10000 117 553430176 107030630 1863571754 92593767
7 0 10000 107 553430176 101788521 1870009589 92593767
8 0 10000 108 553430176 105385303 1867140023 92593767
16 0 10000 116 553430176 107030630 1870293645 92593767
11 0 10000 111 553430176 105385303 1873786572 92593767
4 0 10000 104 553430176 98751068 1883107819 92593767
13 0 10000 113 553430176 105385303 1876873011 92593767
18 0 10000 118 553430176 107030630 1875413828 92593767
10 0 10000 110 553430176 105385303 1877267371 92593767
9 0 10000 109 553430176 105385303 1877378645 92593767
15 0 10000 115 553430176 107030630 1875999564 92593767
