3 0 10000 103 553430176 104140520 1850863359 92593767
5 0 10000 105 553430176 105231047 1861462687 92593767
10 0 10000 110 553430176 105849981 1865461316 92593767
11 0 10000 111 553430176 105849981 1868767546 92593767
13 0 10000 113 553430176 105849981 1876142784 92593767
7 0 10000 107 553430176 105849981 1876166226 92593767
8 0 10000 108 553430176 105849981 1878513654 92593767
6 0 10000 106 553430176 105849981 1878770386 92593767
14 0 10000 114 553430176 105849981 1880633031 92593767
17 0 10000 117 553430176 105849981 1882178500 92593767
12 0 10000 112 553430176 105849981 1882895204 92593767
18 0 10000 118 553430176 105849981 1883525834 92593767
16 0 10000 116 553430176 105849981 1884289745 92593767
4 0 10000 104 553430176 105231047 1885125410 92593767
9 0 10000 109 553430176 105849981 1884565831 92593767
15 0 10000 115 553430176 105849981 1884618730 92593767
