6 0 10000 106 553430176 103188038 1863745294 92593767
8 0 10000 108 553430176 106736422 1866036502 92593767
13 0 10000 113 553430176 111358404 1862488121 92593767
15 0 10000 115 553430176 111358404 1868903988 92593767
12 0 10000 112 553430176 110677958 1872405989 92593767
5 0 10000 105 553430176 103188038 1879927231 92593767
18 0 10000 118 553430176 111358404 1873744807 92593767
4 0 10000 104 553430176 103188038 1882806676 92593767
17 0 10000 117 553430176 111358404 1874762620 92593767
11 0 10000 111 553430176 110677958 1878903933 92593767
9 0 10000 109 553430176 106736422 1883085558 92593767
10 0 10000 110 553430176 110677958 1879255868 92593767
7 0 10000 107 553430176 103188038 1887328389 92593767
3 0 10000 103 553430176 103188038 1887471956 92593767
14 0 10000 114 553430176 111358404 1879640239 92593767
16 0 10000 116 553430176 111358404 1879979931 92593767
