3 0 10000 103 553430176 103598356 1853613396 92593767
16 0 10000 116 553430176 106890678 1864756683 92593767
6 0 10000 106 553430176 105167389 1869680297 92593767
4 0 10000 104 553430176 104644537 1872986412 92593767
12 0 10000 112 553430176 106890678 1870806046 92593767
7 0 10000 107 553430176 105167389 1874194237 92593767
13 0 10000 113 553430176 106890678 1873643808 92593767
9 0 10000 109 553430176 105167389 1875513792 92593767
14 0 10000 114 553430176 106890678 1874350226 92593767
10 0 10000 110 553430176 105167389 1879637624 92593767
11 0 10000 111 553430176 106890678 1879250953 92593767
8 0 10000 108 553430176 105167389 1882078610 92593767
17 0 10000 117 553430176 106890678 1880912299 92593767
15 0 10000 115 553430176 106890678 1881078475 92593767
18 0 10000 118 553430176 106890678 1881893678 92593767
5 0 10000 105 553430176 105167389 1883620327 92593767
