3 0 10000 103 553430176 98691225 1821018843 92593767
11 0 10000 111 553430176 104814529 1853989210 92593767
4 0 10000 104 553430176 100115776 1862354111 92593767
10 0 10000 110 553430176 104814529 1860144594 92593767
16 0 10000 116 553430176 108916759 1858660346 92593767
12 0 10000 112 553430176 104814529 1868831294 92593767
6 0 10000 106 553430176 100115776 1879795701 92593767
14 0 10000 114 553430176 104814529 1875766073 92593767
9 0 10000 109 553430176 103168726 1877669941 92593767
7 0 10000 107 553430176 103168726 1878074895 92593767
17 0 10000 117 553430176 108916759 1873684452 92593767
15 0 10000 115 553430176 104814529 1877863070 92593767
18 0 10000 118 553430176 108916759 1874368449 92593767
13 0 10000 113 553430176 104814529 1878684911 92593767
8 0 10000 108 553430176 103168726 1880840473 92593767
5 0 10000 105 553430176 100115776 1884115285 92593767
