11 0 10000 111 553430176 104948044 1861976794 92593767
10 0 10000 110 553430176 104948044 1870111463 92593767
5 0 10000 105 553430176 104948044 1875257643 92593767
9 0 10000 109 553430176 104948044 1878280864 92593767
4 0 10000 104 553430176 104948044 1879526921 92593767
8 0 10000 108 553430176 104948044 1879934930 92593767
17 0 10000 117 553430176 114677668 1873700569 92593767
16 0 10000 116 553430176 114677668 1874108699 92593767
3 0 10000 103 553430176 104948044 1885494717 92593767
13 0 10000 113 553430176 106358767 1884547335 92593767
12 0 10000 112 553430176 104948044 1886433250 92593767
7 0 10000 107 553430176 104948044 1886970276 92593767
6 0 10000 106 553430176 104948044 1887333581 92593767
18 0 10000 118 553430176 114677668 1878295016 92593767
15 0 10000 115 553430176 114677668 1878474370 92593767
14 0 10000 114 553430176 114677668 1878817917 92593767
