4 0 10000 104 553430176 102164507 1854896246 92593767
3 0 10000 103 553430176 101411343 1860169742 92593767
6 0 10000 106 553430176 105007172 1871152570 92593767
11 0 10000 111 553430176 109068155 1869473814 92593767
7 0 10000 107 553430176 106060743 1874687091 92593767
10 0 10000 110 553430176 106759548 1875643553 92593767
18 0 10000 118 553430176 111532211 1871475976 92593767
5 0 10000 105 553430176 105007172 1879034102 92593767
9 0 10000 109 553430176 106759548 1880900025 92593767
17 0 10000 117 553430176 110279560 1878529570 92593767
14 0 10000 114 553430176 110279560 1878535860 92593767
16 0 10000 116 553430176 110279560 1878681340 92593767
8 0 10000 108 553430176 106060743 1883194888 92593767
15 0 10000 115 553430176 110279560 1879041721 92593767
12 0 10000 112 553430176 109068155 1880377281 92593767
13 0 10000 113 553430176 110279560 1879747763 92593767
