3 0 10000 103 553430176 102538347 1826675734 92593767
6 0 10000 106 553430176 104304314 1854548205 92593767
12 0 10000 112 553430176 108110428 1862280660 92593767
5 0 10000 105 553430176 104304314 1866705407 92593767
15 0 10000 115 553430176 108865738 1866502527 92593767
18 0 10000 118 553430176 108865738 1867894326 92593767
4 0 10000 104 553430176 104304314 1872654467 92593767
17 0 10000 117 553430176 108865738 1869840366 92593767
7 0 10000 107 553430176 105816603 1873273536 92593767
10 0 10000 110 553430176 108110428 1871839796 92593767
13 0 10000 113 553430176 108865738 1871979001 92593767
8 0 10000 108 553430176 105816603 1880021963 92593767
11 0 10000 111 553430176 108110428 1878117458 92593767
16 0 10000 116 553430176 108865738 1877382113 92593767
9 0 10000 109 553430176 108110428 1878344686 92593767
14 0 10000 114 553430176 108865738 1878347085 92593767
