4 0 10000 104 553430176 103059769 1852964807 92593767
12 0 10000 112 553430176 105672359 1873068070 92593767
9 0 10000 109 553430176 104667425 1874171635 92593767
11 0 10000 111 553430176 105672359 1873212498 92593767
13 0 10000 113 553430176 108793259 1874065509 92593767
14 0 10000 114 553430176 108793259 1874887722 92593767
6 0 10000 106 553430176 103779078 1881560658 92593767
3 0 10000 103 553430176 103059769 1882760321 92593767
15 0 10000 115 553430176 108793259 1877815422 92593767
8 0 10000 108 553430176 103779078 1884113941 92593767
5 0 10000 105 553430176 103059769 1885155067 92593767
7 0 10000 107 553430176 103779078 1884937183 92593767
18 0 10000 118 553430176 108793259 1880084313 92593767
10 0 10000 110 553430176 104667425 1884479165 92593767
16 0 10000 116 553430176 108793259 1880585765 92593767
17 0 10000 117 553430176 108793259 1880742030 92593767
