3 0 10000 103 553430176 103470325 1846301610 92593767
4 0 10000 104 553430176 103470325 1854750740 92593767
9 0 10000 109 553430176 106405973 1870764838 92593767
6 0 10000 106 553430176 106405973 1873486627 92593767
8 0 10000 108 553430176 106405973 1875840527 92593767
13 0 10000 113 553430176 108560324 1873961247 92593767
11 0 10000 111 553430176 106405973 1876165644 92593767
16 0 10000 116 553430176 108560324 1874993302 92593767
7 0 10000 107 553430176 106405973 1878164636 92593767
15 0 10000 115 553430176 108560324 1876261817 92593767
17 0 10000 117 553430176 108560324 1876433650 92593767
5 0 10000 105 553430176 106405973 1879872752 92593767
14 0 10000 114 553430176 108560324 1878086111 92593767
18 0 10000 118 553430176 108560324 1878122716 92593767
12 0 10000 112 553430176 106405973 1881254183 92593767
10 0 10000 110 553430176 106405973 1881953746 92593767
