3 0 10000 103 553430176 101141214 1757812916 92593767
17 0 10000 117 553430176 106793165 1864032005 92593767
9 0 10000 109 553430176 106793165 1869851821 92593767
13 0 10000 113 553430176 106793165 1870392956 92593767
18 0 10000 118 553430176 106793165 1870943875 92593767
4 0 10000 104 553430176 106173038 1872818160 92593767
8 0 10000 108 553430176 106793165 1873056666 92593767
10 0 10000 110 553430176 106793165 1874097728 92593767
7 0 10000 107 553430176 106793165 1874744899 92593767
14 0 10000 114 553430176 106793165 1874904225 92593767
11 0 10000 111 553430176 106793165 1875856983 92593767
5 0 10000 105 553430176 106793165 1877701365 92593767
12 0 10000 112 553430176 106793165 1877788703 92593767
16 0 10000 116 553430176 106793165 1878153839 92593767
15 0 10000 115 553430176 106793165 1878465810 92593767
6 0 10000 106 553430176 106793165 1878927359 92593767
