15 0 10000 115 553430176 99102974 1870429353 92593767
4 0 10000 104 553430176 98310471 1876978436 92593767
9 0 10000 109 553430176 98772049 1877647488 92593767
12 0 10000 112 553430176 99102974 1879724561 92593767
14 0 10000 114 553430176 99102974 1880115169 92593767
18 0 10000 118 553430176 101985455 1877293135 92593767
17 0 10000 117 553430176 101985455 1877597459 92593767
8 0 10000 108 553430176 98651648 1881556637 92593767
5 0 10000 105 553430176 98310471 1882796277 92593767
11 0 10000 111 553430176 99102974 1882027240 92593767
10 0 10000 110 553430176 99102974 1882869318 92593767
6 0 10000 106 553430176 98310471 1885057771 92593767
13 0 10000 113 553430176 99102974 1884395908 92593767
7 0 10000 107 553430176 98310471 1886071286 92593767
16 0 10000 116 553430176 101985455 1882844910 92593767
3 0 10000 103 553430176 98310471 1887154199 92593767
