17 0 10000 117 553430176 107319832 1866643496 92593767
6 0 10000 106 553430176 107029915 1870736423 92593767
11 0 10000 111 553430176 107319832 1871600420 92593767
12 0 10000 112 553430176 107319832 1872685491 92593767
7 0 10000 107 553430176 107319832 1877535767 92593767
16 0 10000 116 553430176 107319832 1878558200 92593767
18 0 10000 118 553430176 107319832 1879451766 92593767
10 0 10000 110 553430176 107319832 1880020072 92593767
5 0 10000 105 553430176 107029915 1883551861 92593767
13 0 10000 113 553430176 107319832 1884674996 92593767
3 0 10000 103 553430176 107029915 1885458600 92593767
15 0 10000 115 553430176 107319832 1885301930 92593767
9 0 10000 109 553430176 107319832 1885631827 92593767
4 0 10000 104 553430176 107029915 1885991778 92593767
14 0 10000 114 553430176 107319832 1886442453 92593767
8 0 10000 108 553430176 107319832 1886912000 92593767
