3 0 10000 103 553430176 106842279 1758644237 92593767
12 0 10000 112 553430176 111771107 1853908144 92593767
11 0 10000 111 553430176 111771107 1858694538 92593767
10 0 10000 110 553430176 111771107 1861004541 92593767
6 0 10000 106 553430176 111412048 1868255328 92593767
18 0 10000 118 553430176 111771107 1871983630 92593767
7 0 10000 107 553430176 111412048 1874491736 92593767
5 0 10000 105 553430176 111412048 1875019510 92593767
16 0 10000 116 553430176 111771107 1875992634 92593767
4 0 10000 104 553430176 111412048 1876694006 92593767
13 0 10000 113 553430176 111771107 1876845896 92593767
9 0 10000 109 553430176 111771107 1877251705 92593767
17 0 10000 117 553430176 111771107 1877661170 92593767
15 0 10000 115 553430176 111771107 1877961872 92593767
14 0 10000 114 553430176 111771107 1878802293 92593767
8 0 10000 108 553430176 111771107 1879736043 92593767
