3 0 10000 103 553430176 104349613 1839793943 92593767
4 0 10000 104 553430176 104349613 1853012996 92593767
16 0 10000 116 553430176 108983278 1848495806 92593767
11 0 10000 111 553430176 108983278 1867160390 92593767
9 0 10000 109 553430176 108983278 1868482186 92593767
7 0 10000 107 553430176 108013153 1872186262 92593767
8 0 10000 108 553430176 108983278 1872454396 92593767
18 0 10000 118 553430176 108983278 1874891547 92593767
17 0 10000 117 553430176 108983278 1875784139 92593767
13 0 10000 113 553430176 108983278 1876721567 92593767
6 0 10000 106 553430176 108013153 1878058718 92593767
15 0 10000 115 553430176 108983278 1877552085 92593767
14 0 10000 114 553430176 108983278 1880037972 92593767
12 0 10000 112 553430176 108983278 1880731516 92593767
5 0 10000 105 553430176 108013153 1881921233 92593767
10 0 10000 110 553430176 108983278 1881112217 92593767
