3 0 10000 103 553430176 105855942 1839532862 92593767
9 0 10000 109 553430176 112598896 1857982464 92593767
16 0 10000 116 553430176 112598896 1861037007 92593767
4 0 10000 104 553430176 107463598 1867211079 92593767
15 0 10000 115 553430176 112598896 1863821325 92593767
8 0 10000 108 553430176 107463598 1876583849 92593767
6 0 10000 106 553430176 107463598 1876935735 92593767
12 0 10000 112 553430176 112598896 1874094260 92593767
13 0 10000 113 553430176 112598896 1875515885 92593767
17 0 10000 117 553430176 112598896 1875955817 92593767
18 0 10000 118 553430176 112598896 1876822196 92593767
10 0 10000 110 553430176 112598896 1876953956 92593767
11 0 10000 111 553430176 112598896 1877394205 92593767
14 0 10000 114 553430176 112598896 1878422230 92593767
5 0 10000 105 553430176 107463598 1883878009 92593767
7 0 10000 107 553430176 107463598 1884275186 92593767
