7 0 10000 107 553430176 102898359 1864973964 92593767
5 0 10000 105 553430176 102898359 1868556993 92593767
13 0 10000 113 553430176 106589794 1866446630 92593767
18 0 10000 118 553430176 107056856 1868416698 92593767
16 0 10000 116 553430176 107056856 1872796287 92593767
10 0 10000 110 553430176 102937937 1878720702 92593767
15 0 10000 115 553430176 107056856 1876392541 92593767
9 0 10000 109 553430176 102898359 1881664472 92593767
11 0 10000 111 553430176 102937937 1883153670 92593767
3 0 10000 103 553430176 102898359 1883348359 92593767
17 0 10000 117 553430176 107056856 1881518829 92593767
12 0 10000 112 553430176 106589794 1882112294 92593767
14 0 10000 114 553430176 107056856 1882020995 92593767
4 0 10000 104 553430176 102898359 1886622930 92593767
8 0 10000 108 553430176 102898359 1886658545 92593767
6 0 10000 106 553430176 102898359 1886977390 92593767
