3 0 10000 103 553430176 101165056 1791207916 92593767
4 0 10000 104 553430176 104795218 1868214889 92593767
7 0 10000 107 553430176 104795694 1872028258 92593767
9 0 10000 109 553430176 104795694 1872358891 92593767
6 0 10000 106 553430176 104795694 1872941715 92593767
16 0 10000 116 553430176 104795694 1873741178 92593767
13 0 10000 113 553430176 104795694 1875486213 92593767
17 0 10000 117 553430176 104795694 1875723092 92593767
10 0 10000 110 553430176 104795694 1876688063 92593767
18 0 10000 118 553430176 104795694 1877798465 92593767
11 0 10000 111 553430176 104795694 1879497791 92593767
14 0 10000 114 553430176 104795694 1880256022 92593767
8 0 10000 108 553430176 104795694 1881097511 92593767
15 0 10000 115 553430176 104795694 1881900228 92593767
5 0 10000 105 553430176 104795694 1882428573 92593767
12 0 10000 112 553430176 104795694 1882564833 92593767
