3 0 10000 103 553430176 102347851 1847048770 92593767
6 0 10000 106 553430176 102347851 1849530034 92593767
5 0 10000 105 553430176 102347851 1868204755 92593767
11 0 10000 111 553430176 106490850 1870586974 92593767
15 0 10000 115 553430176 106490850 1870781082 92593767
10 0 10000 110 553430176 106490850 1873141471 92593767
12 0 10000 112 553430176 106490850 1874487123 92593767
17 0 10000 117 553430176 106490850 1875181702 92593767
14 0 10000 114 553430176 106490850 1875254191 92593767
7 0 10000 107 553430176 106490850 1875696776 92593767
18 0 10000 118 553430176 106490850 1878702832 92593767
16 0 10000 116 553430176 106490850 1879246141 92593767
9 0 10000 109 553430176 106490850 1879479145 92593767
4 0 10000 104 553430176 102347851 1884477175 92593767
8 0 10000 108 553430176 106490850 1880545392 92593767
13 0 10000 113 553430176 106490850 1880940502 92593767
