4 0 10000 104 553430176 104748249 1847499493 92593767
3 0 10000 103 553430176 104748249 1853407970 92593767
13 0 10000 113 553430176 107329845 1864327651 92593767
7 0 10000 107 553430176 107329845 1868006363 92593767
17 0 10000 117 553430176 107329845 1870327750 92593767
10 0 10000 110 553430176 107329845 1872733246 92593767
14 0 10000 114 553430176 107329845 1875358734 92593767
15 0 10000 115 553430176 107329845 1876792325 92593767
18 0 10000 118 553430176 107329845 1877754909 92593767
8 0 10000 108 553430176 107329845 1878384282 92593767
6 0 10000 106 553430176 107329845 1879104656 92593767
16 0 10000 116 553430176 107329845 1881216436 92593767
9 0 10000 109 553430176 107329845 1882306671 92593767
12 0 10000 112 553430176 107329845 1882354167 92593767
5 0 10000 105 553430176 107329845 1882509602 92593767
11 0 10000 111 553430176 107329845 1883017873 92593767
