6 0 10000 106 553430176 103507042 1867163695 92593767
4 0 10000 104 553430176 103507042 1872509136 92593767
12 0 10000 112 553430176 104451895 1876510315 92593767
7 0 10000 107 553430176 103507042 1877950854 92593767
5 0 10000 105 553430176 103507042 1881590724 92593767
17 0 10000 117 553430176 104451895 1880831723 92593767
14 0 10000 114 553430176 104451895 1881603772 92593767
16 0 10000 116 553430176 104451895 1881788275 92593767
13 0 10000 113 553430176 104451895 1882615992 92593767
18 0 10000 118 553430176 108170509 1879227385 92593767
8 0 10000 108 553430176 103507042 1884774464 92593767
9 0 10000 109 553430176 103507042 1885156118 92593767
10 0 10000 110 553430176 103507042 1885278383 92593767
11 0 10000 111 553430176 104451895 1884470550 92593767
3 0 10000 103 553430176 103507042 1885749080 92593767
15 0 10000 115 553430176 104451895 1885091461 92593767
