3 0 10000 103 553430176 103708029 1819168909 92593767
4 0 10000 104 553430176 106503010 1870650243 92593767
18 0 10000 118 553430176 107327223 1870455089 92593767
9 0 10000 109 553430176 107327223 1871704328 92593767
16 0 10000 116 553430176 107327223 1872452928 92593767
13 0 10000 113 553430176 107327223 1873318566 92593767
17 0 10000 117 553430176 107327223 1875095214 92593767
10 0 10000 110 553430176 107327223 1875459037 92593767
8 0 10000 108 553430176 107327223 1877976864 92593767
6 0 10000 106 553430176 106503010 1878909442 92593767
11 0 10000 111 553430176 107327223 1878333359 92593767
12 0 10000 112 553430176 107327223 1878348496 92593767
7 0 10000 107 553430176 106503010 1881344552 92593767
5 0 10000 105 553430176 106503010 1881372348 92593767
14 0 10000 114 553430176 107327223 1881069500 92593767
15 0 10000 115 553430176 107327223 1881431218 92593767
