8 0 10000 108 553430176 102447271 1872020982 92593767
9 0 10000 109 553430176 102447271 1873867749 92593767
18 0 10000 118 553430176 107037783 1870157275 92593767
4 0 10000 104 553430176 102447271 1879831821 92593767
13 0 10000 113 553430176 102944136 1879871685 92593767
3 0 10000 103 553430176 102447271 1880372424 92593767
17 0 10000 117 553430176 107037783 1877158069 92593767
5 0 10000 105 553430176 102447271 1882018005 92593767
10 0 10000 110 553430176 102447271 1882837863 92593767
12 0 10000 112 553430176 102944136 1883605088 92593767
6 0 10000 106 553430176 102447271 1884156796 92593767
16 0 10000 116 553430176 102944136 1884783864 92593767
15 0 10000 115 553430176 102944136 1884960002 92593767
11 0 10000 111 553430176 102944136 1885309110 92593767
7 0 10000 107 553430176 102447271 1886141407 92593767
14 0 10000 114 553430176 102944136 1885656906 92593767
