3 0 10000 103 553430176 98619938 1756082375 92593767
4 0 10000 104 553430176 101508617 1854336919 92593767
18 0 10000 118 553430176 109371662 1863759426 92593767
14 0 10000 114 553430176 108181953 1867674091 92593767
17 0 10000 117 553430176 109371662 1868542953 92593767
13 0 10000 113 553430176 108181953 1870814382 92593767
8 0 10000 108 553430176 108181953 1871102029 92593767
15 0 10000 115 553430176 108181953 1871484553 92593767
16 0 10000 116 553430176 108181953 1872867176 92593767
12 0 10000 112 553430176 108181953 1873476136 92593767
5 0 10000 105 553430176 107076406 1874707832 92593767
10 0 10000 110 553430176 108181953 1873932469 92593767
6 0 10000 106 553430176 107076406 1875438169 92593767
7 0 10000 107 553430176 108181953 1874684810 92593767
9 0 10000 109 553430176 108181953 1874941546 92593767
11 0 10000 111 553430176 108181953 1875322171 92593767
