3 0 10000 103 553430176 105375528 1863026906 92593767
11 0 10000 111 553430176 105375528 1865527084 92593767
18 0 10000 118 553430176 106441021 1866626743 92593767
17 0 10000 117 553430176 106441021 1874970805 92593767
7 0 10000 107 553430176 105375528 1876272172 92593767
9 0 10000 109 553430176 105375528 1876958095 92593767
6 0 10000 106 553430176 105375528 1879886807 92593767
13 0 10000 113 553430176 105375528 1879892254 92593767
8 0 10000 108 553430176 105375528 1880818358 92593767
14 0 10000 114 553430176 106441021 1882639908 92593767
4 0 10000 104 553430176 105375528 1883972117 92593767
5 0 10000 105 553430176 105375528 1884406568 92593767
12 0 10000 112 553430176 105375528 1884984900 92593767
10 0 10000 110 553430176 105375528 1885352665 92593767
15 0 10000 115 553430176 106441021 1884576638 92593767
16 0 10000 116 553430176 106441021 1884909801 92593767
