10 0 10000 110 553430176 109298229 1865224069 92593767
4 0 10000 104 553430176 103364706 1874529885 92593767
3 0 10000 103 553430176 103364706 1876805253 92593767
8 0 10000 108 553430176 103364706 1878689085 92593767
5 0 10000 105 553430176 103364706 1879070688 92593767
6 0 10000 106 553430176 103364706 1879518034 92593767
18 0 10000 118 553430176 112147808 1871990800 92593767
13 0 10000 113 553430176 109298229 1877184732 92593767
14 0 10000 114 553430176 109298229 1877322089 92593767
12 0 10000 112 553430176 109298229 1878686641 92593767
9 0 10000 109 553430176 103364706 1885995228 92593767
17 0 10000 117 553430176 112147808 1878335843 92593767
7 0 10000 107 553430176 103364706 1887517450 92593767
16 0 10000 116 553430176 112147808 1879370140 92593767
15 0 10000 115 553430176 109298229 1882550834 92593767
11 0 10000 111 553430176 109298229 1882718781 92593767
