3 0 10000 103 553430176 102194071 1839887582 92593767
9 0 10000 109 553430176 106206656 1856826874 92593767
5 0 10000 105 553430176 102490187 1865378758 92593767
6 0 10000 106 553430176 106206656 1869834600 92593767
15 0 10000 115 553430176 107711792 1872439391 92593767
4 0 10000 104 553430176 102431774 1878193470 92593767
16 0 10000 116 553430176 107711792 1873207045 92593767
11 0 10000 111 553430176 106206656 1875198862 92593767
8 0 10000 108 553430176 106206656 1878017307 92593767
7 0 10000 107 553430176 106206656 1878426347 92593767
18 0 10000 118 553430176 111291647 1874139225 92593767
12 0 10000 112 553430176 106206656 1879510998 92593767
13 0 10000 113 553430176 106206656 1880874988 92593767
10 0 10000 110 553430176 106206656 1880928044 92593767
14 0 10000 114 553430176 106206656 1881386343 92593767
17 0 10000 117 553430176 107711792 1880472252 92593767
