3 0 10000 103 553430176 102045298 1860788142 92593767
4 0 10000 104 553430176 102982283 1861600177 92593767
15 0 10000 115 553430176 106173277 1869577243 92593767
17 0 10000 117 553430176 106173277 1871129702 92593767
5 0 10000 105 553430176 102982283 1878284712 92593767
16 0 10000 116 553430176 106173277 1875909880 92593767
12 0 10000 112 553430176 106173277 1877651919 92593767
9 0 10000 109 553430176 105658054 1879509251 92593767
7 0 10000 107 553430176 105658054 1879604282 92593767
18 0 10000 118 553430176 106173277 1879444936 92593767
6 0 10000 106 553430176 104688406 1881622834 92593767
14 0 10000 114 553430176 106173277 1880197856 92593767
13 0 10000 113 553430176 106173277 1881650742 92593767
8 0 10000 108 553430176 105658054 1882623442 92593767
10 0 10000 110 553430176 105658054 1882969449 92593767
11 0 10000 111 553430176 105658054 1883142225 92593767
