13 0 10000 113 553430176 102582932 1854784166 92593767
18 0 10000 118 553430176 104809761 1856678101 92593767
5 0 10000 105 553430176 102148533 1868299567 92593767
7 0 10000 107 553430176 102414846 1871222473 92593767
3 0 10000 103 553430176 102148533 1871740668 92593767
14 0 10000 114 553430176 102593422 1879099269 92593767
15 0 10000 115 553430176 102674961 1879317955 92593767
6 0 10000 106 553430176 102414846 1879976067 92593767
10 0 10000 110 553430176 102582932 1882737377 92593767
16 0 10000 116 553430176 102674961 1883247593 92593767
11 0 10000 111 553430176 102582932 1883544141 92593767
9 0 10000 109 553430176 102582932 1883635071 92593767
8 0 10000 108 553430176 102414846 1883946498 92593767
12 0 10000 112 553430176 102582932 1884907123 92593767
4 0 10000 104 553430176 102148533 1885697000 92593767
17 0 10000 117 553430176 102674961 1885473829 92593767
