8 0 10000 108 553430176 106880426 1866741918 92593767
6 0 10000 106 553430176 106880426 1869046265 92593767
15 0 10000 115 553430176 106880426 1872199507 92593767
11 0 10000 111 553430176 106880426 1874168925 92593767
7 0 10000 107 553430176 106880426 1876323658 92593767
14 0 10000 114 553430176 106880426 1878259035 92593767
16 0 10000 116 553430176 106880426 1880476118 92593767
3 0 10000 103 553430176 105978012 1882475027 92593767
9 0 10000 109 553430176 106880426 1881965591 92593767
4 0 10000 104 553430176 106880426 1882911406 92593767
5 0 10000 105 553430176 106880426 1883404203 92593767
17 0 10000 117 553430176 106880426 1883859400 92593767
13 0 10000 113 553430176 106880426 1884283936 92593767
12 0 10000 112 553430176 106880426 1885401247 92593767
10 0 10000 110 553430176 106880426 1885715844 92593767
18 0 10000 118 553430176 106880426 1885998194 92593767
