4 0 10000 104 553430176 105734587 1819244450 92593767
3 0 10000 103 553430176 105734587 1836864773 92593767
6 0 10000 106 553430176 111478090 1859139105 92593767
7 0 10000 107 553430176 111478090 1868443883 92593767
17 0 10000 117 553430176 112323761 1870045291 92593767
14 0 10000 114 553430176 112323761 1871587141 92593767
15 0 10000 115 553430176 112323761 1875692377 92593767
9 0 10000 109 553430176 111478090 1876609395 92593767
18 0 10000 118 553430176 112323761 1876124510 92593767
16 0 10000 116 553430176 112323761 1876917462 92593767
11 0 10000 111 553430176 111478090 1878490969 92593767
13 0 10000 113 553430176 111478090 1880429489 92593767
12 0 10000 112 553430176 111478090 1880553421 92593767
5 0 10000 105 553430176 111478090 1881259225 92593767
8 0 10000 108 553430176 111478090 1881403845 92593767
10 0 10000 110 553430176 111478090 1881422609 92593767
