10 0 10000 110 553430176 103135109 1855422133 92593767
14 0 10000 114 553430176 105384350 1856049464 92593767
17 0 10000 117 553430176 105384350 1865229138 92593767
7 0 10000 107 553430176 102988243 1873185803 92593767
9 0 10000 109 553430176 102988243 1873889252 92593767
15 0 10000 115 553430176 105384350 1873373951 92593767
3 0 10000 103 553430176 102449894 1877466892 92593767
5 0 10000 105 553430176 102988243 1877063048 92593767
12 0 10000 112 553430176 105384350 1876508018 92593767
4 0 10000 104 553430176 102449894 1882273036 92593767
11 0 10000 111 553430176 103135109 1883507201 92593767
18 0 10000 118 553430176 105384350 1881594252 92593767
8 0 10000 108 553430176 102988243 1884223595 92593767
13 0 10000 113 553430176 105384350 1882175483 92593767
6 0 10000 106 553430176 102988243 1885077526 92593767
16 0 10000 116 553430176 105384350 1883014491 92593767
