3 0 10000 103 553430176 96037149 1817962646 92593767
6 0 10000 106 553430176 99656582 1860785283 92593767
13 0 10000 113 553430176 99656582 1870754629 92593767
7 0 10000 107 553430176 99656582 1871342701 92593767
9 0 10000 109 553430176 99656582 1873415973 92593767
16 0 10000 116 553430176 100399494 1875319300 92593767
5 0 10000 105 553430176 99656582 1876688260 92593767
12 0 10000 112 553430176 99656582 1877490783 92593767
10 0 10000 110 553430176 99656582 1877625167 92593767
17 0 10000 117 553430176 102396488 1875704540 92593767
8 0 10000 108 553430176 99656582 1879707391 92593767
15 0 10000 115 553430176 100399494 1879667705 92593767
11 0 10000 111 553430176 99656582 1880658690 92593767
4 0 10000 104 553430176 99656582 1881303190 92593767
18 0 10000 118 553430176 102396488 1878912496 92593767
14 0 10000 114 553430176 99656582 1881873606 92593767
