4 0 10000 104 553430176 102907896 1820333496 92593767
3 0 10000 103 553430176 102907896 1852295066 92593767
5 0 10000 105 553430176 105623484 1863877691 92593767
11 0 10000 111 553430176 108130217 1869985505 92593767
16 0 10000 116 553430176 108130217 1870167776 92593767
15 0 10000 115 553430176 108130217 1870496688 92593767
7 0 10000 107 553430176 108130217 1872025066 92593767
14 0 10000 114 553430176 108130217 1876919022 92593767
6 0 10000 106 553430176 108130217 1877083231 92593767
10 0 10000 110 553430176 108130217 1877276975 92593767
12 0 10000 112 553430176 108130217 1877769295 92593767
13 0 10000 113 553430176 108130217 1878349751 92593767
8 0 10000 108 553430176 108130217 1879900624 92593767
17 0 10000 117 553430176 119712830 1868835826 92593767
18 0 10000 118 553430176 149171352 1839667760 92593767
9 0 10000 109 553430176 108130217 1880989652 92593767
