4 0 10000 104 553430176 98770618 1803139711 92593767
3 0 10000 103 553430176 98637342 1811875705 92593767
13 0 10000 113 553430176 107634783 1850502954 92593767
16 0 10000 116 553430176 107634783 1860837886 92593767
9 0 10000 109 553430176 107634783 1868266664 92593767
11 0 10000 111 553430176 107634783 1868417687 92593767
8 0 10000 108 553430176 107634783 1869835656 92593767
17 0 10000 117 553430176 107634783 1870193555 92593767
10 0 10000 110 553430176 107634783 1871162097 92593767
14 0 10000 114 553430176 107634783 1871531586 92593767
15 0 10000 115 553430176 107634783 1873163356 92593767
5 0 10000 105 553430176 107634783 1873244073 92593767
6 0 10000 106 553430176 107634783 1873395820 92593767
18 0 10000 118 553430176 107634783 1873484082 92593767
12 0 10000 112 553430176 107634783 1874410267 92593767
7 0 10000 107 553430176 107634783 1875134442 92593767
