6 0 10000 106 553430176 105108023 1868106695 92593767
9 0 10000 109 553430176 105108023 1871242590 92593767
10 0 10000 110 553430176 105108023 1874144075 92593767
3 0 10000 103 553430176 105108023 1875049188 92593767
12 0 10000 112 553430176 107900620 1873640785 92593767
15 0 10000 115 553430176 107900620 1876800818 92593767
11 0 10000 111 553430176 107900620 1877995379 92593767
14 0 10000 114 553430176 107900620 1878268434 92593767
8 0 10000 108 553430176 105108023 1882602433 92593767
18 0 10000 118 553430176 107900620 1880041567 92593767
13 0 10000 113 553430176 107900620 1880814807 92593767
4 0 10000 104 553430176 105108023 1884529749 92593767
5 0 10000 105 553430176 105108023 1885348115 92593767
17 0 10000 117 553430176 107900620 1883313640 92593767
16 0 10000 116 553430176 107900620 1883764399 92593767
7 0 10000 107 553430176 105108023 1886712894 92593767
