11 0 10000 111 553430176 105925798 1850198221 92593767
6 0 10000 106 553430176 104208946 1852777450 92593767
3 0 10000 103 553430176 104208946 1868182428 92593767
5 0 10000 105 553430176 104208946 1871106782 92593767
4 0 10000 104 553430176 104208946 1875726882 92593767
7 0 10000 107 553430176 105745554 1876316849 92593767
18 0 10000 118 553430176 107927084 1874555205 92593767
14 0 10000 114 553430176 107927084 1874653620 92593767
12 0 10000 112 553430176 107927084 1874943633 92593767
13 0 10000 113 553430176 107927084 1875126212 92593767
8 0 10000 108 553430176 105925798 1878399276 92593767
16 0 10000 116 553430176 107927084 1877937951 92593767
15 0 10000 115 553430176 107927084 1878161378 92593767
9 0 10000 109 553430176 105925798 1882609202 92593767
10 0 10000 110 553430176 105925798 1882921002 92593767
17 0 10000 117 553430176 107927084 1881463602 92593767
