3 0 10000 103 553430176 103971243 1817138000 92593767
5 0 10000 105 553430176 106616735 1863510275 92593767
4 0 10000 104 553430176 105890274 1865988513 92593767
8 0 10000 108 553430176 106616735 1871090132 92593767
7 0 10000 107 553430176 106616735 1875279175 92593767
12 0 10000 112 553430176 112159014 1870632723 92593767
14 0 10000 114 553430176 112159014 1870784131 92593767
11 0 10000 111 553430176 112159014 1872016493 92593767
10 0 10000 110 553430176 112159014 1874020326 92593767
17 0 10000 117 553430176 112159014 1875802803 92593767
6 0 10000 106 553430176 106616735 1883178728 92593767
13 0 10000 113 553430176 112159014 1878214735 92593767
18 0 10000 118 553430176 112159014 1879282767 92593767
15 0 10000 115 553430176 112159014 1879387292 92593767
9 0 10000 109 553430176 112159014 1879704747 92593767
16 0 10000 116 553430176 112159014 1880211784 92593767
