12 0 10000 112 553430176 102516413 1872681681 92593767
7 0 10000 107 553430176 102516413 1873180495 92593767
8 0 10000 108 553430176 102516413 1878947798 92593767
5 0 10000 105 553430176 102362394 1879762881 92593767
4 0 10000 104 553430176 101834059 1880329682 92593767
6 0 10000 106 553430176 102362394 1879863742 92593767
18 0 10000 118 553430176 102516413 1879986052 92593767
9 0 10000 109 553430176 102516413 1880904606 92593767
10 0 10000 110 553430176 102516413 1881908194 92593767
16 0 10000 116 553430176 102516413 1882415388 92593767
3 0 10000 103 553430176 101834059 1883421315 92593767
13 0 10000 113 553430176 102516413 1883645560 92593767
15 0 10000 115 553430176 102516413 1884030895 92593767
14 0 10000 114 553430176 102516413 1884048982 92593767
17 0 10000 117 553430176 102516413 1885034223 92593767
11 0 10000 111 553430176 102516413 1885204301 92593767
