3 0 10000 103 553430176 106497288 1801946449 92593767
13 0 10000 113 553430176 112272024 1862767134 92593767
6 0 10000 106 553430176 112272024 1863878327 92593767
4 0 10000 104 553430176 107820034 1868600201 92593767
14 0 10000 114 553430176 112272024 1866371209 92593767
10 0 10000 110 553430176 112272024 1871097470 92593767
12 0 10000 112 553430176 112272024 1872365360 92593767
18 0 10000 118 553430176 112272024 1872760180 92593767
5 0 10000 105 553430176 107820034 1880242152 92593767
16 0 10000 116 553430176 112272024 1876002676 92593767
8 0 10000 108 553430176 112272024 1876959112 92593767
11 0 10000 111 553430176 112272024 1877242801 92593767
9 0 10000 109 553430176 112272024 1877725102 92593767
7 0 10000 107 553430176 112272024 1877869101 92593767
15 0 10000 115 553430176 112272024 1879358662 92593767
17 0 10000 117 553430176 112272024 1879567271 92593767
