6 0 10000 106 553430176 102638006 1869321971 92593767
4 0 10000 104 553430176 101494551 1872285301 92593767
12 0 10000 112 553430176 102638006 1872469967 92593767
17 0 10000 117 553430176 109429598 1866192151 92593767
10 0 10000 110 553430176 102638006 1873243371 92593767
13 0 10000 113 553430176 104739904 1874436778 92593767
9 0 10000 109 553430176 102638006 1877765592 92593767
7 0 10000 107 553430176 102638006 1878211627 92593767
3 0 10000 103 553430176 101494551 1880290289 92593767
5 0 10000 105 553430176 102381468 1880109202 92593767
8 0 10000 108 553430176 102638006 1883890726 92593767
16 0 10000 116 553430176 109429598 1877576749 92593767
15 0 10000 115 553430176 109429598 1878173580 92593767
18 0 10000 118 553430176 109429598 1878498631 92593767
14 0 10000 114 553430176 109429598 1879122578 92593767
11 0 10000 111 553430176 102638006 1886076487 92593767
