3 0 10000 103 553430176 100464582 1737158318 92593767
5 0 10000 105 553430176 104505539 1849614866 92593767
12 0 10000 112 553430176 109844685 1853363059 92593767
13 0 10000 113 553430176 109844685 1866610077 92593767
14 0 10000 114 553430176 109844685 1867022199 92593767
16 0 10000 116 553430176 109844685 1867110141 92593767
15 0 10000 115 553430176 109844685 1868787571 92593767
11 0 10000 111 553430176 109844685 1869998352 92593767
18 0 10000 118 553430176 109844685 1870215050 92593767
8 0 10000 108 553430176 109844685 1871781130 92593767
17 0 10000 117 553430176 109844685 1872043599 92593767
7 0 10000 107 553430176 109844685 1873514675 92593767
9 0 10000 109 553430176 109844685 1873914020 92593767
10 0 10000 110 553430176 109844685 1874607382 92593767
4 0 10000 104 553430176 104505539 1880045719 92593767
6 0 10000 106 553430176 109844685 1875189584 92593767
