4 0 10000 104 553430176 101452112 1854982052 92593767
3 0 10000 103 553430176 101452112 1861062591 92593767
16 0 10000 116 553430176 105347872 1870118454 92593767
10 0 10000 110 553430176 104908466 1871125536 92593767
6 0 10000 106 553430176 104908466 1871728029 92593767
13 0 10000 113 553430176 105347872 1872057377 92593767
9 0 10000 109 553430176 104908466 1873374438 92593767
15 0 10000 115 553430176 105347872 1876708990 92593767
18 0 10000 118 553430176 105347872 1878266604 92593767
11 0 10000 111 553430176 105347872 1878527849 92593767
7 0 10000 107 553430176 104908466 1879076589 92593767
5 0 10000 105 553430176 104908466 1879280395 92593767
8 0 10000 108 553430176 104908466 1879517977 92593767
14 0 10000 114 553430176 105347872 1879337377 92593767
17 0 10000 117 553430176 105347872 1880316052 92593767
12 0 10000 112 553430176 105347872 1880630035 92593767
