3 0 10000 103 553430176 100810051 1805085082 92593767
4 0 10000 104 553430176 101895094 1837299532 92593767
17 0 10000 117 553430176 108469725 1856437946 92593767
16 0 10000 116 553430176 107513905 1863950656 92593767
8 0 10000 108 553430176 107344389 1864720243 92593767
14 0 10000 114 553430176 107344389 1864808082 92593767
7 0 10000 107 553430176 107344389 1867948690 92593767
12 0 10000 112 553430176 107344389 1869711919 92593767
13 0 10000 113 553430176 107344389 1871306749 92593767
15 0 10000 115 553430176 107344389 1874120714 92593767
18 0 10000 118 553430176 108469725 1873565845 92593767
9 0 10000 109 553430176 107344389 1876321882 92593767
6 0 10000 106 553430176 107344389 1876608966 92593767
10 0 10000 110 553430176 107344389 1877015181 92593767
11 0 10000 111 553430176 107344389 1877331879 92593767
5 0 10000 105 553430176 107344389 1878581635 92593767
