6 0 10000 106 553430176 103751659 1850543232 92593767
3 0 10000 103 553430176 101170301 1856837707 92593767
4 0 10000 104 553430176 101916790 1856710745 92593767
15 0 10000 115 553430176 106540442 1867467175 92593767
10 0 10000 110 553430176 106101513 1870788296 92593767
16 0 10000 116 553430176 106540442 1871830274 92593767
8 0 10000 108 553430176 104244471 1875679501 92593767
11 0 10000 111 553430176 106101513 1874364015 92593767
5 0 10000 105 553430176 103751659 1876969198 92593767
14 0 10000 114 553430176 106540442 1878483507 92593767
18 0 10000 118 553430176 107465982 1878897949 92593767
9 0 10000 109 553430176 104244471 1882736253 92593767
12 0 10000 112 553430176 106540442 1880531958 92593767
7 0 10000 107 553430176 103837490 1883251053 92593767
13 0 10000 113 553430176 106540442 1880620684 92593767
17 0 10000 117 553430176 106540442 1880801431 92593767
