7 0 10000 107 553430176 105222464 1861712811 92593767
18 0 10000 118 553430176 106348991 1867452007 92593767
8 0 10000 108 553430176 105222464 1871450055 92593767
15 0 10000 115 553430176 106348991 1870695940 92593767
14 0 10000 114 553430176 106348991 1873359617 92593767
5 0 10000 105 553430176 105222464 1874816952 92593767
13 0 10000 113 553430176 106348991 1874504823 92593767
12 0 10000 112 553430176 106120825 1875870524 92593767
16 0 10000 116 553430176 106348991 1877345735 92593767
10 0 10000 110 553430176 105222464 1879302238 92593767
9 0 10000 109 553430176 105222464 1879995966 92593767
6 0 10000 106 553430176 105222464 1881954233 92593767
11 0 10000 111 553430176 105222464 1882198026 92593767
17 0 10000 117 553430176 106348991 1881767664 92593767
4 0 10000 104 553430176 105222464 1883332828 92593767
3 0 10000 103 553430176 105222464 1883610522 92593767
