4 0 10000 104 553430176 99290371 1850957770 92593767
8 0 10000 108 553430176 101398706 1863774269 92593767
17 0 10000 117 553430176 108238220 1860701634 92593767
3 0 10000 103 553430176 99290371 1872666101 92593767
5 0 10000 105 553430176 99290371 1877483656 92593767
18 0 10000 118 553430176 108238220 1869099317 92593767
13 0 10000 113 553430176 104934931 1873560150 92593767
15 0 10000 115 553430176 104934931 1874660019 92593767
9 0 10000 109 553430176 104934931 1876426994 92593767
7 0 10000 107 553430176 101398706 1879989068 92593767
6 0 10000 106 553430176 101398706 1880503690 92593767
16 0 10000 116 553430176 104934931 1877784798 92593767
12 0 10000 112 553430176 104934931 1878112431 92593767
11 0 10000 111 553430176 104934931 1878975108 92593767
10 0 10000 110 553430176 104934931 1879508675 92593767
14 0 10000 114 553430176 104934931 1879829772 92593767
