3 0 10000 103 553430176 100088835 1713311455 92593767
9 0 10000 109 553430176 106513739 1865903436 92593767
8 0 10000 108 553430176 106513739 1866862469 92593767
5 0 10000 105 553430176 106513739 1868904987 92593767
11 0 10000 111 553430176 106513739 1868973998 92593767
15 0 10000 115 553430176 106513739 1869040141 92593767
6 0 10000 106 553430176 106513739 1869142485 92593767
10 0 10000 110 553430176 106513739 1870866655 92593767
13 0 10000 113 553430176 106513739 1871886480 92593767
4 0 10000 104 553430176 106513739 1874390899 92593767
14 0 10000 114 553430176 106513739 1876335623 92593767
17 0 10000 117 553430176 106513739 1876491241 92593767
18 0 10000 118 553430176 106513739 1876495470 92593767
16 0 10000 116 553430176 106513739 1876979685 92593767
12 0 10000 112 553430176 106513739 1877310365 92593767
7 0 10000 107 553430176 106513739 1878054069 92593767
