3 0 10000 103 553430176 106252909 1708946676 92593767
4 0 10000 104 553430176 106252909 1720726289 92593767
5 0 10000 105 553430176 122735262 1860445021 92593767
15 0 10000 115 553430176 122735262 1861370904 92593767
18 0 10000 118 553430176 122735262 1862171693 92593767
16 0 10000 116 553430176 122735262 1863788126 92593767
6 0 10000 106 553430176 122735262 1864151349 92593767
14 0 10000 114 553430176 122735262 1864378231 92593767
10 0 10000 110 553430176 122735262 1866359967 92593767
12 0 10000 112 553430176 122735262 1866734863 92593767
9 0 10000 109 553430176 122735262 1866824997 92593767
11 0 10000 111 553430176 122735262 1866838022 92593767
17 0 10000 117 553430176 122735262 1866996668 92593767
13 0 10000 113 553430176 122735262 1867001149 92593767
8 0 10000 108 553430176 122735262 1868384721 92593767
7 0 10000 107 553430176 122735262 1868389416 92593767
