3 0 10000 103 553430176 97449541 1632475447 92593767
17 0 10000 117 553430176 105945826 1866556248 92593767
4 0 10000 104 553430176 105945826 1869156572 92593767
16 0 10000 116 553430176 105945826 1869861976 92593767
8 0 10000 108 553430176 105945826 1869916181 92593767
7 0 10000 107 553430176 105945826 1870781194 92593767
18 0 10000 118 553430176 105945826 1872446937 92593767
15 0 10000 115 553430176 105945826 1872940474 92593767
10 0 10000 110 553430176 105945826 1873153949 92593767
11 0 10000 111 553430176 105945826 1874663150 92593767
5 0 10000 105 553430176 105945826 1876579259 92593767
6 0 10000 106 553430176 105945826 1876858910 92593767
12 0 10000 112 553430176 105945826 1878158627 92593767
9 0 10000 109 553430176 105945826 1878170692 92593767
14 0 10000 114 553430176 105945826 1878191605 92593767
13 0 10000 113 553430176 105945826 1878612396 92593767
