3 0 10000 103 553430176 104804277 1829108913 92593767
16 0 10000 116 553430176 107287407 1861347766 92593767
9 0 10000 109 553430176 106096745 1870707355 92593767
15 0 10000 115 553430176 107287407 1873527924 92593767
5 0 10000 105 553430176 106096745 1876948679 92593767
12 0 10000 112 553430176 106096745 1877387250 92593767
14 0 10000 114 553430176 107287407 1877881528 92593767
17 0 10000 117 553430176 107287407 1878334795 92593767
4 0 10000 104 553430176 106096745 1879543889 92593767
18 0 10000 118 553430176 107287407 1880129456 92593767
10 0 10000 110 553430176 106096745 1882194353 92593767
13 0 10000 113 553430176 106096745 1882494600 92593767
6 0 10000 106 553430176 106096745 1882511307 92593767
11 0 10000 111 553430176 106096745 1882891160 92593767
8 0 10000 108 553430176 106096745 1882936027 92593767
7 0 10000 107 553430176 106096745 1883739920 92593767
