14 0 10000 114 553430176 106831312 1869189192 92593767
7 0 10000 107 553430176 103487968 1878901485 92593767
18 0 10000 118 553430176 112418652 1870952938 92593767
4 0 10000 104 553430176 103487968 1881596432 92593767
16 0 10000 116 553430176 106831312 1878520517 92593767
17 0 10000 117 553430176 106831312 1879062276 92593767
3 0 10000 103 553430176 103436232 1882465384 92593767
6 0 10000 106 553430176 103487968 1882893134 92593767
11 0 10000 111 553430176 106831312 1879742496 92593767
8 0 10000 108 553430176 103893518 1883208682 92593767
15 0 10000 115 553430176 106831312 1880506502 92593767
5 0 10000 105 553430176 103487968 1884759531 92593767
10 0 10000 110 553430176 106831312 1882389627 92593767
9 0 10000 109 553430176 106831312 1883429261 92593767
12 0 10000 112 553430176 106831312 1883466438 92593767
13 0 10000 113 553430176 106831312 1883783879 92593767
