10 0 10000 110 553430176 112712622 1866517912 92593767
8 0 10000 108 553430176 109079838 1871723716 92593767
3 0 10000 103 553430176 107972145 1878590144 92593767
15 0 10000 115 553430176 112712622 1874319359 92593767
4 0 10000 104 553430176 107972145 1879356238 92593767
14 0 10000 114 553430176 112712622 1875510563 92593767
6 0 10000 106 553430176 109079838 1881056477 92593767
18 0 10000 118 553430176 112712622 1877970329 92593767
5 0 10000 105 553430176 109079838 1881634617 92593767
17 0 10000 117 553430176 112712622 1879273760 92593767
13 0 10000 113 553430176 112712622 1879292284 92593767
16 0 10000 116 553430176 112712622 1880634918 92593767
7 0 10000 107 553430176 109079838 1885463070 92593767
9 0 10000 109 553430176 112712622 1882809625 92593767
12 0 10000 112 553430176 112712622 1882809744 92593767
11 0 10000 111 553430176 112712622 1883535248 92593767
