3 0 10000 103 553430176 102260351 1851372641 92593767
6 0 10000 106 553430176 104130030 1861019669 92593767
7 0 10000 107 553430176 106374264 1865541785 92593767
8 0 10000 108 553430176 106374264 1865761783 92593767
4 0 10000 104 553430176 102260351 1877180444 92593767
16 0 10000 116 553430176 107529879 1875390283 92593767
11 0 10000 111 553430176 106981039 1876184168 92593767
15 0 10000 115 553430176 107529879 1875839019 92593767
5 0 10000 105 553430176 104130030 1879958643 92593767
14 0 10000 114 553430176 107529879 1876887893 92593767
13 0 10000 113 553430176 107529879 1877148146 92593767
10 0 10000 110 553430176 106981039 1878106179 92593767
18 0 10000 118 553430176 107529879 1877789044 92593767
9 0 10000 109 553430176 106374264 1880149041 92593767
17 0 10000 117 553430176 107529879 1879515258 92593767
12 0 10000 112 553430176 107529879 1880005372 92593767
