3 0 10000 103 553430176 98579407 1710894418 92593767
12 0 10000 112 553430176 103994131 1865805537 92593767
17 0 10000 117 553430176 103994131 1866826471 92593767
13 0 10000 113 553430176 103994131 1868354807 92593767
10 0 10000 110 553430176 103994131 1869666068 92593767
15 0 10000 115 553430176 103994131 1869699957 92593767
6 0 10000 106 553430176 103994131 1871154276 92593767
16 0 10000 116 553430176 103994131 1875263018 92593767
9 0 10000 109 553430176 103994131 1875339455 92593767
4 0 10000 104 553430176 103994131 1876213453 92593767
18 0 10000 118 553430176 103994131 1876321073 92593767
7 0 10000 107 553430176 103994131 1877106250 92593767
14 0 10000 114 553430176 103994131 1877910621 92593767
11 0 10000 111 553430176 103994131 1878069520 92593767
8 0 10000 108 553430176 103994131 1878419221 92593767
5 0 10000 105 553430176 103994131 1878754770 92593767
