3 0 10000 103 553430176 99569559 1684408084 92593767
4 0 10000 104 553430176 105262995 1859123650 92593767
18 0 10000 118 553430176 109712839 1856640602 92593767
9 0 10000 109 553430176 109712839 1857130623 92593767
16 0 10000 116 553430176 109712839 1865226165 92593767
11 0 10000 111 553430176 109712839 1866327393 92593767
6 0 10000 106 553430176 109712839 1866608378 92593767
13 0 10000 113 553430176 109712839 1867540182 92593767
10 0 10000 110 553430176 109712839 1868482795 92593767
17 0 10000 117 553430176 109712839 1870866554 92593767
8 0 10000 108 553430176 109712839 1871757489 92593767
7 0 10000 107 553430176 109712839 1872792184 92593767
12 0 10000 112 553430176 109712839 1873306024 92593767
14 0 10000 114 553430176 109712839 1874313568 92593767
5 0 10000 105 553430176 107435703 1876859556 92593767
15 0 10000 115 553430176 109712839 1874902070 92593767
