3 0 10000 103 553430176 106189728 1676733917 92593767
8 0 10000 108 553430176 114068031 1858771746 92593767
10 0 10000 110 553430176 114068031 1861119238 92593767
14 0 10000 114 553430176 114068031 1864049083 92593767
11 0 10000 111 553430176 114068031 1868315606 92593767
4 0 10000 104 553430176 114068031 1869754088 92593767
7 0 10000 107 553430176 114068031 1870172951 92593767
16 0 10000 116 553430176 114068031 1872074094 92593767
18 0 10000 118 553430176 114068031 1872618180 92593767
5 0 10000 105 553430176 114068031 1873870887 92593767
15 0 10000 115 553430176 114068031 1874404542 92593767
17 0 10000 117 553430176 114068031 1876019410 92593767
12 0 10000 112 553430176 114068031 1876130920 92593767
6 0 10000 106 553430176 114068031 1876349967 92593767
13 0 10000 113 553430176 114068031 1876613445 92593767
9 0 10000 109 553430176 114068031 1876632055 92593767
