3 0 10000 103 553430176 104003429 1781951773 92593767
15 0 10000 115 553430176 109409094 1856268807 92593767
14 0 10000 114 553430176 108431339 1867868052 92593767
17 0 10000 117 553430176 114942312 1861789231 92593767
11 0 10000 111 553430176 108431339 1869170222 92593767
6 0 10000 106 553430176 108431339 1869306934 92593767
12 0 10000 112 553430176 108431339 1869891620 92593767
5 0 10000 105 553430176 107905626 1872255786 92593767
10 0 10000 110 553430176 108431339 1874512171 92593767
13 0 10000 113 553430176 108431339 1876926972 92593767
16 0 10000 116 553430176 114942312 1871347151 92593767
8 0 10000 108 553430176 108431339 1878480802 92593767
7 0 10000 107 553430176 108431339 1878850307 92593767
4 0 10000 104 553430176 107905626 1879746187 92593767
9 0 10000 109 553430176 108431339 1879488818 92593767
18 0 10000 118 553430176 114942312 1874018774 92593767
