3 0 10000 103 553430176 58818102 942884730 92593767
10 0 10000 110 553430176 103812933 1809786482 92593767
8 0 10000 108 553430176 102295399 1821618165 92593767
11 0 10000 111 553430176 103812933 1820196721 92593767
7 0 10000 107 553430176 101540327 1825368578 92593767
13 0 10000 113 553430176 103812933 1826137982 92593767
5 0 10000 105 553430176 100430727 1830246428 92593767
17 0 10000 117 553430176 110016346 1822352131 92593767
15 0 10000 115 553430176 107691288 1825929361 92593767
14 0 10000 114 553430176 107691288 1826932857 92593767
16 0 10000 116 553430176 107691288 1827216813 92593767
9 0 10000 109 553430176 102295399 1832720201 92593767
6 0 10000 106 553430176 100430727 1835155682 92593767
18 0 10000 118 553430176 110016346 1826956182 92593767
4 0 10000 104 553430176 97949982 1839435584 92593767
12 0 10000 112 553430176 103812933 1834270775 92593767
