4 0 10000 104 553430176 105280161 1855653346 92593767
9 0 10000 109 553430176 108422041 1859632590 92593767
5 0 10000 105 553430176 105280161 1869886566 92593767
14 0 10000 114 553430176 110565186 1864905465 92593767
3 0 10000 103 553430176 105280161 1873780939 92593767
10 0 10000 110 553430176 108422041 1873257946 92593767
16 0 10000 116 553430176 110565186 1873505100 92593767
6 0 10000 106 553430176 108422041 1876016870 92593767
11 0 10000 111 553430176 108422041 1876118058 92593767
12 0 10000 112 553430176 110565186 1874765662 92593767
8 0 10000 108 553430176 108422041 1878675570 92593767
15 0 10000 115 553430176 110565186 1877198778 92593767
7 0 10000 107 553430176 108422041 1879786186 92593767
18 0 10000 118 553430176 112063885 1876200138 92593767
17 0 10000 117 553430176 110565186 1878161508 92593767
13 0 10000 113 553430176 110565186 1878608620 92593767
