3 0 10000 103 553430176 102349758 1835356568 92593767
18 0 10000 118 553430176 107037544 1866448365 92593767
12 0 10000 112 553430176 103787899 1870355462 92593767
11 0 10000 111 553430176 103787899 1870709786 92593767
9 0 10000 109 553430176 103787899 1873681242 92593767
8 0 10000 108 553430176 103787899 1876298096 92593767
17 0 10000 117 553430176 107037544 1873078951 92593767
14 0 10000 114 553430176 107037544 1873217777 92593767
5 0 10000 105 553430176 103787899 1878824972 92593767
10 0 10000 110 553430176 103787899 1880424634 92593767
6 0 10000 106 553430176 103787899 1880886464 92593767
15 0 10000 115 553430176 107037544 1878007581 92593767
16 0 10000 116 553430176 107037544 1878930739 92593767
7 0 10000 107 553430176 103787899 1882539218 92593767
13 0 10000 113 553430176 107037544 1880301485 92593767
4 0 10000 104 553430176 103649378 1883810307 92593767
