3 0 10000 103 553430176 103027105 1748644291 92593767
11 0 10000 111 553430176 108632088 1856658297 92593767
8 0 10000 108 553430176 108632088 1857646412 92593767
16 0 10000 116 553430176 108632088 1862714139 92593767
12 0 10000 112 553430176 108632088 1869424423 92593767
6 0 10000 106 553430176 108632088 1873974594 92593767
9 0 10000 109 553430176 108632088 1874653604 92593767
10 0 10000 110 553430176 108632088 1874884393 92593767
17 0 10000 117 553430176 108711958 1875979391 92593767
5 0 10000 105 553430176 108632088 1876770018 92593767
18 0 10000 118 553430176 114689112 1871963801 92593767
14 0 10000 114 553430176 108632088 1878068596 92593767
4 0 10000 104 553430176 108632088 1878280125 92593767
13 0 10000 113 553430176 108632088 1878685491 92593767
15 0 10000 115 553430176 108632088 1879502616 92593767
7 0 10000 107 553430176 108632088 1880051865 92593767
