3 0 10000 103 553430176 101689339 1821951058 92593767
10 0 10000 110 553430176 105473280 1855550647 92593767
5 0 10000 105 553430176 104186058 1865402477 92593767
8 0 10000 108 553430176 105109215 1864713135 92593767
11 0 10000 111 553430176 105473280 1867290347 92593767
13 0 10000 113 553430176 105702162 1869649766 92593767
4 0 10000 104 553430176 104186058 1874314185 92593767
14 0 10000 114 553430176 105702162 1872921790 92593767
18 0 10000 118 553430176 105702162 1877487584 92593767
12 0 10000 112 553430176 105473280 1877997794 92593767
17 0 10000 117 553430176 105702162 1877785057 92593767
16 0 10000 116 553430176 105702162 1878484346 92593767
6 0 10000 106 553430176 104186058 1880280279 92593767
7 0 10000 107 553430176 105109215 1879457734 92593767
9 0 10000 109 553430176 105109215 1880422313 92593767
15 0 10000 115 553430176 105702162 1880415660 92593767
