12 0 10000 112 553430176 107085228 1856229784 92593767
7 0 10000 107 553430176 102646828 1865785817 92593767
4 0 10000 104 553430176 102646828 1872411689 92593767
11 0 10000 111 553430176 107085228 1869387722 92593767
10 0 10000 110 553430176 107085228 1874804307 92593767
5 0 10000 105 553430176 102646828 1880135437 92593767
18 0 10000 118 553430176 107085228 1876282370 92593767
8 0 10000 108 553430176 102646828 1881059413 92593767
6 0 10000 106 553430176 102646828 1882719171 92593767
16 0 10000 116 553430176 107085228 1878577728 92593767
14 0 10000 114 553430176 107085228 1880097901 92593767
3 0 10000 103 553430176 102646828 1884958118 92593767
9 0 10000 109 553430176 107085228 1880723409 92593767
17 0 10000 117 553430176 107085228 1880777481 92593767
15 0 10000 115 553430176 107085228 1881064892 92593767
13 0 10000 113 553430176 107085228 1881918656 92593767
