4 0 10000 104 553430176 98700047 1838704241 92593767
3 0 10000 103 553430176 98700047 1845426568 92593767
6 0 10000 106 553430176 102446318 1863866248 92593767
13 0 10000 113 553430176 102446318 1864339627 92593767
9 0 10000 109 553430176 102446318 1868158513 92593767
12 0 10000 112 553430176 102446318 1868701294 92593767
10 0 10000 110 553430176 102446318 1872741739 92593767
7 0 10000 107 553430176 102446318 1873751862 92593767
15 0 10000 115 553430176 103155136 1876737022 92593767
11 0 10000 111 553430176 102446318 1878107220 92593767
18 0 10000 118 553430176 103155136 1878924209 92593767
16 0 10000 116 553430176 103155136 1880204516 92593767
8 0 10000 108 553430176 102446318 1881472405 92593767
17 0 10000 117 553430176 103155136 1881556311 92593767
5 0 10000 105 553430176 102446318 1882466062 92593767
14 0 10000 114 553430176 102446318 1883087149 92593767
