4 0 10000 104 553430176 107442141 1792455474 92593767
7 0 10000 107 553430176 116428137 1790397749 92593767
5 0 10000 105 553430176 108781815 1799838829 92593767
3 0 10000 103 553430176 107442141 1823076313 92593767
6 0 10000 106 553430176 108781815 1850417436 92593767
13 0 10000 113 553430176 138582945 1843924861 92593767
12 0 10000 112 553430176 138582945 1844078179 92593767
16 0 10000 116 553430176 138582945 1844340721 92593767
9 0 10000 109 553430176 138582945 1847483773 92593767
8 0 10000 108 553430176 138582945 1848091134 92593767
17 0 10000 117 553430176 138582945 1852348681 92593767
15 0 10000 115 553430176 138582945 1852768192 92593767
18 0 10000 118 553430176 138582945 1853553688 92593767
11 0 10000 111 553430176 138582945 1853588379 92593767
14 0 10000 114 553430176 138582945 1854092928 92593767
10 0 10000 110 553430176 138582945 1854251986 92593767
