4 0 10000 104 553430176 106979370 1870852032 92593767
13 0 10000 113 553430176 106997252 1871802697 92593767
11 0 10000 111 553430176 106997252 1871812801 92593767
8 0 10000 108 553430176 106997252 1872206140 92593767
17 0 10000 117 553430176 107498646 1875030789 92593767
9 0 10000 109 553430176 106997252 1876999773 92593767
3 0 10000 103 553430176 106979370 1879901249 92593767
10 0 10000 110 553430176 106997252 1880491430 92593767
15 0 10000 115 553430176 107100964 1880431040 92593767
18 0 10000 118 553430176 107817173 1880653630 92593767
14 0 10000 114 553430176 107100964 1881607960 92593767
5 0 10000 105 553430176 106979370 1883161680 92593767
16 0 10000 116 553430176 107498646 1882922069 92593767
6 0 10000 106 553430176 106997252 1883686259 92593767
12 0 10000 112 553430176 106997252 1884408027 92593767
7 0 10000 107 553430176 106997252 1884835290 92593767
