4 0 10000 104 553430176 108584166 1848587932 92593767
3 0 10000 103 553430176 108584166 1855513530 92593767
7 0 10000 107 553430176 111881971 1869185674 92593767
5 0 10000 105 553430176 111881971 1869522613 92593767
15 0 10000 115 553430176 111881971 1870281966 92593767
18 0 10000 118 553430176 111881971 1872530318 92593767
16 0 10000 116 553430176 111881971 1873449449 92593767
12 0 10000 112 553430176 111881971 1876197131 92593767
8 0 10000 108 553430176 111881971 1877042297 92593767
11 0 10000 111 553430176 111881971 1877223422 92593767
9 0 10000 109 553430176 111881971 1877618523 92593767
17 0 10000 117 553430176 111881971 1877788715 92593767
14 0 10000 114 553430176 111881971 1878638399 92593767
13 0 10000 113 553430176 111881971 1879062502 92593767
10 0 10000 110 553430176 111881971 1879630769 92593767
6 0 10000 106 553430176 111881971 1879711620 92593767
