3 0 10000 103 553430176 56231022 517907393 92593767
18 0 10000 118 553430176 108555079 1784969966 92593767
12 0 10000 112 553430176 108555079 1796755431 92593767
11 0 10000 111 553430176 105849266 1808992982 92593767
15 0 10000 115 553430176 108555079 1812802254 92593767
6 0 10000 106 553430176 104839087 1818081441 92593767
5 0 10000 105 553430176 104839087 1819628583 92593767
4 0 10000 104 553430176 104839087 1826496514 92593767
16 0 10000 116 553430176 108555079 1822956980 92593767
10 0 10000 110 553430176 105849266 1826830883 92593767
13 0 10000 113 553430176 108555079 1824755611 92593767
14 0 10000 114 553430176 108555079 1825428181 92593767
9 0 10000 109 553430176 104839087 1829434237 92593767
17 0 10000 117 553430176 108555079 1825866226 92593767
8 0 10000 108 553430176 104839087 1829701133 92593767
7 0 10000 107 553430176 104839087 1830019411 92593767
