3 0 10000 103 553430176 102318287 1652390344 92593767
6 0 10000 106 553430176 110980749 1857840815 92593767
11 0 10000 111 553430176 110980749 1862772060 92593767
8 0 10000 108 553430176 110980749 1863017554 92593767
7 0 10000 107 553430176 110980749 1865498844 92593767
14 0 10000 114 553430176 110980749 1869977925 92593767
5 0 10000 105 553430176 110860348 1870747952 92593767
18 0 10000 118 553430176 110980749 1871290370 92593767
15 0 10000 115 553430176 110980749 1872050650 92593767
4 0 10000 104 553430176 110860348 1873959225 92593767
17 0 10000 117 553430176 110980749 1875155759 92593767
12 0 10000 112 553430176 110980749 1875262792 92593767
9 0 10000 109 553430176 110980749 1875451903 92593767
10 0 10000 110 553430176 110980749 1876009670 92593767
13 0 10000 113 553430176 110980749 1876269759 92593767
16 0 10000 116 553430176 110980749 1876861727 92593767
