14 0 10000 114 553430176 106750011 1864214133 92593767
5 0 10000 105 553430176 106270075 1868724348 92593767
17 0 10000 117 553430176 106750011 1868778909 92593767
10 0 10000 110 553430176 106750011 1871214696 92593767
12 0 10000 112 553430176 106750011 1872786389 92593767
11 0 10000 111 553430176 106750011 1877188482 92593767
15 0 10000 115 553430176 106750011 1878709367 92593767
16 0 10000 116 553430176 106750011 1878904598 92593767
18 0 10000 118 553430176 106750011 1879928901 92593767
8 0 10000 108 553430176 106270075 1880627840 92593767
6 0 10000 106 553430176 106270075 1881062346 92593767
3 0 10000 103 553430176 106270075 1882636664 92593767
9 0 10000 109 553430176 106336832 1883890119 92593767
4 0 10000 104 553430176 106270075 1884551734 92593767
13 0 10000 113 553430176 106750011 1884311133 92593767
7 0 10000 107 553430176 106270075 1885339100 92593767
