3 0 10000 103 553430176 101186037 1789386981 92593767
4 0 10000 104 553430176 102802992 1836505265 92593767
7 0 10000 107 553430176 109367371 1855387623 92593767
10 0 10000 110 553430176 109367371 1856495634 92593767
5 0 10000 105 553430176 104061127 1866128296 92593767
8 0 10000 108 553430176 109367371 1864950539 92593767
13 0 10000 113 553430176 109367371 1866722491 92593767
9 0 10000 109 553430176 109367371 1872334923 92593767
14 0 10000 114 553430176 109367371 1873338941 92593767
18 0 10000 118 553430176 110328674 1873051197 92593767
12 0 10000 112 553430176 109367371 1874179136 92593767
15 0 10000 115 553430176 110328674 1873247883 92593767
16 0 10000 116 553430176 110328674 1873855896 92593767
6 0 10000 106 553430176 109367371 1876029126 92593767
11 0 10000 111 553430176 109367371 1876534896 92593767
17 0 10000 117 553430176 110328674 1875681986 92593767
