4 0 10000 104 553430176 103370428 1850497449 92593767
6 0 10000 106 553430176 103370428 1853958052 92593767
3 0 10000 103 553430176 103370428 1855823772 92593767
5 0 10000 105 553430176 103370428 1862781891 92593767
10 0 10000 110 553430176 108662128 1858897001 92593767
8 0 10000 108 553430176 108662128 1862519821 92593767
9 0 10000 109 553430176 108662128 1865203034 92593767
7 0 10000 107 553430176 108662128 1866545559 92593767
12 0 10000 112 553430176 128750324 1851896945 92593767
17 0 10000 117 553430176 128750324 1860175821 92593767
11 0 10000 111 553430176 128750324 1860930543 92593767
13 0 10000 113 553430176 128750324 1861002915 92593767
14 0 10000 114 553430176 128750324 1861797715 92593767
15 0 10000 115 553430176 128750324 1862307224 92593767
16 0 10000 116 553430176 128750324 1862655777 92593767
18 0 10000 118 553430176 128750324 1862785000 92593767
