3 0 10000 103 553430176 101831913 1773641307 92593767
4 0 10000 104 553430176 106090069 1865216899 92593767
5 0 10000 105 553430176 106090069 1866786086 92593767
17 0 10000 117 553430176 106438637 1870250925 92593767
16 0 10000 116 553430176 106438637 1871402054 92593767
6 0 10000 106 553430176 106090069 1873641066 92593767
9 0 10000 109 553430176 106090069 1874497745 92593767
15 0 10000 115 553430176 106438637 1875064499 92593767
12 0 10000 112 553430176 106438637 1875801274 92593767
14 0 10000 114 553430176 106438637 1876016540 92593767
18 0 10000 118 553430176 106438637 1877486083 92593767
13 0 10000 113 553430176 106438637 1878027969 92593767
10 0 10000 110 553430176 106090069 1879133850 92593767
7 0 10000 107 553430176 106090069 1880189998 92593767
11 0 10000 111 553430176 106090069 1881129523 92593767
8 0 10000 108 553430176 106090069 1881385748 92593767
