7 0 10000 107 553430176 106461525 1864387129 92593767
4 0 10000 104 553430176 105966568 1866584398 92593767
3 0 10000 103 553430176 105966568 1867069495 92593767
14 0 10000 114 553430176 107192516 1868322974 92593767
10 0 10000 110 553430176 106461525 1872684896 92593767
13 0 10000 113 553430176 107192516 1873513881 92593767
5 0 10000 105 553430176 106331110 1875010561 92593767
15 0 10000 115 553430176 107192516 1877796384 92593767
11 0 10000 111 553430176 106461525 1879410260 92593767
18 0 10000 118 553430176 107192516 1880441947 92593767
17 0 10000 117 553430176 107192516 1880722883 92593767
9 0 10000 109 553430176 106461525 1881488271 92593767
6 0 10000 106 553430176 106461525 1882542877 92593767
8 0 10000 108 553430176 106461525 1882946447 92593767
16 0 10000 116 553430176 107192516 1882641257 92593767
12 0 10000 112 553430176 107192516 1883034354 92593767
