3 0 10000 103 553430176 103106022 1787481111 92593767
9 0 10000 109 553430176 105607271 1848363698 92593767
10 0 10000 110 553430176 105607271 1849651105 92593767
11 0 10000 111 553430176 105607271 1857017219 92593767
8 0 10000 108 553430176 105607271 1857680788 92593767
6 0 10000 106 553430176 105607271 1859991594 92593767
5 0 10000 105 553430176 105607271 1863350764 92593767
4 0 10000 104 553430176 105607271 1866244093 92593767
7 0 10000 107 553430176 105607271 1868349878 92593767
12 0 10000 112 553430176 136952877 1847694551 92593767
13 0 10000 113 553430176 150442123 1837134097 92593767
18 0 10000 118 553430176 150442123 1839000292 92593767
17 0 10000 117 553430176 150442123 1839474980 92593767
16 0 10000 116 553430176 150442123 1841014832 92593767
14 0 10000 114 553430176 150442123 1842314038 92593767
15 0 10000 115 553430176 150442123 1842606008 92593767
