6 0 10000 106 553430176 107514858 1864681133 92593767
4 0 10000 104 553430176 107514858 1873612253 92593767
13 0 10000 113 553430176 110907078 1871863665 92593767
9 0 10000 109 553430176 110907078 1873496737 92593767
15 0 10000 115 553430176 110907078 1873911197 92593767
12 0 10000 112 553430176 110907078 1875363980 92593767
18 0 10000 118 553430176 114390135 1873951040 92593767
17 0 10000 117 553430176 110907078 1878458379 92593767
14 0 10000 114 553430176 110907078 1879065593 92593767
5 0 10000 105 553430176 107514858 1883250733 92593767
16 0 10000 116 553430176 110907078 1879931777 92593767
10 0 10000 110 553430176 110907078 1880849236 92593767
7 0 10000 107 553430176 107514858 1884706891 92593767
3 0 10000 103 553430176 107514858 1885709651 92593767
8 0 10000 108 553430176 110907078 1882541790 92593767
11 0 10000 111 553430176 110907078 1883320883 92593767
