3 0 10000 103 553430176 110356569 1845178302 92593767
11 0 10000 111 553430176 111437082 1860820675 92593767
7 0 10000 107 553430176 111437082 1872538816 92593767
16 0 10000 116 553430176 113312721 1870698664 92593767
10 0 10000 110 553430176 111437082 1874335787 92593767
4 0 10000 104 553430176 110356569 1877406121 92593767
8 0 10000 108 553430176 111437082 1880268022 92593767
6 0 10000 106 553430176 111437082 1880976472 92593767
5 0 10000 105 553430176 111437082 1881499461 92593767
12 0 10000 112 553430176 113312721 1879739692 92593767
15 0 10000 115 553430176 113312721 1880606604 92593767
17 0 10000 117 553430176 113312721 1880733416 92593767
13 0 10000 113 553430176 113312721 1881647093 92593767
9 0 10000 109 553430176 111437082 1883668708 92593767
18 0 10000 118 553430176 113312721 1882783044 92593767
14 0 10000 114 553430176 113312721 1883694896 92593767
