4 0 10000 104 553430176 98068714 1827381483 92593767
3 0 10000 103 553430176 98068714 1835305984 92593767
17 0 10000 117 553430176 102394342 1865831684 92593767
14 0 10000 114 553430176 102394342 1868801691 92593767
13 0 10000 113 553430176 102394342 1869702389 92593767
15 0 10000 115 553430176 102394342 1872700734 92593767
7 0 10000 107 553430176 102394342 1873260528 92593767
16 0 10000 116 553430176 102394342 1875332650 92593767
11 0 10000 111 553430176 102394342 1875949508 92593767
8 0 10000 108 553430176 102394342 1876972379 92593767
12 0 10000 112 553430176 102394342 1878452507 92593767
9 0 10000 109 553430176 102394342 1879240207 92593767
5 0 10000 105 553430176 102394342 1879728466 92593767
6 0 10000 106 553430176 102394342 1880269031 92593767
18 0 10000 118 553430176 102394342 1881245532 92593767
10 0 10000 110 553430176 102394342 1881554923 92593767
