3 0 10000 103 553430176 99389315 1787333441 92593767
16 0 10000 116 553430176 107653618 1852589925 92593767
4 0 10000 104 553430176 102135658 1860009459 92593767
6 0 10000 106 553430176 102135658 1867321965 92593767
5 0 10000 105 553430176 102135658 1873790704 92593767
9 0 10000 109 553430176 104806185 1873948227 92593767
7 0 10000 107 553430176 102135658 1876669994 92593767
11 0 10000 111 553430176 107653618 1873365506 92593767
13 0 10000 113 553430176 107653618 1874048848 92593767
17 0 10000 117 553430176 107653618 1875120026 92593767
15 0 10000 115 553430176 107653618 1875791202 92593767
8 0 10000 108 553430176 102135658 1881957227 92593767
14 0 10000 114 553430176 107653618 1876492287 92593767
10 0 10000 110 553430176 107653618 1877349411 92593767
12 0 10000 112 553430176 107653618 1877360356 92593767
18 0 10000 118 553430176 107653618 1877636279 92593767
