3 0 10000 103 553430176 101752043 1847534583 92593767
4 0 10000 104 553430176 101752043 1853220162 92593767
10 0 10000 110 553430176 105978489 1860619430 92593767
17 0 10000 117 553430176 105978489 1864143312 92593767
12 0 10000 112 553430176 105978489 1864821721 92593767
5 0 10000 105 553430176 102234840 1875389220 92593767
15 0 10000 115 553430176 105978489 1872553185 92593767
6 0 10000 106 553430176 105978489 1874870139 92593767
16 0 10000 116 553430176 105978489 1876693477 92593767
9 0 10000 109 553430176 105978489 1879108710 92593767
13 0 10000 113 553430176 105978489 1879678933 92593767
8 0 10000 108 553430176 105978489 1880339626 92593767
11 0 10000 111 553430176 105978489 1880371073 92593767
7 0 10000 107 553430176 105978489 1881103438 92593767
14 0 10000 114 553430176 105978489 1881874480 92593767
18 0 10000 118 553430176 105978489 1881950088 92593767
