3 0 10000 103 553430176 97965240 1592401687 92593767
4 0 10000 104 553430176 108098030 1839420816 92593767
6 0 10000 106 553430176 111438751 1840008903 92593767
8 0 10000 108 553430176 111438751 1858814228 92593767
12 0 10000 112 553430176 111438751 1859637858 92593767
13 0 10000 113 553430176 111438751 1859651771 92593767
10 0 10000 110 553430176 111438751 1862706008 92593767
11 0 10000 111 553430176 111438751 1864519564 92593767
17 0 10000 117 553430176 111438751 1864886009 92593767
9 0 10000 109 553430176 111438751 1864921724 92593767
14 0 10000 114 553430176 111438751 1865615883 92593767
7 0 10000 107 553430176 111438751 1865782383 92593767
16 0 10000 116 553430176 111438751 1866318599 92593767
5 0 10000 105 553430176 111438751 1866337218 92593767
18 0 10000 118 553430176 111438751 1866918097 92593767
15 0 10000 115 553430176 111438751 1868006802 92593767
