16 0 10000 116 553430176 111588240 1857457202 92593767
15 0 10000 115 553430176 111588240 1865023899 92593767
3 0 10000 103 553430176 110716581 1871507094 92593767
12 0 10000 112 553430176 111588240 1874640720 92593767
8 0 10000 108 553430176 111588240 1876911618 92593767
4 0 10000 104 553430176 111588240 1880031240 92593767
5 0 10000 105 553430176 111588240 1880416694 92593767
7 0 10000 107 553430176 111588240 1880513873 92593767
13 0 10000 113 553430176 111588240 1880940149 92593767
14 0 10000 114 553430176 111588240 1881754252 92593767
18 0 10000 118 553430176 111588240 1882206092 92593767
9 0 10000 109 553430176 111588240 1882402107 92593767
17 0 10000 117 553430176 111588240 1882653497 92593767
10 0 10000 110 553430176 111588240 1883112842 92593767
6 0 10000 106 553430176 111588240 1884361584 92593767
11 0 10000 111 553430176 111588240 1884512848 92593767
