3 0 10000 103 553430176 98513842 1842712909 92593767
4 0 10000 104 553430176 99188805 1844644826 92593767
6 0 10000 106 553430176 102631092 1853790556 92593767
5 0 10000 105 553430176 99188805 1866370585 92593767
8 0 10000 108 553430176 102631092 1865055598 92593767
9 0 10000 109 553430176 107202053 1863661959 92593767
12 0 10000 112 553430176 107202053 1869713659 92593767
15 0 10000 115 553430176 107202053 1870667355 92593767
17 0 10000 117 553430176 107202053 1870676297 92593767
7 0 10000 107 553430176 102631092 1876637632 92593767
14 0 10000 114 553430176 107202053 1873376477 92593767
10 0 10000 110 553430176 107202053 1874398610 92593767
13 0 10000 113 553430176 107202053 1876496676 92593767
16 0 10000 116 553430176 107202053 1876838095 92593767
18 0 10000 118 553430176 107202053 1876945874 92593767
11 0 10000 111 553430176 107202053 1877132543 92593767
