4 0 10000 104 553430176 103427410 1853339189 92593767
5 0 10000 105 553430176 103963852 1853645758 92593767
7 0 10000 107 553430176 106848717 1865922525 92593767
3 0 10000 103 553430176 103291512 1872942939 92593767
6 0 10000 106 553430176 104007959 1874105460 92593767
13 0 10000 113 553430176 109504223 1873600491 92593767
17 0 10000 117 553430176 109504223 1873968979 92593767
15 0 10000 115 553430176 109504223 1875358495 92593767
12 0 10000 112 553430176 109504223 1875626663 92593767
8 0 10000 108 553430176 108210564 1877046867 92593767
14 0 10000 114 553430176 109504223 1876339606 92593767
10 0 10000 110 553430176 109504223 1876366997 92593767
11 0 10000 111 553430176 109504223 1877194098 92593767
18 0 10000 118 553430176 109504223 1877985189 92593767
9 0 10000 109 553430176 109504223 1879073926 92593767
16 0 10000 116 553430176 109504223 1879354065 92593767
