4 0 10000 104 553430176 100420475 1850065941 92593767
3 0 10000 103 553430176 100420475 1868340457 92593767
7 0 10000 107 553430176 104980230 1867991770 92593767
16 0 10000 116 553430176 104980230 1872708445 92593767
8 0 10000 108 553430176 104980230 1873435013 92593767
17 0 10000 117 553430176 104980230 1873601411 92593767
11 0 10000 111 553430176 104980230 1874081271 92593767
13 0 10000 113 553430176 104980230 1875904154 92593767
9 0 10000 109 553430176 104980230 1877439485 92593767
14 0 10000 114 553430176 104980230 1880636128 92593767
6 0 10000 106 553430176 104980230 1880655001 92593767
5 0 10000 105 553430176 100420475 1885236401 92593767
12 0 10000 112 553430176 104980230 1880728692 92593767
10 0 10000 110 553430176 104980230 1881383345 92593767
18 0 10000 118 553430176 104980230 1882158280 92593767
15 0 10000 115 553430176 104980230 1882582116 92593767
