8 0 10000 108 553430176 105056763 1840880353 92593767
6 0 10000 106 553430176 104532480 1854334761 92593767
3 0 10000 103 553430176 104532480 1855085506 92593767
4 0 10000 104 553430176 104532480 1856173069 92593767
10 0 10000 110 553430176 105779409 1856790791 92593767
13 0 10000 113 553430176 105779409 1858938757 92593767
9 0 10000 109 553430176 105779409 1859583032 92593767
5 0 10000 105 553430176 104532480 1861261784 92593767
7 0 10000 107 553430176 105056763 1862227916 92593767
11 0 10000 111 553430176 105779409 1862131232 92593767
12 0 10000 112 553430176 105779409 1862943417 92593767
15 0 10000 115 553430176 159132004 1826312235 92593767
18 0 10000 118 553430176 159132004 1827526675 92593767
17 0 10000 117 553430176 159132004 1830741473 92593767
14 0 10000 114 553430176 159132004 1831689824 92593767
16 0 10000 116 553430176 159132004 1832861908 92593767
