3 0 10000 103 553430176 100831509 1787236635 92593767
4 0 10000 104 553430176 101718903 1832397113 92593767
15 0 10000 115 553430176 109315872 1853375419 92593767
10 0 10000 110 553430176 109315872 1865034633 92593767
16 0 10000 116 553430176 109315872 1866541023 92593767
9 0 10000 109 553430176 109315872 1868354109 92593767
18 0 10000 118 553430176 109315872 1870927508 92593767
17 0 10000 117 553430176 109315872 1871769358 92593767
12 0 10000 112 553430176 109315872 1872541638 92593767
6 0 10000 106 553430176 109315872 1873419361 92593767
5 0 10000 105 553430176 109315872 1874297884 92593767
8 0 10000 108 553430176 109315872 1874646459 92593767
7 0 10000 107 553430176 109315872 1875630175 92593767
14 0 10000 114 553430176 109315872 1876081846 92593767
11 0 10000 111 553430176 109315872 1876429530 92593767
13 0 10000 113 553430176 109315872 1876961315 92593767
