4 0 10000 104 553430176 99860907 1856226621 92593767
3 0 10000 103 553430176 99860907 1863988937 92593767
18 0 10000 118 553430176 106418371 1860896112 92593767
6 0 10000 106 553430176 102714539 1871687064 92593767
5 0 10000 105 553430176 102714539 1874482644 92593767
17 0 10000 117 553430176 105499983 1872642588 92593767
8 0 10000 108 553430176 102714539 1877067249 92593767
16 0 10000 116 553430176 105076551 1876036639 92593767
7 0 10000 107 553430176 102714539 1878761338 92593767
9 0 10000 109 553430176 104868174 1877351015 92593767
13 0 10000 113 553430176 104868174 1877950100 92593767
11 0 10000 111 553430176 104868174 1878221722 92593767
12 0 10000 112 553430176 104868174 1879574425 92593767
14 0 10000 114 553430176 104868174 1879954052 92593767
10 0 10000 110 553430176 104868174 1880167960 92593767
15 0 10000 115 553430176 104868174 1880689873 92593767
