9 0 10000 109 553430176 106590986 1872997009 92593767
4 0 10000 104 553430176 105976343 1874283403 92593767
11 0 10000 111 553430176 106590986 1877943087 92593767
15 0 10000 115 553430176 108064651 1879708948 92593767
17 0 10000 117 553430176 110722303 1877246688 92593767
13 0 10000 113 553430176 106590986 1881894554 92593767
7 0 10000 107 553430176 106590986 1882811721 92593767
3 0 10000 103 553430176 105976343 1883520871 92593767
14 0 10000 114 553430176 106590986 1883711024 92593767
16 0 10000 116 553430176 108912468 1882657658 92593767
12 0 10000 112 553430176 106590986 1885451440 92593767
5 0 10000 105 553430176 105976343 1886086916 92593767
10 0 10000 110 553430176 106590986 1886101552 92593767
18 0 10000 118 553430176 110722303 1882637425 92593767
6 0 10000 106 553430176 106590986 1886995836 92593767
8 0 10000 108 553430176 106590986 1887289667 92593767
