3 0 10000 103 553430176 101153135 1859453439 92593767
4 0 10000 104 553430176 102110624 1861768238 92593767
14 0 10000 114 553430176 107185364 1866788090 92593767
6 0 10000 106 553430176 102451324 1875407648 92593767
8 0 10000 108 553430176 102488995 1876204999 92593767
7 0 10000 107 553430176 102488995 1876208693 92593767
11 0 10000 111 553430176 107101917 1872345236 92593767
5 0 10000 105 553430176 102451324 1878707525 92593767
9 0 10000 109 553430176 102488995 1879954709 92593767
13 0 10000 113 553430176 107185364 1875360380 92593767
12 0 10000 112 553430176 107185364 1875782955 92593767
15 0 10000 115 553430176 107185364 1877303433 92593767
17 0 10000 117 553430176 107185364 1878989457 92593767
18 0 10000 118 553430176 107185364 1880108603 92593767
10 0 10000 110 553430176 107101917 1880610782 92593767
16 0 10000 116 553430176 107185364 1880794208 92593767
