3 0 10000 103 553430176 103084564 1839965787 92593767
4 0 10000 104 553430176 103084564 1858038635 92593767
8 0 10000 108 553430176 107129812 1872467081 92593767
7 0 10000 107 553430176 107129812 1873349490 92593767
16 0 10000 116 553430176 107651472 1875209625 92593767
5 0 10000 105 553430176 105720520 1877430503 92593767
11 0 10000 111 553430176 107651472 1876529248 92593767
6 0 10000 106 553430176 105720520 1878504976 92593767
13 0 10000 113 553430176 107651472 1878586651 92593767
12 0 10000 112 553430176 107651472 1879122316 92593767
10 0 10000 110 553430176 107129812 1880661933 92593767
17 0 10000 117 553430176 107651472 1880376322 92593767
18 0 10000 118 553430176 107651472 1881125301 92593767
9 0 10000 109 553430176 107129812 1881875942 92593767
14 0 10000 114 553430176 107651472 1881554169 92593767
15 0 10000 115 553430176 107651472 1882104788 92593767
