3 0 10000 103 553430176 104681015 1849500886 92593767
4 0 10000 104 553430176 104681015 1858099113 92593767
7 0 10000 107 553430176 108157396 1865288726 92593767
8 0 10000 108 553430176 108157396 1869369198 92593767
6 0 10000 106 553430176 108157396 1871813322 92593767
16 0 10000 116 553430176 108932734 1873088672 92593767
11 0 10000 111 553430176 108932734 1874199566 92593767
5 0 10000 105 553430176 108157396 1877605451 92593767
14 0 10000 114 553430176 108932734 1878493951 92593767
10 0 10000 110 553430176 108932734 1880198365 92593767
9 0 10000 109 553430176 108932734 1881004799 92593767
18 0 10000 118 553430176 108932734 1881306804 92593767
12 0 10000 112 553430176 108932734 1881565050 92593767
15 0 10000 115 553430176 108932734 1882228185 92593767
17 0 10000 117 553430176 108932734 1882980373 92593767
13 0 10000 113 553430176 108932734 1883138250 92593767
