3 0 10000 103 553430176 102207422 1836109568 92593767
12 0 10000 112 553430176 105824709 1866265417 92593767
9 0 10000 109 553430176 104320049 1871070467 92593767
7 0 10000 107 553430176 104320049 1875902181 92593767
8 0 10000 108 553430176 104320049 1876760934 92593767
14 0 10000 114 553430176 107064247 1875891931 92593767
17 0 10000 117 553430176 107064247 1876426995 92593767
4 0 10000 104 553430176 104320049 1879685387 92593767
18 0 10000 118 553430176 107064247 1877083143 92593767
15 0 10000 115 553430176 107064247 1878969727 92593767
5 0 10000 105 553430176 104320049 1883208088 92593767
6 0 10000 106 553430176 104320049 1883417258 92593767
13 0 10000 113 553430176 107064247 1880802201 92593767
10 0 10000 110 553430176 104320049 1883656046 92593767
11 0 10000 111 553430176 105824709 1882462094 92593767
16 0 10000 116 553430176 107064247 1881921059 92593767
