3 0 10000 103 553430176 103292942 1786477096 92593767
15 0 10000 115 553430176 106737614 1866675895 92593767
11 0 10000 111 553430176 106737614 1874360065 92593767
4 0 10000 104 553430176 106737614 1874426354 92593767
5 0 10000 105 553430176 106737614 1874573034 92593767
12 0 10000 112 553430176 106737614 1877749492 92593767
10 0 10000 110 553430176 106737614 1879267920 92593767
6 0 10000 106 553430176 106737614 1879426663 92593767
8 0 10000 108 553430176 106737614 1879787752 92593767
17 0 10000 117 553430176 106737614 1880240427 92593767
7 0 10000 107 553430176 106737614 1881515989 92593767
9 0 10000 109 553430176 106737614 1882166211 92593767
16 0 10000 116 553430176 106737614 1882255124 92593767
18 0 10000 118 553430176 106737614 1882545745 92593767
13 0 10000 113 553430176 106737614 1882792475 92593767
14 0 10000 114 553430176 106737614 1882945353 92593767
