3 0 10000 103 553430176 103971243 1841110848 92593767
16 0 10000 116 553430176 107958078 1850854930 92593767
4 0 10000 104 553430176 103971243 1862612821 92593767
9 0 10000 109 553430176 107040405 1873394550 92593767
5 0 10000 105 553430176 107040405 1874098764 92593767
6 0 10000 106 553430176 107040405 1875494211 92593767
7 0 10000 107 553430176 107040405 1876896484 92593767
14 0 10000 114 553430176 107958078 1876357224 92593767
10 0 10000 110 553430176 107040405 1877885548 92593767
11 0 10000 111 553430176 107040405 1878928986 92593767
18 0 10000 118 553430176 107958078 1878231107 92593767
15 0 10000 115 553430176 107958078 1878788534 92593767
8 0 10000 108 553430176 107040405 1880046548 92593767
17 0 10000 117 553430176 107958078 1879576991 92593767
12 0 10000 112 553430176 107040405 1880747550 92593767
13 0 10000 113 553430176 107958078 1880322219 92593767
