3 0 10000 103 553430176 103708982 1836268691 92593767
11 0 10000 111 553430176 107135296 1860816238 92593767
18 0 10000 118 553430176 108749866 1870585623 92593767
8 0 10000 108 553430176 107135296 1872569498 92593767
13 0 10000 113 553430176 107135296 1873272802 92593767
5 0 10000 105 553430176 105057240 1876681091 92593767
17 0 10000 117 553430176 108749866 1875977383 92593767
14 0 10000 114 553430176 107135296 1877594568 92593767
9 0 10000 109 553430176 107135296 1877654187 92593767
4 0 10000 104 553430176 105040789 1881950786 92593767
16 0 10000 116 553430176 107135296 1879986008 92593767
10 0 10000 110 553430176 107135296 1881044688 92593767
6 0 10000 106 553430176 105958939 1882292047 92593767
7 0 10000 107 553430176 105958939 1882530743 92593767
15 0 10000 115 553430176 107135296 1881604837 92593767
12 0 10000 112 553430176 107135296 1882390800 92593767
