6 0 10000 106 553430176 107714891 1869050454 92593767
15 0 10000 115 553430176 107714891 1869497422 92593767
10 0 10000 110 553430176 107714891 1869799227 92593767
5 0 10000 105 553430176 107714891 1877112512 92593767
16 0 10000 116 553430176 107714891 1877396094 92593767
12 0 10000 112 553430176 107714891 1877405933 92593767
11 0 10000 111 553430176 107714891 1878644055 92593767
8 0 10000 108 553430176 107714891 1879644401 92593767
3 0 10000 103 553430176 107714891 1879647058 92593767
13 0 10000 113 553430176 107714891 1881569973 92593767
7 0 10000 107 553430176 107714891 1881882162 92593767
17 0 10000 117 553430176 107714891 1882066179 92593767
18 0 10000 118 553430176 108105183 1883344077 92593767
9 0 10000 109 553430176 107714891 1883885069 92593767
14 0 10000 114 553430176 107714891 1884688436 92593767
4 0 10000 104 553430176 107714891 1884988229 92593767
