3 0 10000 103 553430176 97794533 1758544768 92593767
9 0 10000 109 553430176 102616310 1864391399 92593767
15 0 10000 115 553430176 102616310 1865305759 92593767
5 0 10000 105 553430176 102616310 1866878533 92593767
16 0 10000 116 553430176 102616310 1869431458 92593767
18 0 10000 118 553430176 102616310 1871925565 92593767
10 0 10000 110 553430176 102616310 1873963588 92593767
4 0 10000 104 553430176 102616310 1875977092 92593767
12 0 10000 112 553430176 102616310 1876145022 92593767
14 0 10000 114 553430176 102616310 1876456247 92593767
6 0 10000 106 553430176 102616310 1877213367 92593767
17 0 10000 117 553430176 102616310 1877412950 92593767
13 0 10000 113 553430176 102616310 1878459961 92593767
8 0 10000 108 553430176 102616310 1878465996 92593767
7 0 10000 107 553430176 102616310 1879002552 92593767
11 0 10000 111 553430176 102616310 1879119388 92593767
