5 0 10000 105 553430176 100785255 1856046945 92593767
3 0 10000 103 553430176 100505829 1857860258 92593767
14 0 10000 114 553430176 106153965 1859074647 92593767
6 0 10000 106 553430176 101963997 1866601672 92593767
8 0 10000 108 553430176 103016376 1876617413 92593767
10 0 10000 110 553430176 103016376 1877981080 92593767
17 0 10000 117 553430176 106153965 1875106886 92593767
7 0 10000 107 553430176 103016376 1878663408 92593767
4 0 10000 104 553430176 100785255 1882045717 92593767
16 0 10000 116 553430176 106153965 1877441543 92593767
15 0 10000 115 553430176 106153965 1878684891 92593767
11 0 10000 111 553430176 103016376 1881876812 92593767
9 0 10000 109 553430176 103016376 1882693386 92593767
12 0 10000 112 553430176 103016376 1883126431 92593767
18 0 10000 118 553430176 106153965 1880184292 92593767
13 0 10000 113 553430176 103016376 1883825344 92593767
