3 0 10000 103 553430176 100597143 1830247966 92593767
4 0 10000 104 553430176 102734089 1864751299 92593767
12 0 10000 112 553430176 102734089 1873109394 92593767
10 0 10000 110 553430176 102734089 1873813502 92593767
8 0 10000 108 553430176 102734089 1875923701 92593767
15 0 10000 115 553430176 102734089 1877401033 92593767
14 0 10000 114 553430176 102734089 1878537003 92593767
11 0 10000 111 553430176 102734089 1878823391 92593767
18 0 10000 118 553430176 104120970 1878101850 92593767
17 0 10000 117 553430176 104120970 1879254954 92593767
6 0 10000 106 553430176 102734089 1880783054 92593767
9 0 10000 109 553430176 102734089 1881303192 92593767
5 0 10000 105 553430176 102734089 1881972448 92593767
13 0 10000 113 553430176 102734089 1882510298 92593767
16 0 10000 116 553430176 104120970 1881330242 92593767
7 0 10000 107 553430176 102734089 1882926088 92593767
