3 0 10000 103 553430176 102653265 1823616523 92593767
4 0 10000 104 553430176 104575396 1865212875 92593767
10 0 10000 110 553430176 107835293 1862034962 92593767
7 0 10000 107 553430176 107835293 1863794753 92593767
6 0 10000 106 553430176 104606390 1870516427 92593767
14 0 10000 114 553430176 111790657 1866442806 92593767
8 0 10000 108 553430176 107835293 1870630894 92593767
17 0 10000 117 553430176 111790657 1868631888 92593767
16 0 10000 116 553430176 111790657 1868733595 92593767
5 0 10000 105 553430176 104606390 1880783520 92593767
12 0 10000 112 553430176 111790657 1874029574 92593767
9 0 10000 109 553430176 107835293 1878229392 92593767
13 0 10000 113 553430176 111790657 1874930742 92593767
18 0 10000 118 553430176 111790657 1874946262 92593767
11 0 10000 111 553430176 111790657 1875312234 92593767
15 0 10000 115 553430176 111790657 1876279118 92593767
