8 0 10000 108 553430176 104790688 1869092073 92593767
9 0 10000 109 553430176 104790688 1870723063 92593767
11 0 10000 111 553430176 104790688 1871283952 92593767
16 0 10000 116 553430176 110254765 1866212774 92593767
4 0 10000 104 553430176 104790688 1873516883 92593767
3 0 10000 103 553430176 104790688 1875533153 92593767
18 0 10000 118 553430176 110254765 1874647611 92593767
12 0 10000 112 553430176 105296612 1879846995 92593767
7 0 10000 107 553430176 104790688 1882268231 92593767
17 0 10000 117 553430176 110254765 1878137914 92593767
14 0 10000 114 553430176 110254765 1878599814 92593767
10 0 10000 110 553430176 104790688 1885075615 92593767
15 0 10000 115 553430176 110254765 1879884379 92593767
5 0 10000 105 553430176 104790688 1885807178 92593767
13 0 10000 113 553430176 110254765 1880830042 92593767
6 0 10000 106 553430176 104790688 1886514674 92593767
