6 0 10000 106 553430176 106969118 1855316669 92593767
3 0 10000 103 553430176 106969118 1862114978 92593767
4 0 10000 104 553430176 106969118 1862925583 92593767
18 0 10000 118 553430176 111220837 1869436802 92593767
12 0 10000 112 553430176 111220837 1870297518 92593767
13 0 10000 113 553430176 111220837 1871719117 92593767
5 0 10000 105 553430176 106969118 1877561775 92593767
7 0 10000 107 553430176 111220837 1873570333 92593767
16 0 10000 116 553430176 111220837 1876018053 92593767
8 0 10000 108 553430176 111220837 1877439654 92593767
10 0 10000 110 553430176 111220837 1881248421 92593767
15 0 10000 115 553430176 111220837 1881398697 92593767
17 0 10000 117 553430176 111220837 1881770334 92593767
11 0 10000 111 553430176 111220837 1881812042 92593767
9 0 10000 109 553430176 111220837 1882018110 92593767
14 0 10000 114 553430176 111220837 1882228537 92593767
