6 0 10000 106 553430176 98966837 1870643586 92593767
5 0 10000 105 553430176 98966837 1870663609 92593767
4 0 10000 104 553430176 98501205 1873297546 92593767
7 0 10000 107 553430176 98966837 1875074799 92593767
18 0 10000 118 553430176 103300095 1872216874 92593767
3 0 10000 103 553430176 98501205 1877397081 92593767
12 0 10000 112 553430176 101701498 1876210185 92593767
16 0 10000 116 553430176 103300095 1875689442 92593767
8 0 10000 108 553430176 99056721 1881077549 92593767
11 0 10000 111 553430176 101701498 1878500309 92593767
17 0 10000 117 553430176 103300095 1877547023 92593767
9 0 10000 109 553430176 101701498 1880023658 92593767
15 0 10000 115 553430176 103300095 1878861083 92593767
13 0 10000 113 553430176 103198528 1879219134 92593767
10 0 10000 110 553430176 101701498 1881029171 92593767
14 0 10000 114 553430176 103300095 1879761547 92593767
