6 0 10000 106 553430176 102919340 1837370175 92593767
10 0 10000 110 553430176 106391907 1858015295 92593767
5 0 10000 105 553430176 102919340 1864480450 92593767
11 0 10000 111 553430176 106391907 1867662060 92593767
4 0 10000 104 553430176 102919340 1874558434 92593767
7 0 10000 107 553430176 102919340 1875365475 92593767
16 0 10000 116 553430176 110670328 1874812041 92593767
15 0 10000 115 553430176 106391907 1879122324 92593767
18 0 10000 118 553430176 110670328 1875551758 92593767
9 0 10000 109 553430176 106391907 1880712254 92593767
12 0 10000 112 553430176 106391907 1881083942 92593767
17 0 10000 117 553430176 110670328 1877071385 92593767
3 0 10000 103 553430176 102919340 1885375036 92593767
13 0 10000 113 553430176 106391907 1882041655 92593767
14 0 10000 114 553430176 106391907 1882463218 92593767
8 0 10000 108 553430176 106391907 1882679136 92593767
