4 0 10000 104 553430176 106160402 1865573202 92593767
12 0 10000 112 553430176 106538057 1865377858 92593767
9 0 10000 109 553430176 106538057 1870816948 92593767
17 0 10000 117 553430176 106538057 1875152957 92593767
6 0 10000 106 553430176 106538057 1875294621 92593767
18 0 10000 118 553430176 108137608 1874963722 92593767
8 0 10000 108 553430176 106538057 1877223099 92593767
15 0 10000 115 553430176 106538057 1878649343 92593767
10 0 10000 110 553430176 106538057 1878966013 92593767
11 0 10000 111 553430176 106538057 1880726818 92593767
14 0 10000 114 553430176 106538057 1882425822 92593767
7 0 10000 107 553430176 106538057 1882551727 92593767
5 0 10000 105 553430176 106538057 1882857551 92593767
13 0 10000 113 553430176 106538057 1883068411 92593767
16 0 10000 116 553430176 106538057 1883926901 92593767
3 0 10000 103 553430176 106160402 1884439475 92593767
