3 0 10000 103 553430176 102425098 1818141982 92593767
10 0 10000 110 553430176 104926109 1862120133 92593767
17 0 10000 117 553430176 104926109 1862261723 92593767
5 0 10000 105 553430176 104926109 1868424649 92593767
15 0 10000 115 553430176 104926109 1868926502 92593767
14 0 10000 114 553430176 104926109 1873063500 92593767
7 0 10000 107 553430176 104926109 1875582009 92593767
4 0 10000 104 553430176 104926109 1876614695 92593767
9 0 10000 109 553430176 104926109 1877609741 92593767
8 0 10000 108 553430176 104926109 1877860676 92593767
16 0 10000 116 553430176 104926109 1878945133 92593767
13 0 10000 113 553430176 104926109 1879043857 92593767
18 0 10000 118 553430176 104926109 1879323496 92593767
11 0 10000 111 553430176 104926109 1880281871 92593767
12 0 10000 112 553430176 104926109 1880620479 92593767
6 0 10000 106 553430176 104926109 1880898380 92593767
