3 0 10000 103 553430176 99030972 1812779968 92593767
7 0 10000 107 553430176 102471352 1859488680 92593767
5 0 10000 105 553430176 102471352 1860855348 92593767
13 0 10000 113 553430176 102667809 1861436306 92593767
9 0 10000 109 553430176 102667809 1866620320 92593767
10 0 10000 110 553430176 102667809 1873617186 92593767
17 0 10000 117 553430176 108791351 1868499386 92593767
6 0 10000 106 553430176 102471352 1875268403 92593767
12 0 10000 112 553430176 102667809 1876284294 92593767
11 0 10000 111 553430176 102667809 1877531519 92593767
18 0 10000 118 553430176 108791351 1871947237 92593767
15 0 10000 115 553430176 108791351 1873293441 92593767
16 0 10000 116 553430176 108791351 1874185726 92593767
14 0 10000 114 553430176 106004238 1877324760 92593767
4 0 10000 104 553430176 101793528 1881657849 92593767
8 0 10000 108 553430176 102667809 1881286270 92593767
