8 0 10000 108 553430176 110411882 1869750504 92593767
11 0 10000 111 553430176 110411882 1873861759 92593767
14 0 10000 114 553430176 110411882 1877005632 92593767
17 0 10000 117 553430176 110411882 1878278617 92593767
12 0 10000 112 553430176 110411882 1879837578 92593767
10 0 10000 110 553430176 110411882 1879945386 92593767
16 0 10000 116 553430176 110411882 1881242259 92593767
9 0 10000 109 553430176 110411882 1881263918 92593767
18 0 10000 118 553430176 110411882 1882485514 92593767
6 0 10000 106 553430176 109296322 1884142602 92593767
15 0 10000 115 553430176 110411882 1883266939 92593767
3 0 10000 103 553430176 109296322 1884962919 92593767
5 0 10000 105 553430176 109296322 1885735693 92593767
13 0 10000 113 553430176 110411882 1885048015 92593767
4 0 10000 104 553430176 109296322 1886629642 92593767
7 0 10000 107 553430176 110411882 1885625578 92593767
