3 0 10000 103 553430176 102710962 1771947525 92593767
5 0 10000 105 553430176 106046677 1860240800 92593767
15 0 10000 115 553430176 106046677 1863586642 92593767
11 0 10000 111 553430176 106046677 1865009608 92593767
12 0 10000 112 553430176 106046677 1865854015 92593767
13 0 10000 113 553430176 106046677 1866781269 92593767
16 0 10000 116 553430176 106046677 1875027009 92593767
8 0 10000 108 553430176 106046677 1875053921 92593767
9 0 10000 109 553430176 106046677 1876049628 92593767
4 0 10000 104 553430176 106046677 1876335679 92593767
10 0 10000 110 553430176 106046677 1877615462 92593767
17 0 10000 117 553430176 106046677 1877991598 92593767
14 0 10000 114 553430176 106046677 1878854444 92593767
7 0 10000 107 553430176 106046677 1880396192 92593767
6 0 10000 106 553430176 106046677 1880879655 92593767
18 0 10000 118 553430176 106046677 1881026226 92593767
