4 0 10000 104 553430176 98259211 1845396215 92593767
12 0 10000 112 553430176 100765228 1855465462 92593767
7 0 10000 107 553430176 100765228 1859078634 92593767
13 0 10000 113 553430176 100765228 1867058760 92593767
9 0 10000 109 553430176 100765228 1869320277 92593767
3 0 10000 103 553430176 98259211 1871835697 92593767
11 0 10000 111 553430176 100765228 1870825129 92593767
10 0 10000 110 553430176 100765228 1872597001 92593767
14 0 10000 114 553430176 100765228 1875434368 92593767
18 0 10000 118 553430176 101320982 1875934030 92593767
17 0 10000 117 553430176 101320982 1876527608 92593767
15 0 10000 115 553430176 100765228 1879638378 92593767
5 0 10000 105 553430176 100765228 1879676012 92593767
6 0 10000 106 553430176 100765228 1879829434 92593767
16 0 10000 116 553430176 100765228 1880078445 92593767
8 0 10000 108 553430176 100765228 1880098601 92593767
