4 0 10000 104 553430176 101862431 1864231321 92593767
14 0 10000 114 553430176 108236790 1861002119 92593767
8 0 10000 108 553430176 104862213 1867460878 92593767
9 0 10000 109 553430176 104862213 1876488369 92593767
6 0 10000 106 553430176 104222298 1877342531 92593767
13 0 10000 113 553430176 107615471 1874213897 92593767
3 0 10000 103 553430176 101862431 1880565530 92593767
11 0 10000 111 553430176 107615471 1876012387 92593767
16 0 10000 116 553430176 108236790 1876040261 92593767
18 0 10000 118 553430176 108236790 1877573293 92593767
10 0 10000 110 553430176 107615471 1878222273 92593767
15 0 10000 115 553430176 108236790 1879161534 92593767
7 0 10000 107 553430176 104222298 1883786376 92593767
12 0 10000 112 553430176 107615471 1880727196 92593767
5 0 10000 105 553430176 104222298 1884221062 92593767
17 0 10000 117 553430176 108236790 1880480766 92593767
