3 0 10000 103 553430176 101665258 1836752311 92593767
6 0 10000 106 553430176 102886200 1852646625 92593767
12 0 10000 112 553430176 107550859 1857751778 92593767
5 0 10000 105 553430176 102311373 1868779801 92593767
18 0 10000 118 553430176 117647171 1857368604 92593767
8 0 10000 108 553430176 105214357 1873902923 92593767
4 0 10000 104 553430176 102280140 1877574403 92593767
10 0 10000 110 553430176 107550859 1873721994 92593767
9 0 10000 109 553430176 107550859 1875970958 92593767
7 0 10000 107 553430176 105214357 1880593255 92593767
17 0 10000 117 553430176 117647171 1868496135 92593767
15 0 10000 115 553430176 117647171 1869236278 92593767
16 0 10000 116 553430176 117647171 1869469540 92593767
11 0 10000 111 553430176 107550859 1880113539 92593767
14 0 10000 114 553430176 117647171 1870180244 92593767
13 0 10000 113 553430176 117647171 1870432380 92593767
