3 0 10000 103 553430176 103600264 1838738780 92593767
9 0 10000 109 553430176 105941296 1868975357 92593767
5 0 10000 105 553430176 105679989 1869411785 92593767
8 0 10000 108 553430176 105941296 1870512198 92593767
16 0 10000 116 553430176 106592417 1871130202 92593767
18 0 10000 118 553430176 106592417 1873711349 92593767
7 0 10000 107 553430176 105679989 1881058975 92593767
17 0 10000 117 553430176 106592417 1880544978 92593767
10 0 10000 110 553430176 106592417 1880892755 92593767
11 0 10000 111 553430176 106592417 1882229586 92593767
13 0 10000 113 553430176 106592417 1882400444 92593767
12 0 10000 112 553430176 106592417 1882643013 92593767
14 0 10000 114 553430176 106592417 1882647380 92593767
4 0 10000 104 553430176 105679989 1883726410 92593767
15 0 10000 115 553430176 106592417 1883353346 92593767
6 0 10000 106 553430176 105679989 1884892988 92593767
