4 0 10000 104 553430176 102137804 1862083534 92593767
18 0 10000 118 553430176 106853485 1860080017 92593767
3 0 10000 103 553430176 102137804 1871498088 92593767
5 0 10000 105 553430176 102137804 1872491896 92593767
13 0 10000 113 553430176 103744268 1871873251 92593767
11 0 10000 111 553430176 103744268 1873482095 92593767
10 0 10000 110 553430176 103744268 1874795419 92593767
6 0 10000 106 553430176 103744268 1874894595 92593767
16 0 10000 116 553430176 103744268 1876226475 92593767
14 0 10000 114 553430176 103744268 1877327301 92593767
12 0 10000 112 553430176 103744268 1877335539 92593767
8 0 10000 108 553430176 103744268 1877455409 92593767
9 0 10000 109 553430176 103744268 1879234622 92593767
17 0 10000 117 553430176 103744268 1879902322 92593767
15 0 10000 115 553430176 103744268 1881271890 92593767
7 0 10000 107 553430176 103744268 1881908101 92593767
