8 0 10000 108 553430176 105946302 1854227105 92593767
11 0 10000 111 553430176 106116533 1868821247 92593767
17 0 10000 117 553430176 107764959 1870489788 92593767
14 0 10000 114 553430176 106116533 1876421930 92593767
18 0 10000 118 553430176 107764959 1874848458 92593767
3 0 10000 103 553430176 105245113 1878414183 92593767
5 0 10000 105 553430176 105245113 1879574433 92593767
13 0 10000 113 553430176 106116533 1879504109 92593767
9 0 10000 109 553430176 105946302 1879878228 92593767
10 0 10000 110 553430176 105946302 1880066465 92593767
6 0 10000 106 553430176 105245113 1880878155 92593767
15 0 10000 115 553430176 106802225 1879902652 92593767
16 0 10000 116 553430176 106802225 1880291324 92593767
4 0 10000 104 553430176 105245113 1883416208 92593767
7 0 10000 107 553430176 105946302 1883119283 92593767
12 0 10000 112 553430176 106116533 1883368979 92593767
