3 0 10000 103 553430176 102404833 1865184904 92593767
5 0 10000 105 553430176 102404833 1868435033 92593767
4 0 10000 104 553430176 102404833 1871983880 92593767
9 0 10000 109 553430176 102890730 1873242056 92593767
6 0 10000 106 553430176 102890730 1873419958 92593767
17 0 10000 117 553430176 109969378 1866987182 92593767
15 0 10000 115 553430176 109969378 1870257396 92593767
16 0 10000 116 553430176 109969378 1871362555 92593767
11 0 10000 111 553430176 107490063 1874989474 92593767
8 0 10000 108 553430176 102890730 1880217238 92593767
7 0 10000 107 553430176 102890730 1880748899 92593767
13 0 10000 113 553430176 109969378 1875167497 92593767
10 0 10000 110 553430176 102890730 1883082530 92593767
12 0 10000 112 553430176 109969378 1877289689 92593767
14 0 10000 114 553430176 109969378 1877950161 92593767
18 0 10000 118 553430176 111735821 1876907192 92593767
