3 0 10000 103 553430176 104462624 1830618920 92593767
4 0 10000 104 553430176 105513334 1851246038 92593767
11 0 10000 111 553430176 108066082 1866646988 92593767
12 0 10000 112 553430176 108066082 1867245799 92593767
17 0 10000 117 553430176 108066082 1868033442 92593767
8 0 10000 108 553430176 108066082 1873196088 92593767
13 0 10000 113 553430176 108066082 1875995150 92593767
7 0 10000 107 553430176 108066082 1876150474 92593767
10 0 10000 110 553430176 108066082 1877333039 92593767
15 0 10000 115 553430176 108066082 1877902844 92593767
14 0 10000 114 553430176 108066082 1878082261 92593767
18 0 10000 118 553430176 108066082 1878590167 92593767
5 0 10000 105 553430176 108066082 1879840899 92593767
6 0 10000 106 553430176 108066082 1879944848 92593767
9 0 10000 109 553430176 108066082 1880449884 92593767
16 0 10000 116 553430176 108066082 1880984639 92593767
