7 0 10000 107 553430176 106499910 1859662844 92593767
3 0 10000 103 553430176 106499910 1868448237 92593767
5 0 10000 105 553430176 106499910 1872117508 92593767
9 0 10000 109 553430176 109665394 1871910538 92593767
14 0 10000 114 553430176 109665394 1874291957 92593767
4 0 10000 104 553430176 106499910 1877917570 92593767
11 0 10000 111 553430176 109665394 1876894534 92593767
13 0 10000 113 553430176 109665394 1877026333 92593767
17 0 10000 117 553430176 109665394 1877728289 92593767
6 0 10000 106 553430176 106499910 1881365152 92593767
12 0 10000 112 553430176 109665394 1878729951 92593767
16 0 10000 116 553430176 109665394 1879834027 92593767
10 0 10000 110 553430176 109665394 1880669916 92593767
18 0 10000 118 553430176 109665394 1881276029 92593767
8 0 10000 108 553430176 109665394 1881738724 92593767
15 0 10000 115 553430176 109665394 1882416518 92593767
