3 0 10000 103 553430176 97626925 1637730326 92593767
5 0 10000 105 553430176 108075619 1835637979 92593767
9 0 10000 109 553430176 111809492 1848720206 92593767
10 0 10000 110 553430176 111809492 1855034769 92593767
8 0 10000 108 553430176 111809492 1859780818 92593767
4 0 10000 104 553430176 105120897 1868130714 92593767
7 0 10000 107 553430176 111809492 1862797897 92593767
17 0 10000 117 553430176 111809492 1862863812 92593767
16 0 10000 116 553430176 111809492 1864117251 92593767
11 0 10000 111 553430176 111809492 1864449737 92593767
6 0 10000 106 553430176 111809492 1866036463 92593767
12 0 10000 112 553430176 111809492 1866934308 92593767
13 0 10000 113 553430176 111809492 1867241103 92593767
18 0 10000 118 553430176 111809492 1867570692 92593767
15 0 10000 115 553430176 111809492 1867958189 92593767
14 0 10000 114 553430176 111809492 1868974544 92593767
