3 0 10000 103 553430176 106549025 1847226618 92593767
18 0 10000 118 553430176 110161304 1866927506 92593767
6 0 10000 106 553430176 108838081 1871889777 92593767
11 0 10000 111 553430176 108838081 1872476042 92593767
10 0 10000 110 553430176 108838081 1874005206 92593767
14 0 10000 114 553430176 108838081 1876682456 92593767
7 0 10000 107 553430176 108838081 1877748908 92593767
4 0 10000 104 553430176 107336760 1881470503 92593767
12 0 10000 112 553430176 108838081 1880475448 92593767
8 0 10000 108 553430176 108838081 1880999654 92593767
16 0 10000 116 553430176 109613419 1880674351 92593767
5 0 10000 105 553430176 108838081 1881754024 92593767
15 0 10000 115 553430176 109613419 1881040258 92593767
13 0 10000 113 553430176 108838081 1882702110 92593767
17 0 10000 117 553430176 110161304 1881747940 92593767
9 0 10000 109 553430176 108838081 1883140405 92593767
