3 0 10000 103 553430176 104298592 1807190378 92593767
13 0 10000 113 553430176 110434055 1845417046 92593767
11 0 10000 111 553430176 110434055 1857109204 92593767
6 0 10000 106 553430176 108058453 1864052875 92593767
7 0 10000 107 553430176 108058453 1865944007 92593767
9 0 10000 109 553430176 108058453 1870994028 92593767
15 0 10000 115 553430176 115116358 1866015908 92593767
17 0 10000 117 553430176 115116358 1866795287 92593767
14 0 10000 114 553430176 115116358 1866843151 92593767
18 0 10000 118 553430176 115116358 1867704739 92593767
12 0 10000 112 553430176 110434055 1875362056 92593767
8 0 10000 108 553430176 108058453 1877949769 92593767
4 0 10000 104 553430176 106621504 1879491236 92593767
5 0 10000 105 553430176 108058453 1880189733 92593767
16 0 10000 116 553430176 115116358 1873636080 92593767
10 0 10000 110 553430176 110434055 1878485427 92593767
