6 0 10000 106 553430176 107130527 1853467246 92593767
8 0 10000 108 553430176 107130527 1862411028 92593767
4 0 10000 104 553430176 107130527 1867092707 92593767
12 0 10000 112 553430176 114247799 1866075237 92593767
15 0 10000 115 553430176 114247799 1866893837 92593767
3 0 10000 103 553430176 107130527 1877768593 92593767
7 0 10000 107 553430176 107130527 1878400447 92593767
9 0 10000 109 553430176 114247799 1874279666 92593767
11 0 10000 111 553430176 114247799 1876137471 92593767
18 0 10000 118 553430176 114247799 1876198551 92593767
5 0 10000 105 553430176 107130527 1884177113 92593767
13 0 10000 113 553430176 114247799 1877891434 92593767
14 0 10000 114 553430176 114247799 1878922006 92593767
17 0 10000 117 553430176 114247799 1879138975 92593767
10 0 10000 110 553430176 114247799 1879863302 92593767
16 0 10000 116 553430176 114247799 1880571356 92593767
