14 0 10000 114 553430176 105627298 1850821295 92593767
13 0 10000 113 553430176 105627298 1854763339 92593767
8 0 10000 108 553430176 105627298 1864444751 92593767
3 0 10000 103 553430176 104575872 1873424338 92593767
6 0 10000 106 553430176 105519295 1874014336 92593767
11 0 10000 111 553430176 105627298 1876585260 92593767
4 0 10000 104 553430176 104597092 1878995748 92593767
17 0 10000 117 553430176 105936766 1880539601 92593767
16 0 10000 116 553430176 105894327 1880921015 92593767
7 0 10000 107 553430176 105519295 1881677096 92593767
5 0 10000 105 553430176 104597092 1882778078 92593767
10 0 10000 110 553430176 105627298 1882361327 92593767
18 0 10000 118 553430176 105936766 1883009076 92593767
12 0 10000 112 553430176 105627298 1883580710 92593767
15 0 10000 115 553430176 105627298 1884241540 92593767
9 0 10000 109 553430176 105627298 1884531620 92593767
