3 0 10000 103 553430176 100140095 1810356401 92593767
11 0 10000 111 553430176 105367899 1854820639 92593767
4 0 10000 104 553430176 101565361 1862259298 92593767
6 0 10000 106 553430176 105177641 1862024111 92593767
16 0 10000 116 553430176 108676672 1864844242 92593767
15 0 10000 115 553430176 108676672 1868224980 92593767
5 0 10000 105 553430176 101565361 1876658255 92593767
14 0 10000 114 553430176 108676672 1870548407 92593767
7 0 10000 107 553430176 105177641 1874181357 92593767
18 0 10000 118 553430176 108676672 1871114293 92593767
9 0 10000 109 553430176 105367899 1874775097 92593767
8 0 10000 108 553430176 105177641 1875811826 92593767
10 0 10000 110 553430176 105367899 1876351788 92593767
13 0 10000 113 553430176 108676672 1873341638 92593767
17 0 10000 117 553430176 108676672 1873801767 92593767
12 0 10000 112 553430176 108676672 1875129519 92593767
