3 0 10000 103 553430176 98449945 1774278948 92593767
4 0 10000 104 553430176 99002600 1794802723 92593767
5 0 10000 105 553430176 99002600 1864594734 92593767
16 0 10000 116 553430176 107905865 1857374865 92593767
11 0 10000 111 553430176 107905865 1857494538 92593767
10 0 10000 110 553430176 107904673 1860256052 92593767
6 0 10000 106 553430176 106460094 1868107206 92593767
12 0 10000 112 553430176 107905865 1870053494 92593767
13 0 10000 113 553430176 107905865 1870348269 92593767
9 0 10000 109 553430176 107904673 1870560988 92593767
8 0 10000 108 553430176 107904673 1871521422 92593767
17 0 10000 117 553430176 108269453 1872661913 92593767
18 0 10000 118 553430176 108269453 1873367711 92593767
15 0 10000 115 553430176 107905865 1874277764 92593767
7 0 10000 107 553430176 106814623 1875575048 92593767
14 0 10000 114 553430176 107905865 1874876524 92593767
