3 0 10000 103 553430176 102350473 1784559040 92593767
17 0 10000 117 553430176 105738640 1851900185 92593767
9 0 10000 109 553430176 105738640 1871553543 92593767
12 0 10000 112 553430176 105738640 1874218403 92593767
15 0 10000 115 553430176 105738640 1875595572 92593767
18 0 10000 118 553430176 105738640 1875949458 92593767
10 0 10000 110 553430176 105738640 1877414026 92593767
14 0 10000 114 553430176 105738640 1877635006 92593767
6 0 10000 106 553430176 105738640 1878586032 92593767
13 0 10000 113 553430176 105738640 1878774034 92593767
11 0 10000 111 553430176 105738640 1880387720 92593767
7 0 10000 107 553430176 105738640 1880670885 92593767
16 0 10000 116 553430176 105738640 1881034300 92593767
8 0 10000 108 553430176 105738640 1881279304 92593767
4 0 10000 104 553430176 105738640 1881775263 92593767
5 0 10000 105 553430176 105738640 1881947016 92593767
