7 0 10000 107 553430176 106941223 1860225013 92593767
4 0 10000 104 553430176 105484724 1863348742 92593767
14 0 10000 114 553430176 106941223 1874430098 92593767
6 0 10000 106 553430176 106941223 1874433759 92593767
3 0 10000 103 553430176 105484724 1877928745 92593767
9 0 10000 109 553430176 106941223 1876542484 92593767
8 0 10000 108 553430176 106941223 1877076859 92593767
18 0 10000 118 553430176 106941223 1879026578 92593767
12 0 10000 112 553430176 106941223 1879647515 92593767
17 0 10000 117 553430176 106941223 1880200013 92593767
13 0 10000 113 553430176 106941223 1881303507 92593767
16 0 10000 116 553430176 106941223 1882305105 92593767
15 0 10000 115 553430176 106941223 1882630516 92593767
10 0 10000 110 553430176 106941223 1883021369 92593767
11 0 10000 111 553430176 106941223 1883201372 92593767
5 0 10000 105 553430176 105484724 1884929585 92593767
