3 0 10000 103 553430176 106318474 1815314162 92593767
7 0 10000 107 553430176 109810829 1861347007 92593767
9 0 10000 109 553430176 109810829 1861734377 92593767
16 0 10000 116 553430176 109810829 1868911204 92593767
14 0 10000 114 553430176 109810829 1869366786 92593767
4 0 10000 104 553430176 109082699 1872951991 92593767
17 0 10000 117 553430176 109810829 1874162254 92593767
13 0 10000 113 553430176 109810829 1874982239 92593767
18 0 10000 118 553430176 109810829 1875171324 92593767
11 0 10000 111 553430176 109810829 1876417049 92593767
15 0 10000 115 553430176 109810829 1876535313 92593767
12 0 10000 112 553430176 109810829 1878555434 92593767
10 0 10000 110 553430176 109810829 1879282119 92593767
8 0 10000 108 553430176 109810829 1879717735 92593767
5 0 10000 105 553430176 109810829 1880592799 92593767
6 0 10000 106 553430176 109810829 1880751826 92593767
