3 0 10000 103 553430176 103358269 1753854778 92593767
9 0 10000 109 553430176 108452082 1862831660 92593767
16 0 10000 116 553430176 108452082 1867269925 92593767
7 0 10000 107 553430176 108452082 1868806750 92593767
10 0 10000 110 553430176 108452082 1871129148 92593767
18 0 10000 118 553430176 108452082 1872105147 92593767
13 0 10000 113 553430176 108452082 1873038290 92593767
17 0 10000 117 553430176 108452082 1873860127 92593767
6 0 10000 106 553430176 108452082 1876446138 92593767
8 0 10000 108 553430176 108452082 1877165833 92593767
4 0 10000 104 553430176 108452082 1877257339 92593767
5 0 10000 105 553430176 108452082 1877732427 92593767
14 0 10000 114 553430176 108452082 1878503264 92593767
12 0 10000 112 553430176 108452082 1878866669 92593767
11 0 10000 111 553430176 108452082 1879119780 92593767
15 0 10000 115 553430176 108452082 1879585985 92593767
