4 0 10000 104 553430176 104018450 1869823247 92593767
16 0 10000 116 553430176 105069160 1870608709 92593767
14 0 10000 114 553430176 104018450 1873061663 92593767
5 0 10000 105 553430176 104018450 1877789825 92593767
9 0 10000 109 553430176 104018450 1880643666 92593767
17 0 10000 117 553430176 105069160 1879949290 92593767
18 0 10000 118 553430176 105069160 1880019683 92593767
15 0 10000 115 553430176 105069160 1881656395 92593767
8 0 10000 108 553430176 104018450 1884449645 92593767
10 0 10000 110 553430176 104018450 1884890022 92593767
3 0 10000 103 553430176 104018450 1885167710 92593767
6 0 10000 106 553430176 104018450 1885242440 92593767
7 0 10000 107 553430176 104018450 1885273439 92593767
13 0 10000 113 553430176 104018450 1885896556 92593767
12 0 10000 112 553430176 104018450 1886505185 92593767
11 0 10000 111 553430176 104018450 1886592951 92593767
