3 0 10000 103 553430176 104079723 1825050959 92593767
4 0 10000 104 553430176 105458021 1865045097 92593767
11 0 10000 111 553430176 110377789 1864579047 92593767
13 0 10000 113 553430176 110377789 1864724228 92593767
18 0 10000 118 553430176 110377789 1865995451 92593767
5 0 10000 105 553430176 106315851 1873281315 92593767
6 0 10000 106 553430176 107816696 1873044647 92593767
10 0 10000 110 553430176 107816696 1873584190 92593767
8 0 10000 108 553430176 107816696 1874364547 92593767
17 0 10000 117 553430176 110377789 1873804905 92593767
14 0 10000 114 553430176 110377789 1874386554 92593767
16 0 10000 116 553430176 110377789 1874866432 92593767
7 0 10000 107 553430176 107816696 1877858213 92593767
9 0 10000 109 553430176 107816696 1878460667 92593767
12 0 10000 112 553430176 110377789 1876917910 92593767
15 0 10000 115 553430176 110377789 1877504946 92593767
