3 0 10000 103 553430176 99912405 1689749951 92593767
8 0 10000 108 553430176 107118607 1856823281 92593767
15 0 10000 115 553430176 108805895 1856089404 92593767
4 0 10000 104 553430176 107118607 1861802542 92593767
11 0 10000 111 553430176 108805895 1864594744 92593767
17 0 10000 117 553430176 108805895 1870437272 92593767
7 0 10000 107 553430176 107118607 1873582041 92593767
12 0 10000 112 553430176 108805895 1871928961 92593767
13 0 10000 113 553430176 108805895 1872799228 92593767
6 0 10000 106 553430176 107118607 1874797673 92593767
14 0 10000 114 553430176 108805895 1873290645 92593767
9 0 10000 109 553430176 108805895 1874012320 92593767
10 0 10000 110 553430176 108805895 1875218656 92593767
5 0 10000 105 553430176 107118607 1877924936 92593767
16 0 10000 116 553430176 108805895 1876878301 92593767
18 0 10000 118 553430176 108805895 1877430948 92593767
