14 0 10000 114 553430176 108739853 1848476837 92593767
4 0 10000 104 553430176 107347012 1861028154 92593767
7 0 10000 107 553430176 107347012 1867683897 92593767
9 0 10000 109 553430176 107347012 1870602935 92593767
17 0 10000 117 553430176 110007048 1869740835 92593767
11 0 10000 111 553430176 107347012 1875270757 92593767
6 0 10000 106 553430176 107347012 1882721712 92593767
10 0 10000 110 553430176 107347012 1883365074 92593767
8 0 10000 108 553430176 107347012 1883735216 92593767
16 0 10000 116 553430176 110007048 1881182246 92593767
12 0 10000 112 553430176 107347012 1884354908 92593767
13 0 10000 113 553430176 107347012 1885132829 92593767
18 0 10000 118 553430176 110007048 1882558104 92593767
3 0 10000 103 553430176 107347012 1885487806 92593767
15 0 10000 115 553430176 110007048 1883171434 92593767
5 0 10000 105 553430176 107347012 1886111423 92593767
