3 0 10000 103 553430176 104474068 1871626908 92593767
10 0 10000 110 553430176 106495619 1870160456 92593767
15 0 10000 115 553430176 107392550 1871502646 92593767
18 0 10000 118 553430176 107392550 1873593232 92593767
6 0 10000 106 553430176 104474068 1877948675 92593767
14 0 10000 114 553430176 107392550 1877243951 92593767
16 0 10000 116 553430176 107392550 1878114130 92593767
5 0 10000 105 553430176 104474068 1881309358 92593767
13 0 10000 113 553430176 107392550 1879501243 92593767
17 0 10000 117 553430176 107392550 1882120476 92593767
11 0 10000 111 553430176 106513500 1883489746 92593767
12 0 10000 112 553430176 107392550 1883135083 92593767
4 0 10000 104 553430176 104474068 1886273304 92593767
7 0 10000 107 553430176 106495619 1884470184 92593767
9 0 10000 109 553430176 106495619 1885018501 92593767
8 0 10000 108 553430176 106495619 1885391141 92593767
