3 0 10000 103 553430176 104865789 1812495103 92593767
17 0 10000 117 553430176 109768867 1859884321 92593767
18 0 10000 118 553430176 109768867 1866483105 92593767
4 0 10000 104 553430176 107090473 1870306899 92593767
6 0 10000 106 553430176 107090473 1870948544 92593767
16 0 10000 116 553430176 109768867 1871009254 92593767
12 0 10000 112 553430176 109768867 1875806179 92593767
5 0 10000 105 553430176 107090473 1879185238 92593767
13 0 10000 113 553430176 109768867 1877730765 92593767
14 0 10000 114 553430176 109768867 1878441142 92593767
7 0 10000 107 553430176 107090473 1881173118 92593767
8 0 10000 108 553430176 107090473 1882777018 92593767
9 0 10000 109 553430176 109768867 1880306785 92593767
10 0 10000 110 553430176 109768867 1880601954 92593767
11 0 10000 111 553430176 109768867 1881982986 92593767
15 0 10000 115 553430176 109768867 1882063634 92593767
