4 0 10000 104 553430176 109323025 1860952306 92593767
8 0 10000 108 553430176 110922813 1868979727 92593767
18 0 10000 118 553430176 110922813 1869240991 92593767
5 0 10000 105 553430176 109323025 1878272117 92593767
10 0 10000 110 553430176 110922813 1877923107 92593767
7 0 10000 107 553430176 110067368 1878798724 92593767
12 0 10000 112 553430176 110922813 1878641797 92593767
16 0 10000 116 553430176 110922813 1880198330 92593767
6 0 10000 106 553430176 110067368 1881551338 92593767
17 0 10000 117 553430176 110922813 1881676886 92593767
3 0 10000 103 553430176 109323025 1883513545 92593767
11 0 10000 111 553430176 110922813 1883712228 92593767
14 0 10000 114 553430176 110922813 1884046244 92593767
9 0 10000 109 553430176 110922813 1884262326 92593767
15 0 10000 115 553430176 110922813 1884478509 92593767
13 0 10000 113 553430176 110922813 1884590510 92593767
