3 0 10000 103 553430176 97751856 1836623014 92593767
4 0 10000 104 553430176 98482847 1859569494 92593767
5 0 10000 105 553430176 101194859 1864926836 92593767
17 0 10000 117 553430176 103749752 1865512794 92593767
18 0 10000 118 553430176 103749752 1866610087 92593767
12 0 10000 112 553430176 102887154 1868789070 92593767
13 0 10000 113 553430176 102887154 1869666776 92593767
7 0 10000 107 553430176 101194859 1873391075 92593767
16 0 10000 116 553430176 103749752 1871602073 92593767
9 0 10000 109 553430176 101194859 1875734535 92593767
6 0 10000 106 553430176 101194859 1878151247 92593767
10 0 10000 110 553430176 101194859 1879886100 92593767
14 0 10000 114 553430176 102887154 1878486595 92593767
8 0 10000 108 553430176 101194859 1880869352 92593767
11 0 10000 111 553430176 102887154 1879650985 92593767
15 0 10000 115 553430176 103749752 1878844156 92593767
