4 0 10000 104 553430176 103203297 1873442439 92593767
6 0 10000 106 553430176 103304148 1873863214 92593767
14 0 10000 114 553430176 103304148 1874932846 92593767
17 0 10000 117 553430176 107862234 1871016013 92593767
10 0 10000 110 553430176 103304148 1876316094 92593767
3 0 10000 103 553430176 102731943 1878885450 92593767
13 0 10000 113 553430176 103304148 1879071808 92593767
16 0 10000 116 553430176 107862234 1876531462 92593767
8 0 10000 108 553430176 103304148 1882289452 92593767
7 0 10000 107 553430176 103304148 1882694085 92593767
5 0 10000 105 553430176 103304148 1883175851 92593767
9 0 10000 109 553430176 103304148 1883831889 92593767
18 0 10000 118 553430176 107862234 1879548086 92593767
15 0 10000 115 553430176 103304148 1884677057 92593767
12 0 10000 112 553430176 103304148 1885242144 92593767
11 0 10000 111 553430176 103304148 1885834758 92593767
