4 0 10000 104 553430176 106049061 1772840470 92593767
3 0 10000 103 553430176 106049061 1783094023 92593767
7 0 10000 107 553430176 108855247 1788292319 92593767
8 0 10000 108 553430176 117023945 1790007235 92593767
5 0 10000 105 553430176 107208967 1822104074 92593767
6 0 10000 106 553430176 108855247 1829298589 92593767
12 0 10000 112 553430176 152125597 1828546937 92593767
18 0 10000 118 553430176 152125597 1836097060 92593767
15 0 10000 115 553430176 152125597 1837896267 92593767
13 0 10000 113 553430176 152125597 1840278197 92593767
10 0 10000 110 553430176 152125597 1840308759 92593767
14 0 10000 114 553430176 152125597 1841368325 92593767
17 0 10000 117 553430176 152125597 1841736210 92593767
11 0 10000 111 553430176 152125597 1841920675 92593767
16 0 10000 116 553430176 152125597 1842466114 92593767
9 0 10000 109 553430176 152125597 1843217344 92593767
