4 0 10000 104 553430176 105931044 1863225679 92593767
7 0 10000 107 553430176 106465816 1868989049 92593767
16 0 10000 116 553430176 110601425 1865149999 92593767
6 0 10000 106 553430176 105931044 1870377586 92593767
14 0 10000 114 553430176 110601425 1866915677 92593767
12 0 10000 112 553430176 110601425 1869207244 92593767
5 0 10000 105 553430176 105931044 1874811209 92593767
8 0 10000 108 553430176 110601425 1873397850 92593767
11 0 10000 111 553430176 110601425 1874036665 92593767
15 0 10000 115 553430176 110601425 1877704222 92593767
18 0 10000 118 553430176 110601425 1878122743 92593767
17 0 10000 117 553430176 110601425 1878532628 92593767
9 0 10000 109 553430176 110601425 1879831635 92593767
3 0 10000 103 553430176 105931044 1885344604 92593767
13 0 10000 113 553430176 110601425 1881153579 92593767
10 0 10000 110 553430176 110601425 1881617092 92593767
