3 0 10000 103 553430176 101535559 1843356334 92593767
15 0 10000 115 553430176 107602596 1851248734 92593767
6 0 10000 106 553430176 102191210 1864835197 92593767
7 0 10000 107 553430176 102236748 1873771425 92593767
4 0 10000 104 553430176 102191210 1875725370 92593767
8 0 10000 108 553430176 106472731 1872647608 92593767
14 0 10000 114 553430176 107602596 1871808794 92593767
17 0 10000 117 553430176 107602596 1872881244 92593767
5 0 10000 105 553430176 102191210 1879592825 92593767
16 0 10000 116 553430176 107602596 1874689179 92593767
9 0 10000 109 553430176 107602596 1876916307 92593767
13 0 10000 113 553430176 107602596 1877202986 92593767
10 0 10000 110 553430176 107602596 1877362717 92593767
18 0 10000 118 553430176 107602596 1877651621 92593767
11 0 10000 111 553430176 107602596 1878220523 92593767
12 0 10000 112 553430176 107602596 1878316998 92593767
