3 0 10000 103 553430176 104317665 1831115599 92593767
4 0 10000 104 553430176 105009556 1852609871 92593767
6 0 10000 106 553430176 108417511 1867844271 92593767
17 0 10000 117 553430176 109957218 1866619239 92593767
5 0 10000 105 553430176 108417511 1869632784 92593767
11 0 10000 111 553430176 108417511 1873914496 92593767
13 0 10000 113 553430176 108417511 1877073322 92593767
7 0 10000 107 553430176 108417511 1877794841 92593767
8 0 10000 108 553430176 108417511 1879108791 92593767
16 0 10000 116 553430176 109957218 1877591913 92593767
9 0 10000 109 553430176 108417511 1879667283 92593767
12 0 10000 112 553430176 108417511 1880278476 92593767
15 0 10000 115 553430176 109178066 1879717072 92593767
14 0 10000 114 553430176 109178066 1880149211 92593767
18 0 10000 118 553430176 109957218 1879746417 92593767
10 0 10000 110 553430176 108417511 1881587062 92593767
