10 0 10000 110 553430176 107083797 1857945602 92593767
6 0 10000 106 553430176 107083797 1866754773 92593767
9 0 10000 109 553430176 107083797 1872313251 92593767
13 0 10000 113 553430176 107619286 1876668786 92593767
15 0 10000 115 553430176 113744020 1871042301 92593767
14 0 10000 114 553430176 113744020 1873549205 92593767
8 0 10000 108 553430176 107083797 1880466302 92593767
5 0 10000 105 553430176 107083797 1882735830 92593767
3 0 10000 103 553430176 107083797 1882908039 92593767
17 0 10000 117 553430176 113744020 1877095573 92593767
11 0 10000 111 553430176 107083797 1883938371 92593767
4 0 10000 104 553430176 107083797 1884229319 92593767
12 0 10000 112 553430176 107619286 1883746891 92593767
16 0 10000 116 553430176 113744020 1878048121 92593767
7 0 10000 107 553430176 107083797 1886497755 92593767
18 0 10000 118 553430176 113744020 1879985268 92593767
