3 0 10000 103 553430176 102327824 1708942156 92593767
8 0 10000 108 553430176 108582020 1819492751 92593767
4 0 10000 104 553430176 106699944 1862339123 92593767
13 0 10000 113 553430176 113919973 1857055808 92593767
5 0 10000 105 553430176 106699944 1872157223 92593767
18 0 10000 118 553430176 113919973 1866058768 92593767
6 0 10000 106 553430176 106699944 1873890671 92593767
17 0 10000 117 553430176 113919973 1868976526 92593767
14 0 10000 114 553430176 113919973 1869268364 92593767
9 0 10000 109 553430176 113919973 1870457374 92593767
10 0 10000 110 553430176 113919973 1870463945 92593767
11 0 10000 111 553430176 113919973 1871451688 92593767
16 0 10000 116 553430176 113919973 1872348806 92593767
12 0 10000 112 553430176 113919973 1872496928 92593767
7 0 10000 107 553430176 106699944 1880476236 92593767
15 0 10000 115 553430176 113919973 1873563285 92593767
