3 0 10000 103 553430176 95364094 1645685550 92593767
10 0 10000 110 553430176 105650663 1859528327 92593767
4 0 10000 104 553430176 103019714 1863099504 92593767
7 0 10000 107 553430176 105650663 1863087742 92593767
6 0 10000 106 553430176 105650663 1863613626 92593767
8 0 10000 108 553430176 105650663 1864048055 92593767
14 0 10000 114 553430176 106925726 1864129895 92593767
12 0 10000 112 553430176 105650663 1865536569 92593767
16 0 10000 116 553430176 106925726 1865493164 92593767
18 0 10000 118 553430176 106925726 1868866034 92593767
5 0 10000 105 553430176 105650663 1872564540 92593767
9 0 10000 109 553430176 105650663 1874597161 92593767
17 0 10000 117 553430176 106925726 1873839048 92593767
15 0 10000 115 553430176 106925726 1874214821 92593767
11 0 10000 111 553430176 105650663 1875831121 92593767
13 0 10000 113 553430176 105650663 1876022680 92593767
