3 0 10000 103 553430176 98691702 1669581190 92593767
9 0 10000 109 553430176 107462645 1853986800 92593767
11 0 10000 111 553430176 107462645 1866534422 92593767
8 0 10000 108 553430176 107462645 1867238745 92593767
16 0 10000 116 553430176 107462645 1867330038 92593767
4 0 10000 104 553430176 107244492 1869659983 92593767
12 0 10000 112 553430176 107462645 1870016407 92593767
6 0 10000 106 553430176 107462645 1871589226 92593767
13 0 10000 113 553430176 107462645 1871875039 92593767
10 0 10000 110 553430176 107462645 1872166717 92593767
15 0 10000 115 553430176 107462645 1872738870 92593767
5 0 10000 105 553430176 107244492 1873141659 92593767
7 0 10000 107 553430176 107462645 1874170271 92593767
18 0 10000 118 553430176 107462645 1874307233 92593767
17 0 10000 117 553430176 107462645 1874983536 92593767
14 0 10000 114 553430176 107462645 1875718101 92593767
