3 0 10000 103 553430176 100898266 1843291103 92593767
4 0 10000 104 553430176 102065086 1863165346 92593767
6 0 10000 106 553430176 102838755 1864137958 92593767
10 0 10000 110 553430176 107097149 1866770405 92593767
5 0 10000 105 553430176 102838755 1873139572 92593767
12 0 10000 112 553430176 107097149 1870208325 92593767
11 0 10000 111 553430176 107097149 1870476366 92593767
18 0 10000 118 553430176 107744217 1870964568 92593767
9 0 10000 109 553430176 107097149 1874784387 92593767
7 0 10000 107 553430176 104849577 1877976754 92593767
8 0 10000 108 553430176 104849577 1878326590 92593767
14 0 10000 114 553430176 107097149 1876797199 92593767
17 0 10000 117 553430176 107744217 1876289689 92593767
13 0 10000 113 553430176 107097149 1878170322 92593767
15 0 10000 115 553430176 107097149 1878339563 92593767
16 0 10000 116 553430176 107744217 1877948983 92593767
