3 0 10000 103 553430176 105383396 1861028364 92593767
8 0 10000 108 553430176 107271910 1866929464 92593767
12 0 10000 112 553430176 107271910 1872661439 92593767
5 0 10000 105 553430176 107271910 1872661949 92593767
11 0 10000 111 553430176 107271910 1873210832 92593767
18 0 10000 118 553430176 110194206 1872160503 92593767
6 0 10000 106 553430176 107271910 1875511950 92593767
10 0 10000 110 553430176 107271910 1877055008 92593767
13 0 10000 113 553430176 107271910 1878704550 92593767
15 0 10000 115 553430176 110194206 1875970192 92593767
4 0 10000 104 553430176 105383396 1882107805 92593767
7 0 10000 107 553430176 107271910 1881276819 92593767
9 0 10000 109 553430176 107271910 1882154164 92593767
17 0 10000 117 553430176 110194206 1879458597 92593767
16 0 10000 116 553430176 110194206 1879883241 92593767
14 0 10000 114 553430176 107271910 1883610919 92593767
