3 0 10000 103 553430176 103216410 1753594426 92593767
4 0 10000 104 553430176 104279518 1783112492 92593767
12 0 10000 112 553430176 116626024 1859578178 92593767
5 0 10000 105 553430176 110842943 1865860457 92593767
17 0 10000 117 553430176 116626024 1860741868 92593767
9 0 10000 109 553430176 116626024 1863149696 92593767
7 0 10000 107 553430176 116626024 1866376950 92593767
10 0 10000 110 553430176 116626024 1867171969 92593767
15 0 10000 115 553430176 116626024 1867895432 92593767
11 0 10000 111 553430176 116626024 1868315666 92593767
13 0 10000 113 553430176 116626024 1868759924 92593767
16 0 10000 116 553430176 116626024 1869074289 92593767
14 0 10000 114 553430176 116626024 1869427216 92593767
8 0 10000 108 553430176 116626024 1870071298 92593767
18 0 10000 118 553430176 116626024 1870510012 92593767
6 0 10000 106 553430176 116626024 1870519703 92593767
