3 0 10000 103 553430176 101913929 1830245026 92593767
4 0 10000 104 553430176 101913929 1836684045 92593767
5 0 10000 105 553430176 106905937 1868848515 92593767
12 0 10000 112 553430176 106905937 1870913404 92593767
14 0 10000 114 553430176 108278751 1871347498 92593767
18 0 10000 118 553430176 109724760 1869980527 92593767
7 0 10000 107 553430176 106905937 1873199014 92593767
8 0 10000 108 553430176 106905937 1874059922 92593767
13 0 10000 113 553430176 106905937 1874932286 92593767
15 0 10000 115 553430176 109724760 1872367331 92593767
6 0 10000 106 553430176 106905937 1875384621 92593767
9 0 10000 109 553430176 106905937 1877396764 92593767
17 0 10000 117 553430176 109724760 1875768971 92593767
11 0 10000 111 553430176 106905937 1878937838 92593767
10 0 10000 110 553430176 106905937 1879150512 92593767
16 0 10000 116 553430176 109724760 1877094992 92593767
