4 0 10000 104 553430176 105941057 1853108543 92593767
3 0 10000 103 553430176 105941057 1863391323 92593767
8 0 10000 108 553430176 109124660 1866564272 92593767
17 0 10000 117 553430176 109124660 1868375367 92593767
18 0 10000 118 553430176 109124660 1871301895 92593767
16 0 10000 116 553430176 109124660 1874082677 92593767
12 0 10000 112 553430176 109124660 1874787690 92593767
5 0 10000 105 553430176 109124660 1875638252 92593767
15 0 10000 115 553430176 109124660 1876285393 92593767
14 0 10000 114 553430176 109124660 1878275763 92593767
13 0 10000 113 553430176 109124660 1881868448 92593767
9 0 10000 109 553430176 109124660 1882143023 92593767
6 0 10000 106 553430176 109124660 1882401928 92593767
10 0 10000 110 553430176 109124660 1882529740 92593767
7 0 10000 107 553430176 109124660 1883340666 92593767
11 0 10000 111 553430176 109124660 1884005926 92593767
