3 0 10000 103 553430176 104083776 1752127190 92593767
6 0 10000 106 553430176 110700607 1854088064 92593767
5 0 10000 105 553430176 110700607 1855568128 92593767
16 0 10000 116 553430176 110700607 1855910166 92593767
10 0 10000 110 553430176 110700607 1860708752 92593767
4 0 10000 104 553430176 107483149 1864062901 92593767
13 0 10000 113 553430176 110700607 1861978203 92593767
7 0 10000 107 553430176 110700607 1862907524 92593767
15 0 10000 115 553430176 110700607 1865774489 92593767
8 0 10000 108 553430176 110700607 1870372197 92593767
14 0 10000 114 553430176 110700607 1872837428 92593767
11 0 10000 111 553430176 110700607 1873438802 92593767
12 0 10000 112 553430176 110700607 1873670034 92593767
9 0 10000 109 553430176 110700607 1874695969 92593767
17 0 10000 117 553430176 156233072 1830436304 92593767
18 0 10000 118 553430176 160937309 1827416643 92593767
