3 0 10000 103 553430176 105763435 1838866235 92593767
9 0 10000 109 553430176 107373476 1862235059 92593767
13 0 10000 113 553430176 107373476 1866036971 92593767
16 0 10000 116 553430176 107373476 1869568227 92593767
6 0 10000 106 553430176 106940985 1870201439 92593767
15 0 10000 115 553430176 107373476 1874550630 92593767
18 0 10000 118 553430176 107373476 1876622799 92593767
11 0 10000 111 553430176 107373476 1877746958 92593767
4 0 10000 104 553430176 106940985 1879307510 92593767
17 0 10000 117 553430176 107373476 1879658062 92593767
5 0 10000 105 553430176 106940985 1880451948 92593767
12 0 10000 112 553430176 107373476 1881366508 92593767
14 0 10000 114 553430176 107373476 1881892297 92593767
10 0 10000 110 553430176 107373476 1882370500 92593767
7 0 10000 107 553430176 106940985 1883577758 92593767
8 0 10000 108 553430176 107373476 1883643423 92593767
