15 0 10000 115 553430176 107470751 1857257836 92593767
18 0 10000 118 553430176 107470751 1860130610 92593767
3 0 10000 103 553430176 105712891 1873829116 92593767
14 0 10000 114 553430176 107470751 1873414295 92593767
16 0 10000 116 553430176 107470751 1873928619 92593767
17 0 10000 117 553430176 107470751 1875221812 92593767
10 0 10000 110 553430176 105712891 1879450013 92593767
5 0 10000 105 553430176 105712891 1880603129 92593767
9 0 10000 109 553430176 105712891 1881505531 92593767
11 0 10000 111 553430176 105712891 1882587783 92593767
13 0 10000 113 553430176 105712891 1883091963 92593767
8 0 10000 108 553430176 105712891 1884452412 92593767
7 0 10000 107 553430176 105712891 1885072342 92593767
12 0 10000 112 553430176 105712891 1885539063 92593767
6 0 10000 106 553430176 105712891 1885567360 92593767
4 0 10000 104 553430176 105712891 1886244404 92593767
