3 0 10000 103 553430176 105942249 1852134673 92593767
7 0 10000 107 553430176 106966496 1858546576 92593767
17 0 10000 117 553430176 106966496 1873229152 92593767
14 0 10000 114 553430176 106966496 1875330628 92593767
4 0 10000 104 553430176 106966496 1875738614 92593767
8 0 10000 108 553430176 106966496 1877647382 92593767
5 0 10000 105 553430176 106966496 1878148405 92593767
13 0 10000 113 553430176 106966496 1878488460 92593767
15 0 10000 115 553430176 106966496 1879623633 92593767
6 0 10000 106 553430176 106966496 1881370083 92593767
10 0 10000 110 553430176 106966496 1881372201 92593767
9 0 10000 109 553430176 106966496 1882651570 92593767
16 0 10000 116 553430176 106966496 1883282924 92593767
12 0 10000 112 553430176 106966496 1883415299 92593767
11 0 10000 111 553430176 106966496 1884098586 92593767
18 0 10000 118 553430176 106966496 1884719186 92593767
