3 0 10000 103 553430176 105462313 1861760607 92593767
5 0 10000 105 553430176 105610847 1864866672 92593767
15 0 10000 115 553430176 105610847 1870717573 92593767
6 0 10000 106 553430176 105610847 1871453667 92593767
8 0 10000 108 553430176 105610847 1874588952 92593767
9 0 10000 109 553430176 105610847 1876133199 92593767
14 0 10000 114 553430176 105610847 1877553795 92593767
7 0 10000 107 553430176 105610847 1882652784 92593767
10 0 10000 110 553430176 105610847 1882868445 92593767
12 0 10000 112 553430176 105610847 1882937344 92593767
17 0 10000 117 553430176 107485771 1881141778 92593767
18 0 10000 118 553430176 107485771 1881479155 92593767
13 0 10000 113 553430176 105610847 1883402919 92593767
4 0 10000 104 553430176 105610847 1884570099 92593767
11 0 10000 111 553430176 105610847 1884686254 92593767
16 0 10000 116 553430176 105610847 1885458283 92593767
