3 0 10000 103 553430176 99418640 1725909772 92593767
18 0 10000 118 553430176 107729197 1857669689 92593767
4 0 10000 104 553430176 105535030 1864754768 92593767
8 0 10000 108 553430176 107161045 1863309410 92593767
14 0 10000 114 553430176 107419491 1863550220 92593767
6 0 10000 106 553430176 107161045 1867946886 92593767
10 0 10000 110 553430176 107419491 1868167981 92593767
7 0 10000 107 553430176 107161045 1868458697 92593767
9 0 10000 109 553430176 107419491 1871284625 92593767
15 0 10000 115 553430176 107419491 1871669238 92593767
12 0 10000 112 553430176 107419491 1872498951 92593767
16 0 10000 116 553430176 107419491 1873871105 92593767
11 0 10000 111 553430176 107419491 1874649962 92593767
17 0 10000 117 553430176 107419491 1874992275 92593767
13 0 10000 113 553430176 107419491 1875322470 92593767
5 0 10000 105 553430176 107161045 1876149316 92593767
