3 0 10000 103 553430176 102833271 1857459331 92593767
9 0 10000 109 553430176 103527784 1863081293 92593767
17 0 10000 117 553430176 108575106 1868973652 92593767
8 0 10000 108 553430176 103527784 1876694369 92593767
4 0 10000 104 553430176 102833271 1877520758 92593767
5 0 10000 105 553430176 103397846 1877103520 92593767
18 0 10000 118 553430176 108575106 1873200793 92593767
6 0 10000 106 553430176 103397846 1880171177 92593767
15 0 10000 115 553430176 108495474 1876121517 92593767
7 0 10000 107 553430176 103397846 1881931140 92593767
10 0 10000 110 553430176 106722116 1878851534 92593767
13 0 10000 113 553430176 108495474 1879343025 92593767
12 0 10000 112 553430176 108495474 1879510586 92593767
11 0 10000 111 553430176 108495474 1879707702 92593767
14 0 10000 114 553430176 108495474 1879987390 92593767
16 0 10000 116 553430176 108495474 1880900030 92593767
