11 0 10000 111 553430176 104265928 1871644451 92593767
17 0 10000 117 553430176 107224703 1873894884 92593767
4 0 10000 104 553430176 103110552 1880990590 92593767
3 0 10000 103 553430176 103110552 1881044918 92593767
14 0 10000 114 553430176 107224703 1877725078 92593767
16 0 10000 116 553430176 107224703 1878162568 92593767
12 0 10000 112 553430176 107224703 1878801730 92593767
6 0 10000 106 553430176 104265928 1881797969 92593767
9 0 10000 109 553430176 104265928 1883219261 92593767
10 0 10000 110 553430176 104265928 1884729131 92593767
5 0 10000 105 553430176 103110552 1885955354 92593767
18 0 10000 118 553430176 107224703 1881956947 92593767
15 0 10000 115 553430176 107224703 1881971560 92593767
13 0 10000 113 553430176 107224703 1882797322 92593767
8 0 10000 108 553430176 104265928 1886229168 92593767
7 0 10000 107 553430176 104265928 1886550596 92593767
