3 0 10000 103 553430176 103567362 1858528490 92593767
11 0 10000 111 553430176 109282732 1858662559 92593767
8 0 10000 108 553430176 105437279 1874804473 92593767
10 0 10000 110 553430176 105437279 1878381507 92593767
17 0 10000 117 553430176 109282732 1874930747 92593767
6 0 10000 106 553430176 104990244 1880965857 92593767
5 0 10000 105 553430176 104990244 1881431365 92593767
7 0 10000 107 553430176 105437279 1881449205 92593767
16 0 10000 116 553430176 109282732 1878005699 92593767
13 0 10000 113 553430176 109282732 1878698429 92593767
12 0 10000 112 553430176 109282732 1879221985 92593767
18 0 10000 118 553430176 109282732 1879424417 92593767
4 0 10000 104 553430176 104990244 1883804088 92593767
9 0 10000 109 553430176 105437279 1883777156 92593767
15 0 10000 115 553430176 109282732 1880687030 92593767
14 0 10000 114 553430176 109282732 1881217868 92593767
