3 0 10000 103 553430176 104476213 1839553989 92593767
4 0 10000 104 553430176 105497837 1848098543 92593767
8 0 10000 108 553430176 107996941 1866011704 92593767
13 0 10000 113 553430176 109569550 1871648027 92593767
14 0 10000 114 553430176 109569550 1873963724 92593767
18 0 10000 118 553430176 109569550 1874101294 92593767
9 0 10000 109 553430176 107996941 1876486116 92593767
5 0 10000 105 553430176 105497837 1880166216 92593767
7 0 10000 107 553430176 107996941 1877989772 92593767
16 0 10000 116 553430176 109569550 1879407500 92593767
6 0 10000 106 553430176 107996941 1882758186 92593767
12 0 10000 112 553430176 109569550 1881714949 92593767
11 0 10000 111 553430176 109569550 1881755606 92593767
15 0 10000 115 553430176 109569550 1881986316 92593767
17 0 10000 117 553430176 109569550 1882202470 92593767
10 0 10000 110 553430176 109569550 1882411199 92593767
