4 0 10000 104 553430176 98417759 1853136492 92593767
3 0 10000 103 553430176 98417759 1854326574 92593767
6 0 10000 106 553430176 100581646 1869256965 92593767
15 0 10000 115 553430176 105712652 1864978981 92593767
10 0 10000 110 553430176 103171110 1867551688 92593767
14 0 10000 114 553430176 103171110 1870015966 92593767
16 0 10000 116 553430176 105712652 1874499134 92593767
12 0 10000 112 553430176 103171110 1877694561 92593767
17 0 10000 117 553430176 105712652 1875930227 92593767
5 0 10000 105 553430176 100581646 1881269098 92593767
9 0 10000 109 553430176 103171110 1879265679 92593767
8 0 10000 108 553430176 103171110 1880185074 92593767
7 0 10000 107 553430176 102568388 1881292040 92593767
13 0 10000 113 553430176 103171110 1880977202 92593767
18 0 10000 118 553430176 106604815 1878530776 92593767
11 0 10000 111 553430176 103171110 1882572070 92593767
