4 0 10000 104 553430176 105396509 1862694275 92593767
9 0 10000 109 553430176 107038021 1869380854 92593767
5 0 10000 105 553430176 107038021 1870024687 92593767
15 0 10000 115 553430176 107038021 1875525984 92593767
13 0 10000 113 553430176 107038021 1875589166 92593767
16 0 10000 116 553430176 107038021 1876234492 92593767
10 0 10000 110 553430176 107038021 1877445862 92593767
18 0 10000 118 553430176 107038021 1877834378 92593767
3 0 10000 103 553430176 105396509 1879857541 92593767
6 0 10000 106 553430176 107038021 1879456483 92593767
14 0 10000 114 553430176 107038021 1880067093 92593767
12 0 10000 112 553430176 107038021 1881679451 92593767
8 0 10000 108 553430176 107038021 1882033682 92593767
17 0 10000 117 553430176 107038021 1882663014 92593767
11 0 10000 111 553430176 107038021 1882879736 92593767
7 0 10000 107 553430176 107038021 1883430129 92593767
