5 0 10000 105 553430176 102290392 1841971069 92593767
4 0 10000 104 553430176 101867676 1847191967 92593767
3 0 10000 103 553430176 101867676 1862450290 92593767
9 0 10000 109 553430176 106448174 1864338760 92593767
7 0 10000 107 553430176 106448174 1865566167 92593767
17 0 10000 117 553430176 106448174 1871717875 92593767
15 0 10000 115 553430176 106448174 1872166300 92593767
12 0 10000 112 553430176 106448174 1872832153 92593767
14 0 10000 114 553430176 106448174 1874460882 92593767
18 0 10000 118 553430176 106448174 1876455803 92593767
13 0 10000 113 553430176 106448174 1878493104 92593767
11 0 10000 111 553430176 106448174 1879241071 92593767
16 0 10000 116 553430176 106448174 1879667240 92593767
6 0 10000 106 553430176 106448174 1880065319 92593767
10 0 10000 110 553430176 106448174 1880469694 92593767
8 0 10000 108 553430176 106448174 1880528610 92593767
