3 0 10000 103 553430176 99679947 1820820631 92593767
14 0 10000 114 553430176 102846384 1864206500 92593767
7 0 10000 107 553430176 102750540 1865679250 92593767
15 0 10000 115 553430176 102846384 1872630416 92593767
16 0 10000 116 553430176 102846384 1874006328 92593767
9 0 10000 109 553430176 102750540 1875827796 92593767
11 0 10000 111 553430176 102750540 1877577629 92593767
12 0 10000 112 553430176 102750540 1878825289 92593767
18 0 10000 118 553430176 102846384 1879029774 92593767
4 0 10000 104 553430176 102726698 1879743043 92593767
10 0 10000 110 553430176 102750540 1881008372 92593767
17 0 10000 117 553430176 102846384 1881227851 92593767
5 0 10000 105 553430176 102726698 1881862486 92593767
13 0 10000 113 553430176 102846384 1881910872 92593767
6 0 10000 106 553430176 102750540 1882676125 92593767
8 0 10000 108 553430176 102750540 1882738568 92593767
