3 0 10000 103 553430176 98879576 1812404059 92593767
5 0 10000 105 553430176 101337671 1867795921 92593767
10 0 10000 110 553430176 102116346 1869989737 92593767
7 0 10000 107 553430176 102116346 1871898631 92593767
8 0 10000 108 553430176 102116346 1872684999 92593767
9 0 10000 109 553430176 102116346 1873461033 92593767
4 0 10000 104 553430176 101337671 1875933180 92593767
13 0 10000 113 553430176 102116346 1875238004 92593767
14 0 10000 114 553430176 102116346 1876188013 92593767
16 0 10000 116 553430176 105645657 1873247825 92593767
15 0 10000 115 553430176 104793310 1877696329 92593767
17 0 10000 117 553430176 105645657 1876976564 92593767
11 0 10000 111 553430176 102116346 1880975787 92593767
12 0 10000 112 553430176 102116346 1881719554 92593767
18 0 10000 118 553430176 105645657 1878682249 92593767
6 0 10000 106 553430176 101337671 1883376023 92593767
