3 0 10000 103 553430176 95870972 1806573756 92593767
5 0 10000 105 553430176 98412275 1871196147 92593767
13 0 10000 113 553430176 102630615 1868287931 92593767
4 0 10000 104 553430176 98412275 1872679659 92593767
11 0 10000 111 553430176 102630615 1872364152 92593767
16 0 10000 116 553430176 102630615 1873077783 92593767
9 0 10000 109 553430176 98871946 1877402709 92593767
10 0 10000 110 553430176 102630615 1873716560 92593767
15 0 10000 115 553430176 102630615 1874180315 92593767
8 0 10000 108 553430176 98871946 1878527197 92593767
6 0 10000 106 553430176 98412275 1879568120 92593767
14 0 10000 114 553430176 102630615 1875662595 92593767
7 0 10000 107 553430176 98871946 1879899174 92593767
17 0 10000 117 553430176 102630615 1877510246 92593767
12 0 10000 112 553430176 102630615 1877695088 92593767
18 0 10000 118 553430176 102630615 1878104436 92593767
