4 0 10000 104 553430176 103722572 1823567099 92593767
3 0 10000 103 553430176 103722572 1851023738 92593767
15 0 10000 115 553430176 109203339 1870389181 92593767
18 0 10000 118 553430176 109203339 1873990322 92593767
8 0 10000 108 553430176 108289957 1875104885 92593767
16 0 10000 116 553430176 109203339 1874293460 92593767
5 0 10000 105 553430176 108289957 1876100865 92593767
6 0 10000 106 553430176 108289957 1877433513 92593767
12 0 10000 112 553430176 109203339 1877692259 92593767
11 0 10000 111 553430176 109203339 1877713382 92593767
14 0 10000 114 553430176 109203339 1878430556 92593767
13 0 10000 113 553430176 109203339 1878790490 92593767
17 0 10000 117 553430176 109203339 1878977789 92593767
9 0 10000 109 553430176 108289957 1880955664 92593767
10 0 10000 110 553430176 109203339 1880380895 92593767
7 0 10000 107 553430176 108289957 1881570936 92593767
