18 0 10000 118 553430176 108647585 1862174305 92593767
5 0 10000 105 553430176 106235027 1878486584 92593767
9 0 10000 109 553430176 106235027 1879067173 92593767
8 0 10000 108 553430176 106235027 1879491167 92593767
16 0 10000 116 553430176 106235027 1879937169 92593767
14 0 10000 114 553430176 106235027 1881246895 92593767
10 0 10000 110 553430176 106235027 1881852079 92593767
17 0 10000 117 553430176 106235027 1883149073 92593767
3 0 10000 103 553430176 106235027 1883645545 92593767
11 0 10000 111 553430176 106235027 1883674793 92593767
4 0 10000 104 553430176 106235027 1884296520 92593767
7 0 10000 107 553430176 106235027 1884528469 92593767
12 0 10000 112 553430176 106235027 1885305864 92593767
6 0 10000 106 553430176 106235027 1885497084 92593767
13 0 10000 113 553430176 106235027 1885716890 92593767
15 0 10000 115 553430176 106235027 1886038943 92593767
