4 0 10000 104 553430176 98895788 1469164120 92593767
3 0 10000 103 553430176 98895788 1475101279 92593767
13 0 10000 113 553430176 141742468 1825182136 92593767
15 0 10000 115 553430176 141742468 1828006163 92593767
14 0 10000 114 553430176 141742468 1828803165 92593767
11 0 10000 111 553430176 141742468 1830785409 92593767
6 0 10000 106 553430176 141742468 1832069530 92593767
18 0 10000 118 553430176 141742468 1833714165 92593767
16 0 10000 116 553430176 141742468 1834223063 92593767
17 0 10000 117 553430176 141742468 1835348087 92593767
5 0 10000 105 553430176 141742468 1835861627 92593767
10 0 10000 110 553430176 141742468 1836380408 92593767
8 0 10000 108 553430176 141742468 1838417082 92593767
7 0 10000 107 553430176 141742468 1838689230 92593767
9 0 10000 109 553430176 141742468 1838983303 92593767
12 0 10000 112 553430176 141742468 1839168065 92593767
