6 0 10000 106 553430176 108424664 1859868252 92593767
4 0 10000 104 553430176 108424664 1865619367 92593767
11 0 10000 111 553430176 108988523 1867216248 92593767
7 0 10000 107 553430176 108424664 1868202481 92593767
16 0 10000 116 553430176 110063553 1870553398 92593767
14 0 10000 114 553430176 108988523 1872589267 92593767
13 0 10000 113 553430176 108988523 1875197830 92593767
3 0 10000 103 553430176 108424664 1882332645 92593767
17 0 10000 117 553430176 116869688 1875141671 92593767
10 0 10000 110 553430176 108988523 1883085469 92593767
12 0 10000 112 553430176 108988523 1883513636 92593767
18 0 10000 118 553430176 116869688 1875833141 92593767
5 0 10000 105 553430176 108424664 1884444431 92593767
8 0 10000 108 553430176 108424664 1885189439 92593767
15 0 10000 115 553430176 110063553 1884699632 92593767
9 0 10000 109 553430176 108988523 1885821377 92593767
