6 0 10000 106 553430176 107608557 1863262947 92593767
3 0 10000 103 553430176 106859922 1872624085 92593767
10 0 10000 110 553430176 107608557 1874493269 92593767
8 0 10000 108 553430176 107608557 1875736652 92593767
13 0 10000 113 553430176 107608557 1879726722 92593767
4 0 10000 104 553430176 106859922 1880949880 92593767
9 0 10000 109 553430176 107608557 1881147662 92593767
17 0 10000 117 553430176 107608557 1881465948 92593767
12 0 10000 112 553430176 107608557 1881621364 92593767
7 0 10000 107 553430176 107608557 1881726126 92593767
14 0 10000 114 553430176 107608557 1883865506 92593767
16 0 10000 116 553430176 107608557 1884558351 92593767
11 0 10000 111 553430176 107608557 1884693817 92593767
18 0 10000 118 553430176 107608557 1885181944 92593767
15 0 10000 115 553430176 107608557 1885688021 92593767
5 0 10000 105 553430176 107608557 1885745315 92593767
