4 0 10000 104 553430176 104458332 1860869205 92593767
18 0 10000 118 553430176 108648777 1866732895 92593767
8 0 10000 108 553430176 106817722 1870668731 92593767
15 0 10000 115 553430176 108648777 1869117645 92593767
5 0 10000 105 553430176 104458332 1873854255 92593767
13 0 10000 113 553430176 107436895 1875389819 92593767
10 0 10000 110 553430176 106817722 1877389074 92593767
6 0 10000 106 553430176 106759548 1879695176 92593767
17 0 10000 117 553430176 108648777 1879875895 92593767
9 0 10000 109 553430176 106817722 1881734712 92593767
14 0 10000 114 553430176 107436895 1881766798 92593767
3 0 10000 103 553430176 104221344 1885235030 92593767
11 0 10000 111 553430176 107436895 1882247828 92593767
7 0 10000 107 553430176 106817722 1883077288 92593767
16 0 10000 116 553430176 108648777 1882070026 92593767
12 0 10000 112 553430176 107436895 1883399755 92593767
