3 0 10000 103 553430176 100931883 1775423410 92593767
4 0 10000 104 553430176 101896763 1803137250 92593767
6 0 10000 106 553430176 102674723 1850708213 92593767
7 0 10000 107 553430176 107990980 1852990825 92593767
5 0 10000 105 553430176 101896763 1866368922 92593767
8 0 10000 108 553430176 108683825 1859898615 92593767
12 0 10000 112 553430176 120946407 1850292811 92593767
11 0 10000 111 553430176 113744974 1860713495 92593767
10 0 10000 110 553430176 113744974 1861955989 92593767
9 0 10000 109 553430176 113744974 1862035261 92593767
17 0 10000 117 553430176 139410973 1840443871 92593767
15 0 10000 115 553430176 139410973 1842771167 92593767
13 0 10000 113 553430176 139410973 1844872262 92593767
18 0 10000 118 553430176 139410973 1847159975 92593767
14 0 10000 114 553430176 139410973 1847792624 92593767
16 0 10000 116 553430176 139410973 1848157497 92593767
