3 0 10000 103 553430176 101602793 1807461901 92593767
4 0 10000 104 553430176 103183746 1855791558 92593767
5 0 10000 105 553430176 103183746 1856868658 92593767
7 0 10000 107 553430176 105682373 1863702468 92593767
8 0 10000 108 553430176 109671354 1860273406 92593767
6 0 10000 106 553430176 105463028 1868455747 92593767
10 0 10000 110 553430176 109671354 1865608424 92593767
13 0 10000 113 553430176 109671354 1870043718 92593767
16 0 10000 116 553430176 113321543 1868058584 92593767
9 0 10000 109 553430176 109671354 1873745774 92593767
14 0 10000 114 553430176 113321543 1872269025 92593767
12 0 10000 112 553430176 109671354 1876250306 92593767
17 0 10000 117 553430176 113321543 1872817139 92593767
15 0 10000 115 553430176 113321543 1872977162 92593767
18 0 10000 118 553430176 113321543 1873380945 92593767
11 0 10000 111 553430176 109671354 1877300519 92593767
