3 0 10000 103 553430176 102146626 1837506565 92593767
4 0 10000 104 553430176 102501392 1848618844 92593767
9 0 10000 109 553430176 105538368 1864956089 92593767
10 0 10000 110 553430176 105538368 1867542131 92593767
14 0 10000 114 553430176 106659651 1873017638 92593767
17 0 10000 117 553430176 111098051 1870704362 92593767
6 0 10000 106 553430176 105538368 1878601319 92593767
13 0 10000 113 553430176 106659651 1878233239 92593767
12 0 10000 112 553430176 106659651 1878981344 92593767
16 0 10000 116 553430176 111098051 1875115894 92593767
18 0 10000 118 553430176 111098051 1875364364 92593767
7 0 10000 107 553430176 105538368 1881077020 92593767
5 0 10000 105 553430176 105538368 1881099777 92593767
8 0 10000 108 553430176 105538368 1881381729 92593767
15 0 10000 115 553430176 110093117 1877374311 92593767
11 0 10000 111 553430176 105538368 1882333270 92593767
