6 0 10000 106 553430176 107513905 1853422655 92593767
18 0 10000 118 553430176 113908768 1867800846 92593767
10 0 10000 110 553430176 107513905 1875859047 92593767
9 0 10000 109 553430176 107513905 1876112681 92593767
16 0 10000 116 553430176 113908768 1870756053 92593767
4 0 10000 104 553430176 107513905 1879044423 92593767
5 0 10000 105 553430176 107513905 1880239020 92593767
3 0 10000 103 553430176 107513905 1882824675 92593767
15 0 10000 115 553430176 107513905 1883457676 92593767
7 0 10000 107 553430176 107513905 1884237751 92593767
14 0 10000 114 553430176 107513905 1885298366 92593767
11 0 10000 111 553430176 107513905 1885379945 92593767
12 0 10000 112 553430176 107513905 1886263280 92593767
17 0 10000 117 553430176 113908768 1880774605 92593767
13 0 10000 113 553430176 107513905 1887177934 92593767
8 0 10000 108 553430176 107513905 1887599290 92593767
