3 0 10000 103 553430176 106101990 1798460198 92593767
12 0 10000 112 553430176 109291315 1860065087 92593767
6 0 10000 106 553430176 109291315 1872345849 92593767
14 0 10000 114 553430176 109291315 1876980992 92593767
15 0 10000 115 553430176 109291315 1877097769 92593767
5 0 10000 105 553430176 109291315 1877541194 92593767
17 0 10000 117 553430176 109291315 1877748610 92593767
7 0 10000 107 553430176 109291315 1880339065 92593767
16 0 10000 116 553430176 109291315 1880457345 92593767
9 0 10000 109 553430176 109291315 1881491684 92593767
8 0 10000 108 553430176 109291315 1882741945 92593767
4 0 10000 104 553430176 109291315 1883244765 92593767
18 0 10000 118 553430176 109291315 1883558020 92593767
11 0 10000 111 553430176 109291315 1883862570 92593767
13 0 10000 113 553430176 109291315 1883999544 92593767
10 0 10000 110 553430176 109291315 1884369699 92593767
