13 0 10000 113 553430176 108975172 1857224906 92593767
3 0 10000 103 553430176 105545998 1866019421 92593767
5 0 10000 105 553430176 105801582 1865929752 92593767
4 0 10000 104 553430176 105545998 1869739460 92593767
15 0 10000 115 553430176 108975172 1869884629 92593767
18 0 10000 118 553430176 109776020 1870958134 92593767
10 0 10000 110 553430176 108975172 1877131176 92593767
8 0 10000 108 553430176 108865023 1877560674 92593767
11 0 10000 111 553430176 108975172 1880810377 92593767
6 0 10000 106 553430176 105801582 1884128099 92593767
12 0 10000 112 553430176 108975172 1881110557 92593767
16 0 10000 116 553430176 108975172 1881191143 92593767
14 0 10000 114 553430176 108975172 1881775170 92593767
9 0 10000 109 553430176 108975172 1882931163 92593767
17 0 10000 117 553430176 109776020 1882218781 92593767
7 0 10000 107 553430176 108865023 1883282610 92593767
