11 0 10000 111 553430176 105329752 1858851247 92593767
8 0 10000 108 553430176 104652166 1875573261 92593767
9 0 10000 109 553430176 104652166 1876482347 92593767
12 0 10000 112 553430176 105863810 1875801366 92593767
14 0 10000 114 553430176 105863810 1878758977 92593767
3 0 10000 103 553430176 102840185 1882334452 92593767
10 0 10000 110 553430176 105329752 1880560030 92593767
13 0 10000 113 553430176 105863810 1881209241 92593767
5 0 10000 105 553430176 102901697 1884374941 92593767
15 0 10000 115 553430176 105863810 1882208181 92593767
17 0 10000 117 553430176 105863810 1882791446 92593767
4 0 10000 104 553430176 102901697 1886198859 92593767
6 0 10000 106 553430176 102901697 1886449468 92593767
16 0 10000 116 553430176 105863810 1883665367 92593767
7 0 10000 107 553430176 102901697 1886708340 92593767
18 0 10000 118 553430176 105863810 1884187184 92593767
