3 0 10000 103 553430176 101855993 1748672793 92593767
16 0 10000 116 553430176 108639717 1869726919 92593767
4 0 10000 104 553430176 105721951 1873642033 92593767
7 0 10000 107 553430176 108639717 1871371576 92593767
6 0 10000 106 553430176 105721951 1874963167 92593767
12 0 10000 112 553430176 108639717 1872187531 92593767
17 0 10000 117 553430176 108639717 1872467144 92593767
10 0 10000 110 553430176 108639717 1873776777 92593767
9 0 10000 109 553430176 108639717 1874094949 92593767
15 0 10000 115 553430176 108639717 1876219401 92593767
8 0 10000 108 553430176 108639717 1876267675 92593767
11 0 10000 111 553430176 108639717 1876519852 92593767
18 0 10000 118 553430176 108639717 1876531764 92593767
13 0 10000 113 553430176 108639717 1877460789 92593767
5 0 10000 105 553430176 105721951 1881041707 92593767
14 0 10000 114 553430176 108639717 1878619794 92593767
