3 0 10000 103 553430176 102487087 1799888789 92593767
12 0 10000 112 553430176 107937813 1858429093 92593767
5 0 10000 105 553430176 105113506 1868446709 92593767
11 0 10000 111 553430176 105113506 1871057897 92593767
14 0 10000 114 553430176 107937813 1868371708 92593767
7 0 10000 107 553430176 105113506 1872327450 92593767
4 0 10000 104 553430176 105113506 1874858523 92593767
10 0 10000 110 553430176 105113506 1875146209 92593767
16 0 10000 116 553430176 107937813 1877109357 92593767
9 0 10000 109 553430176 105113506 1880117106 92593767
13 0 10000 113 553430176 107937813 1877417624 92593767
18 0 10000 118 553430176 107937813 1877745278 92593767
6 0 10000 106 553430176 105113506 1881699992 92593767
17 0 10000 117 553430176 107937813 1879029150 92593767
8 0 10000 108 553430176 105113506 1881971635 92593767
15 0 10000 115 553430176 107937813 1879286167 92593767
