11 0 10000 111 553430176 104017735 1857848603 92593767
4 0 10000 104 553430176 104017735 1871118754 92593767
3 0 10000 103 553430176 104017735 1877526906 92593767
16 0 10000 116 553430176 105498552 1876460887 92593767
7 0 10000 107 553430176 104017735 1879328749 92593767
5 0 10000 105 553430176 104017735 1879758839 92593767
9 0 10000 109 553430176 104017735 1880104667 92593767
10 0 10000 110 553430176 104017735 1882362641 92593767
12 0 10000 112 553430176 105498552 1882127560 92593767
15 0 10000 115 553430176 105498552 1882179811 92593767
14 0 10000 114 553430176 105498552 1884210036 92593767
8 0 10000 108 553430176 104017735 1886086752 92593767
17 0 10000 117 553430176 105498552 1885047474 92593767
13 0 10000 113 553430176 105498552 1885436218 92593767
18 0 10000 118 553430176 105498552 1885829774 92593767
6 0 10000 106 553430176 104017735 1887603469 92593767
