3 0 10000 103 553430176 101706266 1864166507 92593767
18 0 10000 118 553430176 110098839 1858550877 92593767
5 0 10000 105 553430176 103825569 1866930945 92593767
12 0 10000 112 553430176 103825569 1870345080 92593767
4 0 10000 104 553430176 101706266 1874027326 92593767
7 0 10000 107 553430176 103825569 1872985645 92593767
10 0 10000 110 553430176 103825569 1874436958 92593767
11 0 10000 111 553430176 103825569 1875863564 92593767
16 0 10000 116 553430176 106538534 1874822092 92593767
8 0 10000 108 553430176 103825569 1879715335 92593767
17 0 10000 117 553430176 106538534 1878122970 92593767
9 0 10000 109 553430176 103825569 1881206735 92593767
14 0 10000 114 553430176 106538534 1878965497 92593767
6 0 10000 106 553430176 103825569 1881927905 92593767
13 0 10000 113 553430176 103825569 1882761792 92593767
15 0 10000 115 553430176 106538534 1880758174 92593767
