3 0 10000 103 553430176 100286722 1813585275 92593767
4 0 10000 104 553430176 102026701 1854495231 92593767
6 0 10000 106 553430176 104546309 1861122124 92593767
14 0 10000 114 553430176 104893208 1860815313 92593767
16 0 10000 116 553430176 105364799 1861405631 92593767
15 0 10000 115 553430176 105364799 1868400436 92593767
5 0 10000 105 553430176 104546309 1871044293 92593767
7 0 10000 107 553430176 104546309 1871106207 92593767
10 0 10000 110 553430176 104546309 1876637579 92593767
13 0 10000 113 553430176 104893208 1877249264 92593767
12 0 10000 112 553430176 104546309 1878435519 92593767
11 0 10000 111 553430176 104546309 1878770167 92593767
8 0 10000 108 553430176 104546309 1879161415 92593767
17 0 10000 117 553430176 105364799 1878455141 92593767
9 0 10000 109 553430176 104546309 1879402430 92593767
18 0 10000 118 553430176 105364799 1879228855 92593767
