5 0 10000 105 553430176 104363203 1856645697 92593767
12 0 10000 112 553430176 108940840 1868516224 92593767
11 0 10000 111 553430176 104363203 1874615721 92593767
9 0 10000 109 553430176 104363203 1876002115 92593767
7 0 10000 107 553430176 104363203 1876249821 92593767
3 0 10000 103 553430176 104363203 1879065094 92593767
4 0 10000 104 553430176 104363203 1879941078 92593767
15 0 10000 115 553430176 108940840 1876585595 92593767
14 0 10000 114 553430176 108940840 1877590376 92593767
6 0 10000 106 553430176 104363203 1882819236 92593767
16 0 10000 116 553430176 108940840 1878509718 92593767
17 0 10000 117 553430176 108940840 1880146082 92593767
10 0 10000 110 553430176 104363203 1885090781 92593767
13 0 10000 113 553430176 108940840 1881682630 92593767
18 0 10000 118 553430176 108940840 1882082804 92593767
8 0 10000 108 553430176 104363203 1886731928 92593767
