17 0 10000 117 553430176 107914925 1861258057 92593767
10 0 10000 110 553430176 107914925 1865372722 92593767
6 0 10000 106 553430176 107914925 1869783844 92593767
15 0 10000 115 553430176 107914925 1871158377 92593767
14 0 10000 114 553430176 107914925 1872850799 92593767
9 0 10000 109 553430176 107914925 1874596783 92593767
4 0 10000 104 553430176 105978012 1877575605 92593767
16 0 10000 116 553430176 107914925 1875873352 92593767
7 0 10000 107 553430176 107914925 1876482164 92593767
3 0 10000 103 553430176 105978012 1881263932 92593767
18 0 10000 118 553430176 107914925 1879774907 92593767
12 0 10000 112 553430176 107914925 1881446951 92593767
5 0 10000 105 553430176 107914925 1882506884 92593767
8 0 10000 108 553430176 107914925 1882715290 92593767
13 0 10000 113 553430176 107914925 1882844735 92593767
11 0 10000 111 553430176 107914925 1883020996 92593767
