3 0 10000 103 553430176 97579479 1733086641 92593767
4 0 10000 104 553430176 100718975 1835078787 92593767
6 0 10000 106 553430176 106294394 1859348582 92593767
13 0 10000 113 553430176 108572006 1859088566 92593767
16 0 10000 116 553430176 108572006 1859577112 92593767
15 0 10000 115 553430176 108572006 1866604339 92593767
7 0 10000 107 553430176 108572006 1871198793 92593767
11 0 10000 111 553430176 108572006 1871485243 92593767
18 0 10000 118 553430176 108572006 1872040295 92593767
9 0 10000 109 553430176 108572006 1872347459 92593767
10 0 10000 110 553430176 108572006 1872859709 92593767
17 0 10000 117 553430176 108572006 1873386048 92593767
14 0 10000 114 553430176 108572006 1873531888 92593767
12 0 10000 112 553430176 108572006 1874012017 92593767
5 0 10000 105 553430176 100718975 1882293714 92593767
8 0 10000 108 553430176 108572006 1874962786 92593767
