3 0 10000 103 553430176 107974768 1758532810 92593767
11 0 10000 111 553430176 112862349 1863621617 92593767
16 0 10000 116 553430176 112862349 1864082880 92593767
9 0 10000 109 553430176 112862349 1870351154 92593767
15 0 10000 115 553430176 112862349 1872021875 92593767
5 0 10000 105 553430176 112862349 1873555427 92593767
4 0 10000 104 553430176 112862349 1875122423 92593767
13 0 10000 113 553430176 112862349 1875156923 92593767
10 0 10000 110 553430176 112862349 1875415243 92593767
14 0 10000 114 553430176 112862349 1875718661 92593767
12 0 10000 112 553430176 112862349 1876691256 92593767
8 0 10000 108 553430176 112862349 1876765790 92593767
6 0 10000 106 553430176 112862349 1878026145 92593767
7 0 10000 107 553430176 112862349 1878035988 92593767
17 0 10000 117 553430176 112862349 1879112903 92593767
18 0 10000 118 553430176 112862349 1879235932 92593767
