3 0 10000 103 553430176 98320484 1753150457 92593767
18 0 10000 118 553430176 104412317 1866299732 92593767
9 0 10000 109 553430176 103093147 1869712538 92593767
7 0 10000 107 553430176 103093147 1873785589 92593767
10 0 10000 110 553430176 104412317 1874984380 92593767
13 0 10000 113 553430176 104412317 1875129044 92593767
5 0 10000 105 553430176 103093147 1877683771 92593767
6 0 10000 106 553430176 103093147 1878168864 92593767
8 0 10000 108 553430176 103093147 1878176775 92593767
16 0 10000 116 553430176 104412317 1877035146 92593767
4 0 10000 104 553430176 103093147 1879399326 92593767
14 0 10000 114 553430176 104412317 1879673517 92593767
11 0 10000 111 553430176 104412317 1880151766 92593767
15 0 10000 115 553430176 104412317 1880292443 92593767
17 0 10000 117 553430176 104412317 1880699408 92593767
12 0 10000 112 553430176 104412317 1880925821 92593767
