3 0 10000 103 553430176 104437351 1827241731 92593767
5 0 10000 105 553430176 106882811 1864195911 92593767
13 0 10000 113 553430176 106882811 1866437816 92593767
17 0 10000 117 553430176 106882811 1867982057 92593767
7 0 10000 107 553430176 106882811 1869747879 92593767
6 0 10000 106 553430176 106882811 1870662039 92593767
14 0 10000 114 553430176 106882811 1871402546 92593767
16 0 10000 116 553430176 106882811 1876867746 92593767
10 0 10000 110 553430176 106882811 1877463673 92593767
4 0 10000 104 553430176 106882811 1877749355 92593767
15 0 10000 115 553430176 106882811 1879021585 92593767
11 0 10000 111 553430176 106882811 1879128922 92593767
12 0 10000 112 553430176 106882811 1881002065 92593767
18 0 10000 118 553430176 106882811 1881864563 92593767
8 0 10000 108 553430176 106882811 1882087674 92593767
9 0 10000 109 553430176 106882811 1882472031 92593767
