4 0 10000 104 553430176 104907990 1781767962 92593767
3 0 10000 103 553430176 104895115 1797318878 92593767
10 0 10000 110 553430176 113146305 1856134689 92593767
11 0 10000 111 553430176 113146305 1857771993 92593767
14 0 10000 114 553430176 113146305 1861172314 92593767
13 0 10000 113 553430176 113146305 1861541334 92593767
8 0 10000 108 553430176 113146305 1861808227 92593767
12 0 10000 112 553430176 113146305 1862130565 92593767
6 0 10000 106 553430176 113146305 1864696413 92593767
15 0 10000 115 553430176 113146305 1865264802 92593767
9 0 10000 109 553430176 113146305 1866086709 92593767
5 0 10000 105 553430176 113146305 1866501530 92593767
7 0 10000 107 553430176 113146305 1872360192 92593767
17 0 10000 117 553430176 158386230 1827811829 92593767
16 0 10000 116 553430176 158386230 1830991279 92593767
18 0 10000 118 553430176 158386230 1831245210 92593767
