3 0 10000 103 553430176 100572109 1818655020 92593767
15 0 10000 115 553430176 105993986 1866684542 92593767
6 0 10000 106 553430176 103098869 1875125153 92593767
13 0 10000 113 553430176 103410482 1876316944 92593767
12 0 10000 112 553430176 103410482 1877212172 92593767
9 0 10000 109 553430176 103098869 1877829228 92593767
14 0 10000 114 553430176 103963852 1878000890 92593767
7 0 10000 107 553430176 103098869 1880158722 92593767
4 0 10000 104 553430176 103098869 1880185067 92593767
5 0 10000 105 553430176 103098869 1881900755 92593767
10 0 10000 110 553430176 103098869 1882333112 92593767
8 0 10000 108 553430176 103098869 1882507352 92593767
17 0 10000 117 553430176 105993986 1880281548 92593767
11 0 10000 111 553430176 103098869 1883745758 92593767
18 0 10000 118 553430176 105993986 1881107193 92593767
16 0 10000 116 553430176 105993986 1881927062 92593767
