8 0 10000 108 553430176 102397680 1865865531 92593767
13 0 10000 113 553430176 102397680 1869306834 92593767
5 0 10000 105 553430176 102397680 1871474744 92593767
18 0 10000 118 553430176 108608961 1867626433 92593767
3 0 10000 103 553430176 102397680 1876506780 92593767
7 0 10000 107 553430176 102397680 1876744322 92593767
10 0 10000 110 553430176 102397680 1877657861 92593767
9 0 10000 109 553430176 102397680 1878976792 92593767
11 0 10000 111 553430176 102397680 1881340006 92593767
4 0 10000 104 553430176 102397680 1884041590 92593767
16 0 10000 116 553430176 108608961 1879589921 92593767
15 0 10000 115 553430176 106832266 1882408042 92593767
12 0 10000 112 553430176 102397680 1887913778 92593767
14 0 10000 114 553430176 104914665 1885604326 92593767
6 0 10000 106 553430176 102397680 1888918403 92593767
17 0 10000 117 553430176 108608961 1882832891 92593767
