3 0 10000 103 553430176 105314493 1848737655 92593767
5 0 10000 105 553430176 105839968 1865542569 92593767
17 0 10000 117 553430176 110461950 1864502997 92593767
13 0 10000 113 553430176 105839968 1873070293 92593767
8 0 10000 108 553430176 105839968 1873966450 92593767
7 0 10000 107 553430176 105839968 1876274850 92593767
18 0 10000 118 553430176 110461950 1874296090 92593767
9 0 10000 109 553430176 105839968 1879472392 92593767
15 0 10000 115 553430176 110461950 1877486256 92593767
10 0 10000 110 553430176 105839968 1882403050 92593767
12 0 10000 112 553430176 105839968 1882433718 92593767
14 0 10000 114 553430176 110461950 1879077443 92593767
6 0 10000 106 553430176 105839968 1884417159 92593767
11 0 10000 111 553430176 105839968 1884652447 92593767
4 0 10000 104 553430176 105839968 1885514769 92593767
16 0 10000 116 553430176 110461950 1881212756 92593767
