3 0 10000 103 553430176 103623152 1771677729 92593767
4 0 10000 104 553430176 105015278 1841038605 92593767
12 0 10000 112 553430176 112452030 1848224586 92593767
6 0 10000 106 553430176 107748032 1857787792 92593767
10 0 10000 110 553430176 112452030 1863753432 92593767
8 0 10000 108 553430176 112452030 1864688060 92593767
5 0 10000 105 553430176 107748032 1870984480 92593767
15 0 10000 115 553430176 112452030 1866783064 92593767
17 0 10000 117 553430176 112452030 1867842729 92593767
18 0 10000 118 553430176 112452030 1868442129 92593767
7 0 10000 107 553430176 112452030 1869929966 92593767
13 0 10000 113 553430176 112452030 1871255109 92593767
16 0 10000 116 553430176 112452030 1871701430 92593767
9 0 10000 109 553430176 112452030 1871919525 92593767
14 0 10000 114 553430176 112452030 1872164568 92593767
11 0 10000 111 553430176 112452030 1873131206 92593767
