3 0 10000 103 553430176 101201534 1701543822 92593767
5 0 10000 105 553430176 106796503 1854251683 92593767
17 0 10000 117 553430176 115450382 1854890575 92593767
11 0 10000 111 553430176 115450382 1859447431 92593767
9 0 10000 109 553430176 110050440 1866661011 92593767
6 0 10000 106 553430176 106796503 1871927516 92593767
8 0 10000 108 553430176 110050440 1870923472 92593767
15 0 10000 115 553430176 115450382 1866418982 92593767
4 0 10000 104 553430176 106796503 1876211309 92593767
10 0 10000 110 553430176 115450382 1867961938 92593767
7 0 10000 107 553430176 110050440 1874534011 92593767
16 0 10000 116 553430176 115450382 1869225475 92593767
12 0 10000 112 553430176 115450382 1870185541 92593767
13 0 10000 113 553430176 115450382 1870672074 92593767
14 0 10000 114 553430176 115450382 1871058842 92593767
18 0 10000 118 553430176 115450382 1871328787 92593767
