3 0 10000 103 553430176 100685358 1811808899 92593767
4 0 10000 104 553430176 102048397 1861372410 92593767
12 0 10000 112 553430176 104981899 1865896804 92593767
10 0 10000 110 553430176 104981899 1867910976 92593767
6 0 10000 106 553430176 104523897 1872627776 92593767
14 0 10000 114 553430176 106096268 1872548489 92593767
8 0 10000 108 553430176 104523897 1874148297 92593767
7 0 10000 107 553430176 104523897 1875774564 92593767
18 0 10000 118 553430176 106096268 1874534503 92593767
11 0 10000 111 553430176 104981899 1875974141 92593767
5 0 10000 105 553430176 102048397 1880575644 92593767
9 0 10000 109 553430176 104981899 1877909950 92593767
17 0 10000 117 553430176 106096268 1877560702 92593767
13 0 10000 113 553430176 106096268 1879197030 92593767
16 0 10000 116 553430176 106096268 1879332282 92593767
15 0 10000 115 553430176 106096268 1880505549 92593767
