3 0 10000 103 553430176 103853703 1815223291 92593767
7 0 10000 107 553430176 106550694 1869381363 92593767
17 0 10000 117 553430176 112058878 1863943453 92593767
6 0 10000 106 553430176 105991602 1870592868 92593767
16 0 10000 116 553430176 112058878 1866394753 92593767
10 0 10000 110 553430176 107403040 1872609861 92593767
12 0 10000 112 553430176 108232737 1873301481 92593767
18 0 10000 118 553430176 112058878 1870028460 92593767
14 0 10000 114 553430176 109709978 1873840021 92593767
11 0 10000 111 553430176 108232737 1878265963 92593767
9 0 10000 109 553430176 106550694 1881094059 92593767
5 0 10000 105 553430176 105991602 1882443645 92593767
13 0 10000 113 553430176 109709978 1879619842 92593767
8 0 10000 108 553430176 106550694 1883754549 92593767
15 0 10000 115 553430176 109709978 1880746362 92593767
4 0 10000 104 553430176 105991602 1885169653 92593767
