6 0 10000 106 553430176 105951548 1872942983 92593767
9 0 10000 109 553430176 105951548 1875063226 92593767
5 0 10000 105 553430176 105951548 1876684879 92593767
18 0 10000 118 553430176 107621908 1875826682 92593767
16 0 10000 116 553430176 107621908 1878260575 92593767
17 0 10000 117 553430176 107621908 1878447747 92593767
11 0 10000 111 553430176 105951548 1880126646 92593767
7 0 10000 107 553430176 105951548 1882022991 92593767
12 0 10000 112 553430176 105951548 1884466364 92593767
3 0 10000 103 553430176 105951548 1886109761 92593767
8 0 10000 108 553430176 105951548 1886549828 92593767
10 0 10000 110 553430176 105951548 1886682932 92593767
13 0 10000 113 553430176 105951548 1887299716 92593767
4 0 10000 104 553430176 105951548 1887952115 92593767
14 0 10000 114 553430176 105951548 1888107008 92593767
15 0 10000 115 553430176 107621908 1886561956 92593767
