3 0 10000 103 553430176 103705883 1821156388 92593767
4 0 10000 104 553430176 104952335 1851337525 92593767
17 0 10000 117 553430176 108857393 1855299120 92593767
14 0 10000 114 553430176 108857393 1860710366 92593767
18 0 10000 118 553430176 108857393 1861806200 92593767
15 0 10000 115 553430176 108857393 1873539455 92593767
6 0 10000 106 553430176 108133078 1876729298 92593767
5 0 10000 105 553430176 108133078 1877432246 92593767
8 0 10000 108 553430176 108133078 1878263607 92593767
7 0 10000 107 553430176 108133078 1878541302 92593767
12 0 10000 112 553430176 108857393 1878391819 92593767
9 0 10000 109 553430176 108857393 1878651863 92593767
13 0 10000 113 553430176 108857393 1879430673 92593767
11 0 10000 111 553430176 108857393 1879507519 92593767
10 0 10000 110 553430176 108857393 1879779926 92593767
16 0 10000 116 553430176 108857393 1880035024 92593767
