3 0 10000 103 553430176 102921963 1855874762 92593767
13 0 10000 113 553430176 106742620 1861859235 92593767
4 0 10000 104 553430176 102921963 1870113310 92593767
17 0 10000 117 553430176 107556820 1867611595 92593767
14 0 10000 114 553430176 107556820 1871228499 92593767
18 0 10000 118 553430176 107556820 1871380004 92593767
6 0 10000 106 553430176 106010199 1876005147 92593767
5 0 10000 105 553430176 102921963 1881735855 92593767
16 0 10000 116 553430176 107556820 1878665434 92593767
15 0 10000 115 553430176 107556820 1879609477 92593767
10 0 10000 110 553430176 106742620 1881114274 92593767
12 0 10000 112 553430176 106742620 1881783021 92593767
9 0 10000 109 553430176 106742620 1882343947 92593767
7 0 10000 107 553430176 106742620 1882488724 92593767
8 0 10000 108 553430176 106742620 1882781595 92593767
11 0 10000 111 553430176 106742620 1882971715 92593767
