3 0 10000 103 553430176 104366541 1570441709 92593767
4 0 10000 104 553430176 114354849 1841581269 92593767
5 0 10000 105 553430176 114354849 1857983462 92593767
8 0 10000 108 553430176 114354849 1863568815 92593767
12 0 10000 112 553430176 114354849 1865616976 92593767
15 0 10000 115 553430176 114354849 1869808811 92593767
18 0 10000 118 553430176 114354849 1869995500 92593767
6 0 10000 106 553430176 114354849 1870627386 92593767
13 0 10000 113 553430176 114354849 1872173513 92593767
9 0 10000 109 553430176 114354849 1872428058 92593767
16 0 10000 116 553430176 114354849 1872713607 92593767
7 0 10000 107 553430176 114354849 1872921035 92593767
14 0 10000 114 553430176 114354849 1873711246 92593767
11 0 10000 111 553430176 114354849 1873880274 92593767
10 0 10000 110 553430176 114354849 1873907045 92593767
17 0 10000 117 553430176 114354849 1874212491 92593767
