3 0 10000 103 553430176 103516817 1845248598 92593767
4 0 10000 104 553430176 103516817 1846547207 92593767
5 0 10000 105 553430176 105767012 1858662998 92593767
6 0 10000 106 553430176 105767012 1863254933 92593767
9 0 10000 109 553430176 110030651 1869640847 92593767
14 0 10000 114 553430176 112055302 1871880097 92593767
18 0 10000 118 553430176 112055302 1872461453 92593767
17 0 10000 117 553430176 112055302 1873212872 92593767
15 0 10000 115 553430176 112055302 1873367891 92593767
16 0 10000 116 553430176 112055302 1874291661 92593767
8 0 10000 108 553430176 110030651 1877557912 92593767
12 0 10000 112 553430176 110030651 1877566378 92593767
10 0 10000 110 553430176 110030651 1877996980 92593767
13 0 10000 113 553430176 110030651 1878991485 92593767
11 0 10000 111 553430176 110030651 1879408585 92593767
7 0 10000 107 553430176 110030651 1880128257 92593767
