3 0 10000 103 553430176 105603456 1842654541 92593767
4 0 10000 104 553430176 105603456 1856152585 92593767
6 0 10000 106 553430176 108586311 1869069433 92593767
7 0 10000 107 553430176 108602524 1870397518 92593767
5 0 10000 105 553430176 105603456 1874968725 92593767
10 0 10000 110 553430176 110061169 1870638533 92593767
13 0 10000 113 553430176 110061169 1872965147 92593767
8 0 10000 108 553430176 110061169 1873670945 92593767
14 0 10000 114 553430176 111938715 1873051116 92593767
18 0 10000 118 553430176 111938715 1875858261 92593767
15 0 10000 115 553430176 111938715 1876586445 92593767
11 0 10000 111 553430176 110061169 1878900362 92593767
16 0 10000 116 553430176 111938715 1877544643 92593767
17 0 10000 117 553430176 111938715 1877937839 92593767
9 0 10000 109 553430176 110061169 1880010818 92593767
12 0 10000 112 553430176 110061169 1880275704 92593767
