3 0 10000 103 553430176 106801987 1847076362 92593767
4 0 10000 104 553430176 106801987 1849115208 92593767
18 0 10000 118 553430176 109925747 1860405817 92593767
11 0 10000 111 553430176 109925747 1870175508 92593767
14 0 10000 114 553430176 109925747 1872148243 92593767
5 0 10000 105 553430176 109925747 1875688955 92593767
12 0 10000 112 553430176 109925747 1876980638 92593767
6 0 10000 106 553430176 109925747 1877141246 92593767
17 0 10000 117 553430176 109925747 1878068081 92593767
8 0 10000 108 553430176 109925747 1878706128 92593767
9 0 10000 109 553430176 109925747 1880833780 92593767
16 0 10000 116 553430176 109925747 1881066086 92593767
7 0 10000 107 553430176 109925747 1881362078 92593767
13 0 10000 113 553430176 109925747 1881491563 92593767
10 0 10000 110 553430176 109925747 1881884038 92593767
15 0 10000 115 553430176 109925747 1882705278 92593767
