4 0 10000 104 553430176 103325367 1851117495 92593767
3 0 10000 103 553430176 103325367 1851739292 92593767
14 0 10000 114 553430176 108694553 1864756796 92593767
13 0 10000 113 553430176 108694553 1867799316 92593767
7 0 10000 107 553430176 108694553 1868583238 92593767
10 0 10000 110 553430176 108694553 1871085350 92593767
5 0 10000 105 553430176 103572607 1876279561 92593767
12 0 10000 112 553430176 108694553 1872487382 92593767
17 0 10000 117 553430176 108694553 1872563322 92593767
16 0 10000 116 553430176 108694553 1875630337 92593767
15 0 10000 115 553430176 108694553 1876159115 92593767
8 0 10000 108 553430176 108694553 1877749280 92593767
18 0 10000 118 553430176 108694553 1878795848 92593767
6 0 10000 106 553430176 108694553 1878806101 92593767
9 0 10000 109 553430176 108694553 1878877654 92593767
11 0 10000 111 553430176 108694553 1879080879 92593767
