3 0 10000 103 553430176 102193832 1853878121 92593767
7 0 10000 107 553430176 103099585 1870597532 92593767
6 0 10000 106 553430176 103099585 1872243633 92593767
13 0 10000 113 553430176 106345177 1869826409 92593767
9 0 10000 109 553430176 106345177 1870804631 92593767
15 0 10000 115 553430176 106345177 1872421923 92593767
14 0 10000 114 553430176 106345177 1874492135 92593767
12 0 10000 112 553430176 106345177 1875305262 92593767
8 0 10000 108 553430176 103099585 1879747647 92593767
17 0 10000 117 553430176 106345177 1877555957 92593767
18 0 10000 118 553430176 106345177 1878242176 92593767
11 0 10000 111 553430176 106345177 1879556463 92593767
10 0 10000 110 553430176 106345177 1879732295 92593767
16 0 10000 116 553430176 106345177 1880903352 92593767
5 0 10000 105 553430176 103099585 1884289188 92593767
4 0 10000 104 553430176 103099585 1884745553 92593767
