1064 40 40 1280
1024 1025 1026 1027 1028 1029 1030 1031 1032 1033 1034 1035 1036 1037 1038 1039 1040 1041 1042 1043 1044 1045 1046 1047 1048 1049 1050 1051 1052 1053 1054 1055 1056 1057 1058 1059 1060 1061 1062 1063 
1024 0 100000000000.0 1us 0
1024 1 100000000000.0 1us 0
1024 2 100000000000.0 1us 0
1024 3 100000000000.0 1us 0
1024 4 100000000000.0 1us 0
1024 5 100000000000.0 1us 0
1024 6 100000000000.0 1us 0
1024 7 100000000000.0 1us 0
1024 8 100000000000.0 1us 0
1024 9 100000000000.0 1us 0
1024 10 100000000000.0 1us 0
1024 11 100000000000.0 1us 0
1024 12 100000000000.0 1us 0
1024 13 100000000000.0 1us 0
1024 14 100000000000.0 1us 0
1024 15 100000000000.0 1us 0
1024 16 100000000000.0 1us 0
1024 17 100000000000.0 1us 0
1024 18 100000000000.0 1us 0
1024 19 100000000000.0 1us 0
1024 20 100000000000.0 1us 0
1024 21 100000000000.0 1us 0
1024 22 100000000000.0 1us 0
1024 23 100000000000.0 1us 0
1024 24 100000000000.0 1us 0
1024 25 100000000000.0 1us 0
1024 26 100000000000.0 1us 0
1024 27 100000000000.0 1us 0
1024 28 100000000000.0 1us 0
1024 29 100000000000.0 1us 0
1024 30 100000000000.0 1us 0
1024 31 100000000000.0 1us 0
1025 32 100000000000.0 1us 0
1025 33 100000000000.0 1us 0
1025 34 100000000000.0 1us 0
1025 35 100000000000.0 1us 0
1025 36 100000000000.0 1us 0
1025 37 100000000000.0 1us 0
1025 38 100000000000.0 1us 0
1025 39 100000000000.0 1us 0
1025 40 100000000000.0 1us 0
1025 41 100000000000.0 1us 0
1025 42 100000000000.0 1us 0
1025 43 100000000000.0 1us 0
1025 44 100000000000.0 1us 0
1025 45 100000000000.0 1us 0
1025 46 100000000000.0 1us 0
1025 47 100000000000.0 1us 0
1025 48 100000000000.0 1us 0
1025 49 100000000000.0 1us 0
1025 50 100000000000.0 1us 0
1025 51 100000000000.0 1us 0
1025 52 100000000000.0 1us 0
1025 53 100000000000.0 1us 0
1025 54 100000000000.0 1us 0
1025 55 100000000000.0 1us 0
1025 56 100000000000.0 1us 0
1025 57 100000000000.0 1us 0
1025 58 100000000000.0 1us 0
1025 59 100000000000.0 1us 0
1025 60 100000000000.0 1us 0
1025 61 100000000000.0 1us 0
1025 62 100000000000.0 1us 0
1025 63 100000000000.0 1us 0
1026 64 100000000000.0 1us 0
1026 65 100000000000.0 1us 0
1026 66 100000000000.0 1us 0
1026 67 100000000000.0 1us 0
1026 68 100000000000.0 1us 0
1026 69 100000000000.0 1us 0
1026 70 100000000000.0 1us 0
1026 71 100000000000.0 1us 0
1026 72 100000000000.0 1us 0
1026 73 100000000000.0 1us 0
1026 74 100000000000.0 1us 0
1026 75 100000000000.0 1us 0
1026 76 100000000000.0 1us 0
1026 77 100000000000.0 1us 0
1026 78 100000000000.0 1us 0
1026 79 100000000000.0 1us 0
1026 80 100000000000.0 1us 0
1026 81 100000000000.0 1us 0
1026 82 100000000000.0 1us 0
1026 83 100000000000.0 1us 0
1026 84 100000000000.0 1us 0
1026 85 100000000000.0 1us 0
1026 86 100000000000.0 1us 0
1026 87 100000000000.0 1us 0
1026 88 100000000000.0 1us 0
1026 89 100000000000.0 1us 0
1026 90 100000000000.0 1us 0
1026 91 100000000000.0 1us 0
1026 92 100000000000.0 1us 0
1026 93 100000000000.0 1us 0
1026 94 100000000000.0 1us 0
1026 95 100000000000.0 1us 0
1027 96 100000000000.0 1us 0
1027 97 100000000000.0 1us 0
1027 98 100000000000.0 1us 0
1027 99 100000000000.0 1us 0
1027 100 100000000000.0 1us 0
1027 101 100000000000.0 1us 0
1027 102 100000000000.0 1us 0
1027 103 100000000000.0 1us 0
1027 104 100000000000.0 1us 0
1027 105 100000000000.0 1us 0
1027 106 100000000000.0 1us 0
1027 107 100000000000.0 1us 0
1027 108 100000000000.0 1us 0
1027 109 100000000000.0 1us 0
1027 110 100000000000.0 1us 0
1027 111 100000000000.0 1us 0
1027 112 100000000000.0 1us 0
1027 113 100000000000.0 1us 0
1027 114 100000000000.0 1us 0
1027 115 100000000000.0 1us 0
1027 116 100000000000.0 1us 0
1027 117 100000000000.0 1us 0
1027 118 100000000000.0 1us 0
1027 119 100000000000.0 1us 0
1027 120 100000000000.0 1us 0
1027 121 100000000000.0 1us 0
1027 122 100000000000.0 1us 0
1027 123 100000000000.0 1us 0
1027 124 100000000000.0 1us 0
1027 125 100000000000.0 1us 0
1027 126 100000000000.0 1us 0
1027 127 100000000000.0 1us 0
1028 128 100000000000.0 1us 0
1028 129 100000000000.0 1us 0
1028 130 100000000000.0 1us 0
1028 131 100000000000.0 1us 0
1028 132 100000000000.0 1us 0
1028 133 100000000000.0 1us 0
1028 134 100000000000.0 1us 0
1028 135 100000000000.0 1us 0
1028 136 100000000000.0 1us 0
1028 137 100000000000.0 1us 0
1028 138 100000000000.0 1us 0
1028 139 100000000000.0 1us 0
1028 140 100000000000.0 1us 0
1028 141 100000000000.0 1us 0
1028 142 100000000000.0 1us 0
1028 143 100000000000.0 1us 0
1028 144 100000000000.0 1us 0
1028 145 100000000000.0 1us 0
1028 146 100000000000.0 1us 0
1028 147 100000000000.0 1us 0
1028 148 100000000000.0 1us 0
1028 149 100000000000.0 1us 0
1028 150 100000000000.0 1us 0
1028 151 100000000000.0 1us 0
1028 152 100000000000.0 1us 0
1028 153 100000000000.0 1us 0
1028 154 100000000000.0 1us 0
1028 155 100000000000.0 1us 0
1028 156 100000000000.0 1us 0
1028 157 100000000000.0 1us 0
1028 158 100000000000.0 1us 0
1028 159 100000000000.0 1us 0
1029 160 100000000000.0 1us 0
1029 161 100000000000.0 1us 0
1029 162 100000000000.0 1us 0
1029 163 100000000000.0 1us 0
1029 164 100000000000.0 1us 0
1029 165 100000000000.0 1us 0
1029 166 100000000000.0 1us 0
1029 167 100000000000.0 1us 0
1029 168 100000000000.0 1us 0
1029 169 100000000000.0 1us 0
1029 170 100000000000.0 1us 0
1029 171 100000000000.0 1us 0
1029 172 100000000000.0 1us 0
1029 173 100000000000.0 1us 0
1029 174 100000000000.0 1us 0
1029 175 100000000000.0 1us 0
1029 176 100000000000.0 1us 0
1029 177 100000000000.0 1us 0
1029 178 100000000000.0 1us 0
1029 179 100000000000.0 1us 0
1029 180 100000000000.0 1us 0
1029 181 100000000000.0 1us 0
1029 182 100000000000.0 1us 0
1029 183 100000000000.0 1us 0
1029 184 100000000000.0 1us 0
1029 185 100000000000.0 1us 0
1029 186 100000000000.0 1us 0
1029 187 100000000000.0 1us 0
1029 188 100000000000.0 1us 0
1029 189 100000000000.0 1us 0
1029 190 100000000000.0 1us 0
1029 191 100000000000.0 1us 0
1030 192 100000000000.0 1us 0
1030 193 100000000000.0 1us 0
1030 194 100000000000.0 1us 0
1030 195 100000000000.0 1us 0
1030 196 100000000000.0 1us 0
1030 197 100000000000.0 1us 0
1030 198 100000000000.0 1us 0
1030 199 100000000000.0 1us 0
1030 200 100000000000.0 1us 0
1030 201 100000000000.0 1us 0
1030 202 100000000000.0 1us 0
1030 203 100000000000.0 1us 0
1030 204 100000000000.0 1us 0
1030 205 100000000000.0 1us 0
1030 206 100000000000.0 1us 0
1030 207 100000000000.0 1us 0
1030 208 100000000000.0 1us 0
1030 209 100000000000.0 1us 0
1030 210 100000000000.0 1us 0
1030 211 100000000000.0 1us 0
1030 212 100000000000.0 1us 0
1030 213 100000000000.0 1us 0
1030 214 100000000000.0 1us 0
1030 215 100000000000.0 1us 0
1030 216 100000000000.0 1us 0
1030 217 100000000000.0 1us 0
1030 218 100000000000.0 1us 0
1030 219 100000000000.0 1us 0
1030 220 100000000000.0 1us 0
1030 221 100000000000.0 1us 0
1030 222 100000000000.0 1us 0
1030 223 100000000000.0 1us 0
1031 224 100000000000.0 1us 0
1031 225 100000000000.0 1us 0
1031 226 100000000000.0 1us 0
1031 227 100000000000.0 1us 0
1031 228 100000000000.0 1us 0
1031 229 100000000000.0 1us 0
1031 230 100000000000.0 1us 0
1031 231 100000000000.0 1us 0
1031 232 100000000000.0 1us 0
1031 233 100000000000.0 1us 0
1031 234 100000000000.0 1us 0
1031 235 100000000000.0 1us 0
1031 236 100000000000.0 1us 0
1031 237 100000000000.0 1us 0
1031 238 100000000000.0 1us 0
1031 239 100000000000.0 1us 0
1031 240 100000000000.0 1us 0
1031 241 100000000000.0 1us 0
1031 242 100000000000.0 1us 0
1031 243 100000000000.0 1us 0
1031 244 100000000000.0 1us 0
1031 245 100000000000.0 1us 0
1031 246 100000000000.0 1us 0
1031 247 100000000000.0 1us 0
1031 248 100000000000.0 1us 0
1031 249 100000000000.0 1us 0
1031 250 100000000000.0 1us 0
1031 251 100000000000.0 1us 0
1031 252 100000000000.0 1us 0
1031 253 100000000000.0 1us 0
1031 254 100000000000.0 1us 0
1031 255 100000000000.0 1us 0
1032 256 100000000000.0 1us 0
1032 257 100000000000.0 1us 0
1032 258 100000000000.0 1us 0
1032 259 100000000000.0 1us 0
1032 260 100000000000.0 1us 0
1032 261 100000000000.0 1us 0
1032 262 100000000000.0 1us 0
1032 263 100000000000.0 1us 0
1032 264 100000000000.0 1us 0
1032 265 100000000000.0 1us 0
1032 266 100000000000.0 1us 0
1032 267 100000000000.0 1us 0
1032 268 100000000000.0 1us 0
1032 269 100000000000.0 1us 0
1032 270 100000000000.0 1us 0
1032 271 100000000000.0 1us 0
1032 272 100000000000.0 1us 0
1032 273 100000000000.0 1us 0
1032 274 100000000000.0 1us 0
1032 275 100000000000.0 1us 0
1032 276 100000000000.0 1us 0
1032 277 100000000000.0 1us 0
1032 278 100000000000.0 1us 0
1032 279 100000000000.0 1us 0
1032 280 100000000000.0 1us 0
1032 281 100000000000.0 1us 0
1032 282 100000000000.0 1us 0
1032 283 100000000000.0 1us 0
1032 284 100000000000.0 1us 0
1032 285 100000000000.0 1us 0
1032 286 100000000000.0 1us 0
1032 287 100000000000.0 1us 0
1033 288 100000000000.0 1us 0
1033 289 100000000000.0 1us 0
1033 290 100000000000.0 1us 0
1033 291 100000000000.0 1us 0
1033 292 100000000000.0 1us 0
1033 293 100000000000.0 1us 0
1033 294 100000000000.0 1us 0
1033 295 100000000000.0 1us 0
1033 296 100000000000.0 1us 0
1033 297 100000000000.0 1us 0
1033 298 100000000000.0 1us 0
1033 299 100000000000.0 1us 0
1033 300 100000000000.0 1us 0
1033 301 100000000000.0 1us 0
1033 302 100000000000.0 1us 0
1033 303 100000000000.0 1us 0
1033 304 100000000000.0 1us 0
1033 305 100000000000.0 1us 0
1033 306 100000000000.0 1us 0
1033 307 100000000000.0 1us 0
1033 308 100000000000.0 1us 0
1033 309 100000000000.0 1us 0
1033 310 100000000000.0 1us 0
1033 311 100000000000.0 1us 0
1033 312 100000000000.0 1us 0
1033 313 100000000000.0 1us 0
1033 314 100000000000.0 1us 0
1033 315 100000000000.0 1us 0
1033 316 100000000000.0 1us 0
1033 317 100000000000.0 1us 0
1033 318 100000000000.0 1us 0
1033 319 100000000000.0 1us 0
1034 320 100000000000.0 1us 0
1034 321 100000000000.0 1us 0
1034 322 100000000000.0 1us 0
1034 323 100000000000.0 1us 0
1034 324 100000000000.0 1us 0
1034 325 100000000000.0 1us 0
1034 326 100000000000.0 1us 0
1034 327 100000000000.0 1us 0
1034 328 100000000000.0 1us 0
1034 329 100000000000.0 1us 0
1034 330 100000000000.0 1us 0
1034 331 100000000000.0 1us 0
1034 332 100000000000.0 1us 0
1034 333 100000000000.0 1us 0
1034 334 100000000000.0 1us 0
1034 335 100000000000.0 1us 0
1034 336 100000000000.0 1us 0
1034 337 100000000000.0 1us 0
1034 338 100000000000.0 1us 0
1034 339 100000000000.0 1us 0
1034 340 100000000000.0 1us 0
1034 341 100000000000.0 1us 0
1034 342 100000000000.0 1us 0
1034 343 100000000000.0 1us 0
1034 344 100000000000.0 1us 0
1034 345 100000000000.0 1us 0
1034 346 100000000000.0 1us 0
1034 347 100000000000.0 1us 0
1034 348 100000000000.0 1us 0
1034 349 100000000000.0 1us 0
1034 350 100000000000.0 1us 0
1034 351 100000000000.0 1us 0
1035 352 100000000000.0 1us 0
1035 353 100000000000.0 1us 0
1035 354 100000000000.0 1us 0
1035 355 100000000000.0 1us 0
1035 356 100000000000.0 1us 0
1035 357 100000000000.0 1us 0
1035 358 100000000000.0 1us 0
1035 359 100000000000.0 1us 0
1035 360 100000000000.0 1us 0
1035 361 100000000000.0 1us 0
1035 362 100000000000.0 1us 0
1035 363 100000000000.0 1us 0
1035 364 100000000000.0 1us 0
1035 365 100000000000.0 1us 0
1035 366 100000000000.0 1us 0
1035 367 100000000000.0 1us 0
1035 368 100000000000.0 1us 0
1035 369 100000000000.0 1us 0
1035 370 100000000000.0 1us 0
1035 371 100000000000.0 1us 0
1035 372 100000000000.0 1us 0
1035 373 100000000000.0 1us 0
1035 374 100000000000.0 1us 0
1035 375 100000000000.0 1us 0
1035 376 100000000000.0 1us 0
1035 377 100000000000.0 1us 0
1035 378 100000000000.0 1us 0
1035 379 100000000000.0 1us 0
1035 380 100000000000.0 1us 0
1035 381 100000000000.0 1us 0
1035 382 100000000000.0 1us 0
1035 383 100000000000.0 1us 0
1036 384 100000000000.0 1us 0
1036 385 100000000000.0 1us 0
1036 386 100000000000.0 1us 0
1036 387 100000000000.0 1us 0
1036 388 100000000000.0 1us 0
1036 389 100000000000.0 1us 0
1036 390 100000000000.0 1us 0
1036 391 100000000000.0 1us 0
1036 392 100000000000.0 1us 0
1036 393 100000000000.0 1us 0
1036 394 100000000000.0 1us 0
1036 395 100000000000.0 1us 0
1036 396 100000000000.0 1us 0
1036 397 100000000000.0 1us 0
1036 398 100000000000.0 1us 0
1036 399 100000000000.0 1us 0
1036 400 100000000000.0 1us 0
1036 401 100000000000.0 1us 0
1036 402 100000000000.0 1us 0
1036 403 100000000000.0 1us 0
1036 404 100000000000.0 1us 0
1036 405 100000000000.0 1us 0
1036 406 100000000000.0 1us 0
1036 407 100000000000.0 1us 0
1036 408 100000000000.0 1us 0
1036 409 100000000000.0 1us 0
1036 410 100000000000.0 1us 0
1036 411 100000000000.0 1us 0
1036 412 100000000000.0 1us 0
1036 413 100000000000.0 1us 0
1036 414 100000000000.0 1us 0
1036 415 100000000000.0 1us 0
1037 416 100000000000.0 1us 0
1037 417 100000000000.0 1us 0
1037 418 100000000000.0 1us 0
1037 419 100000000000.0 1us 0
1037 420 100000000000.0 1us 0
1037 421 100000000000.0 1us 0
1037 422 100000000000.0 1us 0
1037 423 100000000000.0 1us 0
1037 424 100000000000.0 1us 0
1037 425 100000000000.0 1us 0
1037 426 100000000000.0 1us 0
1037 427 100000000000.0 1us 0
1037 428 100000000000.0 1us 0
1037 429 100000000000.0 1us 0
1037 430 100000000000.0 1us 0
1037 431 100000000000.0 1us 0
1037 432 100000000000.0 1us 0
1037 433 100000000000.0 1us 0
1037 434 100000000000.0 1us 0
1037 435 100000000000.0 1us 0
1037 436 100000000000.0 1us 0
1037 437 100000000000.0 1us 0
1037 438 100000000000.0 1us 0
1037 439 100000000000.0 1us 0
1037 440 100000000000.0 1us 0
1037 441 100000000000.0 1us 0
1037 442 100000000000.0 1us 0
1037 443 100000000000.0 1us 0
1037 444 100000000000.0 1us 0
1037 445 100000000000.0 1us 0
1037 446 100000000000.0 1us 0
1037 447 100000000000.0 1us 0
1038 448 100000000000.0 1us 0
1038 449 100000000000.0 1us 0
1038 450 100000000000.0 1us 0
1038 451 100000000000.0 1us 0
1038 452 100000000000.0 1us 0
1038 453 100000000000.0 1us 0
1038 454 100000000000.0 1us 0
1038 455 100000000000.0 1us 0
1038 456 100000000000.0 1us 0
1038 457 100000000000.0 1us 0
1038 458 100000000000.0 1us 0
1038 459 100000000000.0 1us 0
1038 460 100000000000.0 1us 0
1038 461 100000000000.0 1us 0
1038 462 100000000000.0 1us 0
1038 463 100000000000.0 1us 0
1038 464 100000000000.0 1us 0
1038 465 100000000000.0 1us 0
1038 466 100000000000.0 1us 0
1038 467 100000000000.0 1us 0
1038 468 100000000000.0 1us 0
1038 469 100000000000.0 1us 0
1038 470 100000000000.0 1us 0
1038 471 100000000000.0 1us 0
1038 472 100000000000.0 1us 0
1038 473 100000000000.0 1us 0
1038 474 100000000000.0 1us 0
1038 475 100000000000.0 1us 0
1038 476 100000000000.0 1us 0
1038 477 100000000000.0 1us 0
1038 478 100000000000.0 1us 0
1038 479 100000000000.0 1us 0
1039 480 100000000000.0 1us 0
1039 481 100000000000.0 1us 0
1039 482 100000000000.0 1us 0
1039 483 100000000000.0 1us 0
1039 484 100000000000.0 1us 0
1039 485 100000000000.0 1us 0
1039 486 100000000000.0 1us 0
1039 487 100000000000.0 1us 0
1039 488 100000000000.0 1us 0
1039 489 100000000000.0 1us 0
1039 490 100000000000.0 1us 0
1039 491 100000000000.0 1us 0
1039 492 100000000000.0 1us 0
1039 493 100000000000.0 1us 0
1039 494 100000000000.0 1us 0
1039 495 100000000000.0 1us 0
1039 496 100000000000.0 1us 0
1039 497 100000000000.0 1us 0
1039 498 100000000000.0 1us 0
1039 499 100000000000.0 1us 0
1039 500 100000000000.0 1us 0
1039 501 100000000000.0 1us 0
1039 502 100000000000.0 1us 0
1039 503 100000000000.0 1us 0
1039 504 100000000000.0 1us 0
1039 505 100000000000.0 1us 0
1039 506 100000000000.0 1us 0
1039 507 100000000000.0 1us 0
1039 508 100000000000.0 1us 0
1039 509 100000000000.0 1us 0
1039 510 100000000000.0 1us 0
1039 511 100000000000.0 1us 0
1040 512 100000000000.0 1us 0
1040 513 100000000000.0 1us 0
1040 514 100000000000.0 1us 0
1040 515 100000000000.0 1us 0
1040 516 100000000000.0 1us 0
1040 517 100000000000.0 1us 0
1040 518 100000000000.0 1us 0
1040 519 100000000000.0 1us 0
1040 520 100000000000.0 1us 0
1040 521 100000000000.0 1us 0
1040 522 100000000000.0 1us 0
1040 523 100000000000.0 1us 0
1040 524 100000000000.0 1us 0
1040 525 100000000000.0 1us 0
1040 526 100000000000.0 1us 0
1040 527 100000000000.0 1us 0
1040 528 100000000000.0 1us 0
1040 529 100000000000.0 1us 0
1040 530 100000000000.0 1us 0
1040 531 100000000000.0 1us 0
1040 532 100000000000.0 1us 0
1040 533 100000000000.0 1us 0
1040 534 100000000000.0 1us 0
1040 535 100000000000.0 1us 0
1040 536 100000000000.0 1us 0
1040 537 100000000000.0 1us 0
1040 538 100000000000.0 1us 0
1040 539 100000000000.0 1us 0
1040 540 100000000000.0 1us 0
1040 541 100000000000.0 1us 0
1040 542 100000000000.0 1us 0
1040 543 100000000000.0 1us 0
1041 544 100000000000.0 1us 0
1041 545 100000000000.0 1us 0
1041 546 100000000000.0 1us 0
1041 547 100000000000.0 1us 0
1041 548 100000000000.0 1us 0
1041 549 100000000000.0 1us 0
1041 550 100000000000.0 1us 0
1041 551 100000000000.0 1us 0
1041 552 100000000000.0 1us 0
1041 553 100000000000.0 1us 0
1041 554 100000000000.0 1us 0
1041 555 100000000000.0 1us 0
1041 556 100000000000.0 1us 0
1041 557 100000000000.0 1us 0
1041 558 100000000000.0 1us 0
1041 559 100000000000.0 1us 0
1041 560 100000000000.0 1us 0
1041 561 100000000000.0 1us 0
1041 562 100000000000.0 1us 0
1041 563 100000000000.0 1us 0
1041 564 100000000000.0 1us 0
1041 565 100000000000.0 1us 0
1041 566 100000000000.0 1us 0
1041 567 100000000000.0 1us 0
1041 568 100000000000.0 1us 0
1041 569 100000000000.0 1us 0
1041 570 100000000000.0 1us 0
1041 571 100000000000.0 1us 0
1041 572 100000000000.0 1us 0
1041 573 100000000000.0 1us 0
1041 574 100000000000.0 1us 0
1041 575 100000000000.0 1us 0
1042 576 100000000000.0 1us 0
1042 577 100000000000.0 1us 0
1042 578 100000000000.0 1us 0
1042 579 100000000000.0 1us 0
1042 580 100000000000.0 1us 0
1042 581 100000000000.0 1us 0
1042 582 100000000000.0 1us 0
1042 583 100000000000.0 1us 0
1042 584 100000000000.0 1us 0
1042 585 100000000000.0 1us 0
1042 586 100000000000.0 1us 0
1042 587 100000000000.0 1us 0
1042 588 100000000000.0 1us 0
1042 589 100000000000.0 1us 0
1042 590 100000000000.0 1us 0
1042 591 100000000000.0 1us 0
1042 592 100000000000.0 1us 0
1042 593 100000000000.0 1us 0
1042 594 100000000000.0 1us 0
1042 595 100000000000.0 1us 0
1042 596 100000000000.0 1us 0
1042 597 100000000000.0 1us 0
1042 598 100000000000.0 1us 0
1042 599 100000000000.0 1us 0
1042 600 100000000000.0 1us 0
1042 601 100000000000.0 1us 0
1042 602 100000000000.0 1us 0
1042 603 100000000000.0 1us 0
1042 604 100000000000.0 1us 0
1042 605 100000000000.0 1us 0
1042 606 100000000000.0 1us 0
1042 607 100000000000.0 1us 0
1043 608 100000000000.0 1us 0
1043 609 100000000000.0 1us 0
1043 610 100000000000.0 1us 0
1043 611 100000000000.0 1us 0
1043 612 100000000000.0 1us 0
1043 613 100000000000.0 1us 0
1043 614 100000000000.0 1us 0
1043 615 100000000000.0 1us 0
1043 616 100000000000.0 1us 0
1043 617 100000000000.0 1us 0
1043 618 100000000000.0 1us 0
1043 619 100000000000.0 1us 0
1043 620 100000000000.0 1us 0
1043 621 100000000000.0 1us 0
1043 622 100000000000.0 1us 0
1043 623 100000000000.0 1us 0
1043 624 100000000000.0 1us 0
1043 625 100000000000.0 1us 0
1043 626 100000000000.0 1us 0
1043 627 100000000000.0 1us 0
1043 628 100000000000.0 1us 0
1043 629 100000000000.0 1us 0
1043 630 100000000000.0 1us 0
1043 631 100000000000.0 1us 0
1043 632 100000000000.0 1us 0
1043 633 100000000000.0 1us 0
1043 634 100000000000.0 1us 0
1043 635 100000000000.0 1us 0
1043 636 100000000000.0 1us 0
1043 637 100000000000.0 1us 0
1043 638 100000000000.0 1us 0
1043 639 100000000000.0 1us 0
1044 640 100000000000.0 1us 0
1044 641 100000000000.0 1us 0
1044 642 100000000000.0 1us 0
1044 643 100000000000.0 1us 0
1044 644 100000000000.0 1us 0
1044 645 100000000000.0 1us 0
1044 646 100000000000.0 1us 0
1044 647 100000000000.0 1us 0
1044 648 100000000000.0 1us 0
1044 649 100000000000.0 1us 0
1044 650 100000000000.0 1us 0
1044 651 100000000000.0 1us 0
1044 652 100000000000.0 1us 0
1044 653 100000000000.0 1us 0
1044 654 100000000000.0 1us 0
1044 655 100000000000.0 1us 0
1044 656 100000000000.0 1us 0
1044 657 100000000000.0 1us 0
1044 658 100000000000.0 1us 0
1044 659 100000000000.0 1us 0
1044 660 100000000000.0 1us 0
1044 661 100000000000.0 1us 0
1044 662 100000000000.0 1us 0
1044 663 100000000000.0 1us 0
1044 664 100000000000.0 1us 0
1044 665 100000000000.0 1us 0
1044 666 100000000000.0 1us 0
1044 667 100000000000.0 1us 0
1044 668 100000000000.0 1us 0
1044 669 100000000000.0 1us 0
1044 670 100000000000.0 1us 0
1044 671 100000000000.0 1us 0
1045 672 100000000000.0 1us 0
1045 673 100000000000.0 1us 0
1045 674 100000000000.0 1us 0
1045 675 100000000000.0 1us 0
1045 676 100000000000.0 1us 0
1045 677 100000000000.0 1us 0
1045 678 100000000000.0 1us 0
1045 679 100000000000.0 1us 0
1045 680 100000000000.0 1us 0
1045 681 100000000000.0 1us 0
1045 682 100000000000.0 1us 0
1045 683 100000000000.0 1us 0
1045 684 100000000000.0 1us 0
1045 685 100000000000.0 1us 0
1045 686 100000000000.0 1us 0
1045 687 100000000000.0 1us 0
1045 688 100000000000.0 1us 0
1045 689 100000000000.0 1us 0
1045 690 100000000000.0 1us 0
1045 691 100000000000.0 1us 0
1045 692 100000000000.0 1us 0
1045 693 100000000000.0 1us 0
1045 694 100000000000.0 1us 0
1045 695 100000000000.0 1us 0
1045 696 100000000000.0 1us 0
1045 697 100000000000.0 1us 0
1045 698 100000000000.0 1us 0
1045 699 100000000000.0 1us 0
1045 700 100000000000.0 1us 0
1045 701 100000000000.0 1us 0
1045 702 100000000000.0 1us 0
1045 703 100000000000.0 1us 0
1046 704 100000000000.0 1us 0
1046 705 100000000000.0 1us 0
1046 706 100000000000.0 1us 0
1046 707 100000000000.0 1us 0
1046 708 100000000000.0 1us 0
1046 709 100000000000.0 1us 0
1046 710 100000000000.0 1us 0
1046 711 100000000000.0 1us 0
1046 712 100000000000.0 1us 0
1046 713 100000000000.0 1us 0
1046 714 100000000000.0 1us 0
1046 715 100000000000.0 1us 0
1046 716 100000000000.0 1us 0
1046 717 100000000000.0 1us 0
1046 718 100000000000.0 1us 0
1046 719 100000000000.0 1us 0
1046 720 100000000000.0 1us 0
1046 721 100000000000.0 1us 0
1046 722 100000000000.0 1us 0
1046 723 100000000000.0 1us 0
1046 724 100000000000.0 1us 0
1046 725 100000000000.0 1us 0
1046 726 100000000000.0 1us 0
1046 727 100000000000.0 1us 0
1046 728 100000000000.0 1us 0
1046 729 100000000000.0 1us 0
1046 730 100000000000.0 1us 0
1046 731 100000000000.0 1us 0
1046 732 100000000000.0 1us 0
1046 733 100000000000.0 1us 0
1046 734 100000000000.0 1us 0
1046 735 100000000000.0 1us 0
1047 736 100000000000.0 1us 0
1047 737 100000000000.0 1us 0
1047 738 100000000000.0 1us 0
1047 739 100000000000.0 1us 0
1047 740 100000000000.0 1us 0
1047 741 100000000000.0 1us 0
1047 742 100000000000.0 1us 0
1047 743 100000000000.0 1us 0
1047 744 100000000000.0 1us 0
1047 745 100000000000.0 1us 0
1047 746 100000000000.0 1us 0
1047 747 100000000000.0 1us 0
1047 748 100000000000.0 1us 0
1047 749 100000000000.0 1us 0
1047 750 100000000000.0 1us 0
1047 751 100000000000.0 1us 0
1047 752 100000000000.0 1us 0
1047 753 100000000000.0 1us 0
1047 754 100000000000.0 1us 0
1047 755 100000000000.0 1us 0
1047 756 100000000000.0 1us 0
1047 757 100000000000.0 1us 0
1047 758 100000000000.0 1us 0
1047 759 100000000000.0 1us 0
1047 760 100000000000.0 1us 0
1047 761 100000000000.0 1us 0
1047 762 100000000000.0 1us 0
1047 763 100000000000.0 1us 0
1047 764 100000000000.0 1us 0
1047 765 100000000000.0 1us 0
1047 766 100000000000.0 1us 0
1047 767 100000000000.0 1us 0
1048 768 100000000000.0 1us 0
1048 769 100000000000.0 1us 0
1048 770 100000000000.0 1us 0
1048 771 100000000000.0 1us 0
1048 772 100000000000.0 1us 0
1048 773 100000000000.0 1us 0
1048 774 100000000000.0 1us 0
1048 775 100000000000.0 1us 0
1048 776 100000000000.0 1us 0
1048 777 100000000000.0 1us 0
1048 778 100000000000.0 1us 0
1048 779 100000000000.0 1us 0
1048 780 100000000000.0 1us 0
1048 781 100000000000.0 1us 0
1048 782 100000000000.0 1us 0
1048 783 100000000000.0 1us 0
1048 784 100000000000.0 1us 0
1048 785 100000000000.0 1us 0
1048 786 100000000000.0 1us 0
1048 787 100000000000.0 1us 0
1048 788 100000000000.0 1us 0
1048 789 100000000000.0 1us 0
1048 790 100000000000.0 1us 0
1048 791 100000000000.0 1us 0
1048 792 100000000000.0 1us 0
1048 793 100000000000.0 1us 0
1048 794 100000000000.0 1us 0
1048 795 100000000000.0 1us 0
1048 796 100000000000.0 1us 0
1048 797 100000000000.0 1us 0
1048 798 100000000000.0 1us 0
1048 799 100000000000.0 1us 0
1049 800 100000000000.0 1us 0
1049 801 100000000000.0 1us 0
1049 802 100000000000.0 1us 0
1049 803 100000000000.0 1us 0
1049 804 100000000000.0 1us 0
1049 805 100000000000.0 1us 0
1049 806 100000000000.0 1us 0
1049 807 100000000000.0 1us 0
1049 808 100000000000.0 1us 0
1049 809 100000000000.0 1us 0
1049 810 100000000000.0 1us 0
1049 811 100000000000.0 1us 0
1049 812 100000000000.0 1us 0
1049 813 100000000000.0 1us 0
1049 814 100000000000.0 1us 0
1049 815 100000000000.0 1us 0
1049 816 100000000000.0 1us 0
1049 817 100000000000.0 1us 0
1049 818 100000000000.0 1us 0
1049 819 100000000000.0 1us 0
1049 820 100000000000.0 1us 0
1049 821 100000000000.0 1us 0
1049 822 100000000000.0 1us 0
1049 823 100000000000.0 1us 0
1049 824 100000000000.0 1us 0
1049 825 100000000000.0 1us 0
1049 826 100000000000.0 1us 0
1049 827 100000000000.0 1us 0
1049 828 100000000000.0 1us 0
1049 829 100000000000.0 1us 0
1049 830 100000000000.0 1us 0
1049 831 100000000000.0 1us 0
1050 832 100000000000.0 1us 0
1050 833 100000000000.0 1us 0
1050 834 100000000000.0 1us 0
1050 835 100000000000.0 1us 0
1050 836 100000000000.0 1us 0
1050 837 100000000000.0 1us 0
1050 838 100000000000.0 1us 0
1050 839 100000000000.0 1us 0
1050 840 100000000000.0 1us 0
1050 841 100000000000.0 1us 0
1050 842 100000000000.0 1us 0
1050 843 100000000000.0 1us 0
1050 844 100000000000.0 1us 0
1050 845 100000000000.0 1us 0
1050 846 100000000000.0 1us 0
1050 847 100000000000.0 1us 0
1050 848 100000000000.0 1us 0
1050 849 100000000000.0 1us 0
1050 850 100000000000.0 1us 0
1050 851 100000000000.0 1us 0
1050 852 100000000000.0 1us 0
1050 853 100000000000.0 1us 0
1050 854 100000000000.0 1us 0
1050 855 100000000000.0 1us 0
1050 856 100000000000.0 1us 0
1050 857 100000000000.0 1us 0
1050 858 100000000000.0 1us 0
1050 859 100000000000.0 1us 0
1050 860 100000000000.0 1us 0
1050 861 100000000000.0 1us 0
1050 862 100000000000.0 1us 0
1050 863 100000000000.0 1us 0
1051 864 100000000000.0 1us 0
1051 865 100000000000.0 1us 0
1051 866 100000000000.0 1us 0
1051 867 100000000000.0 1us 0
1051 868 100000000000.0 1us 0
1051 869 100000000000.0 1us 0
1051 870 100000000000.0 1us 0
1051 871 100000000000.0 1us 0
1051 872 100000000000.0 1us 0
1051 873 100000000000.0 1us 0
1051 874 100000000000.0 1us 0
1051 875 100000000000.0 1us 0
1051 876 100000000000.0 1us 0
1051 877 100000000000.0 1us 0
1051 878 100000000000.0 1us 0
1051 879 100000000000.0 1us 0
1051 880 100000000000.0 1us 0
1051 881 100000000000.0 1us 0
1051 882 100000000000.0 1us 0
1051 883 100000000000.0 1us 0
1051 884 100000000000.0 1us 0
1051 885 100000000000.0 1us 0
1051 886 100000000000.0 1us 0
1051 887 100000000000.0 1us 0
1051 888 100000000000.0 1us 0
1051 889 100000000000.0 1us 0
1051 890 100000000000.0 1us 0
1051 891 100000000000.0 1us 0
1051 892 100000000000.0 1us 0
1051 893 100000000000.0 1us 0
1051 894 100000000000.0 1us 0
1051 895 100000000000.0 1us 0
1052 896 100000000000.0 1us 0
1052 897 100000000000.0 1us 0
1052 898 100000000000.0 1us 0
1052 899 100000000000.0 1us 0
1052 900 100000000000.0 1us 0
1052 901 100000000000.0 1us 0
1052 902 100000000000.0 1us 0
1052 903 100000000000.0 1us 0
1052 904 100000000000.0 1us 0
1052 905 100000000000.0 1us 0
1052 906 100000000000.0 1us 0
1052 907 100000000000.0 1us 0
1052 908 100000000000.0 1us 0
1052 909 100000000000.0 1us 0
1052 910 100000000000.0 1us 0
1052 911 100000000000.0 1us 0
1052 912 100000000000.0 1us 0
1052 913 100000000000.0 1us 0
1052 914 100000000000.0 1us 0
1052 915 100000000000.0 1us 0
1052 916 100000000000.0 1us 0
1052 917 100000000000.0 1us 0
1052 918 100000000000.0 1us 0
1052 919 100000000000.0 1us 0
1052 920 100000000000.0 1us 0
1052 921 100000000000.0 1us 0
1052 922 100000000000.0 1us 0
1052 923 100000000000.0 1us 0
1052 924 100000000000.0 1us 0
1052 925 100000000000.0 1us 0
1052 926 100000000000.0 1us 0
1052 927 100000000000.0 1us 0
1053 928 100000000000.0 1us 0
1053 929 100000000000.0 1us 0
1053 930 100000000000.0 1us 0
1053 931 100000000000.0 1us 0
1053 932 100000000000.0 1us 0
1053 933 100000000000.0 1us 0
1053 934 100000000000.0 1us 0
1053 935 100000000000.0 1us 0
1053 936 100000000000.0 1us 0
1053 937 100000000000.0 1us 0
1053 938 100000000000.0 1us 0
1053 939 100000000000.0 1us 0
1053 940 100000000000.0 1us 0
1053 941 100000000000.0 1us 0
1053 942 100000000000.0 1us 0
1053 943 100000000000.0 1us 0
1053 944 100000000000.0 1us 0
1053 945 100000000000.0 1us 0
1053 946 100000000000.0 1us 0
1053 947 100000000000.0 1us 0
1053 948 100000000000.0 1us 0
1053 949 100000000000.0 1us 0
1053 950 100000000000.0 1us 0
1053 951 100000000000.0 1us 0
1053 952 100000000000.0 1us 0
1053 953 100000000000.0 1us 0
1053 954 100000000000.0 1us 0
1053 955 100000000000.0 1us 0
1053 956 100000000000.0 1us 0
1053 957 100000000000.0 1us 0
1053 958 100000000000.0 1us 0
1053 959 100000000000.0 1us 0
1054 960 100000000000.0 1us 0
1054 961 100000000000.0 1us 0
1054 962 100000000000.0 1us 0
1054 963 100000000000.0 1us 0
1054 964 100000000000.0 1us 0
1054 965 100000000000.0 1us 0
1054 966 100000000000.0 1us 0
1054 967 100000000000.0 1us 0
1054 968 100000000000.0 1us 0
1054 969 100000000000.0 1us 0
1054 970 100000000000.0 1us 0
1054 971 100000000000.0 1us 0
1054 972 100000000000.0 1us 0
1054 973 100000000000.0 1us 0
1054 974 100000000000.0 1us 0
1054 975 100000000000.0 1us 0
1054 976 100000000000.0 1us 0
1054 977 100000000000.0 1us 0
1054 978 100000000000.0 1us 0
1054 979 100000000000.0 1us 0
1054 980 100000000000.0 1us 0
1054 981 100000000000.0 1us 0
1054 982 100000000000.0 1us 0
1054 983 100000000000.0 1us 0
1054 984 100000000000.0 1us 0
1054 985 100000000000.0 1us 0
1054 986 100000000000.0 1us 0
1054 987 100000000000.0 1us 0
1054 988 100000000000.0 1us 0
1054 989 100000000000.0 1us 0
1054 990 100000000000.0 1us 0
1054 991 100000000000.0 1us 0
1055 992 100000000000.0 1us 0
1055 993 100000000000.0 1us 0
1055 994 100000000000.0 1us 0
1055 995 100000000000.0 1us 0
1055 996 100000000000.0 1us 0
1055 997 100000000000.0 1us 0
1055 998 100000000000.0 1us 0
1055 999 100000000000.0 1us 0
1055 1000 100000000000.0 1us 0
1055 1001 100000000000.0 1us 0
1055 1002 100000000000.0 1us 0
1055 1003 100000000000.0 1us 0
1055 1004 100000000000.0 1us 0
1055 1005 100000000000.0 1us 0
1055 1006 100000000000.0 1us 0
1055 1007 100000000000.0 1us 0
1055 1008 100000000000.0 1us 0
1055 1009 100000000000.0 1us 0
1055 1010 100000000000.0 1us 0
1055 1011 100000000000.0 1us 0
1055 1012 100000000000.0 1us 0
1055 1013 100000000000.0 1us 0
1055 1014 100000000000.0 1us 0
1055 1015 100000000000.0 1us 0
1055 1016 100000000000.0 1us 0
1055 1017 100000000000.0 1us 0
1055 1018 100000000000.0 1us 0
1055 1019 100000000000.0 1us 0
1055 1020 100000000000.0 1us 0
1055 1021 100000000000.0 1us 0
1055 1022 100000000000.0 1us 0
1055 1023 100000000000.0 1us 0
1056 1024 100000000000.0 1us 0
1057 1024 100000000000.0 1us 0
1058 1024 100000000000.0 1us 0
1059 1024 100000000000.0 1us 0
1060 1024 100000000000.0 1us 0
1061 1024 100000000000.0 1us 0
1062 1024 100000000000.0 1us 0
1063 1024 100000000000.0 1us 0
1056 1025 100000000000.0 1us 0
1057 1025 100000000000.0 1us 0
1058 1025 100000000000.0 1us 0
1059 1025 100000000000.0 1us 0
1060 1025 100000000000.0 1us 0
1061 1025 100000000000.0 1us 0
1062 1025 100000000000.0 1us 0
1063 1025 100000000000.0 1us 0
1056 1026 100000000000.0 1us 0
1057 1026 100000000000.0 1us 0
1058 1026 100000000000.0 1us 0
1059 1026 100000000000.0 1us 0
1060 1026 100000000000.0 1us 0
1061 1026 100000000000.0 1us 0
1062 1026 100000000000.0 1us 0
1063 1026 100000000000.0 1us 0
1056 1027 100000000000.0 1us 0
1057 1027 100000000000.0 1us 0
1058 1027 100000000000.0 1us 0
1059 1027 100000000000.0 1us 0
1060 1027 100000000000.0 1us 0
1061 1027 100000000000.0 1us 0
1062 1027 100000000000.0 1us 0
1063 1027 100000000000.0 1us 0
1056 1028 100000000000.0 1us 0
1057 1028 100000000000.0 1us 0
1058 1028 100000000000.0 1us 0
1059 1028 100000000000.0 1us 0
1060 1028 100000000000.0 1us 0
1061 1028 100000000000.0 1us 0
1062 1028 100000000000.0 1us 0
1063 1028 100000000000.0 1us 0
1056 1029 100000000000.0 1us 0
1057 1029 100000000000.0 1us 0
1058 1029 100000000000.0 1us 0
1059 1029 100000000000.0 1us 0
1060 1029 100000000000.0 1us 0
1061 1029 100000000000.0 1us 0
1062 1029 100000000000.0 1us 0
1063 1029 100000000000.0 1us 0
1056 1030 100000000000.0 1us 0
1057 1030 100000000000.0 1us 0
1058 1030 100000000000.0 1us 0
1059 1030 100000000000.0 1us 0
1060 1030 100000000000.0 1us 0
1061 1030 100000000000.0 1us 0
1062 1030 100000000000.0 1us 0
1063 1030 100000000000.0 1us 0
1056 1031 100000000000.0 1us 0
1057 1031 100000000000.0 1us 0
1058 1031 100000000000.0 1us 0
1059 1031 100000000000.0 1us 0
1060 1031 100000000000.0 1us 0
1061 1031 100000000000.0 1us 0
1062 1031 100000000000.0 1us 0
1063 1031 100000000000.0 1us 0
1056 1032 100000000000.0 1us 0
1057 1032 100000000000.0 1us 0
1058 1032 100000000000.0 1us 0
1059 1032 100000000000.0 1us 0
1060 1032 100000000000.0 1us 0
1061 1032 100000000000.0 1us 0
1062 1032 100000000000.0 1us 0
1063 1032 100000000000.0 1us 0
1056 1033 100000000000.0 1us 0
1057 1033 100000000000.0 1us 0
1058 1033 100000000000.0 1us 0
1059 1033 100000000000.0 1us 0
1060 1033 100000000000.0 1us 0
1061 1033 100000000000.0 1us 0
1062 1033 100000000000.0 1us 0
1063 1033 100000000000.0 1us 0
1056 1034 100000000000.0 1us 0
1057 1034 100000000000.0 1us 0
1058 1034 100000000000.0 1us 0
1059 1034 100000000000.0 1us 0
1060 1034 100000000000.0 1us 0
1061 1034 100000000000.0 1us 0
1062 1034 100000000000.0 1us 0
1063 1034 100000000000.0 1us 0
1056 1035 100000000000.0 1us 0
1057 1035 100000000000.0 1us 0
1058 1035 100000000000.0 1us 0
1059 1035 100000000000.0 1us 0
1060 1035 100000000000.0 1us 0
1061 1035 100000000000.0 1us 0
1062 1035 100000000000.0 1us 0
1063 1035 100000000000.0 1us 0
1056 1036 100000000000.0 1us 0
1057 1036 100000000000.0 1us 0
1058 1036 100000000000.0 1us 0
1059 1036 100000000000.0 1us 0
1060 1036 100000000000.0 1us 0
1061 1036 100000000000.0 1us 0
1062 1036 100000000000.0 1us 0
1063 1036 100000000000.0 1us 0
1056 1037 100000000000.0 1us 0
1057 1037 100000000000.0 1us 0
1058 1037 100000000000.0 1us 0
1059 1037 100000000000.0 1us 0
1060 1037 100000000000.0 1us 0
1061 1037 100000000000.0 1us 0
1062 1037 100000000000.0 1us 0
1063 1037 100000000000.0 1us 0
1056 1038 100000000000.0 1us 0
1057 1038 100000000000.0 1us 0
1058 1038 100000000000.0 1us 0
1059 1038 100000000000.0 1us 0
1060 1038 100000000000.0 1us 0
1061 1038 100000000000.0 1us 0
1062 1038 100000000000.0 1us 0
1063 1038 100000000000.0 1us 0
1056 1039 100000000000.0 1us 0
1057 1039 100000000000.0 1us 0
1058 1039 100000000000.0 1us 0
1059 1039 100000000000.0 1us 0
1060 1039 100000000000.0 1us 0
1061 1039 100000000000.0 1us 0
1062 1039 100000000000.0 1us 0
1063 1039 100000000000.0 1us 0
1056 1040 100000000000.0 1us 0
1057 1040 100000000000.0 1us 0
1058 1040 100000000000.0 1us 0
1059 1040 100000000000.0 1us 0
1060 1040 100000000000.0 1us 0
1061 1040 100000000000.0 1us 0
1062 1040 100000000000.0 1us 0
1063 1040 100000000000.0 1us 0
1056 1041 100000000000.0 1us 0
1057 1041 100000000000.0 1us 0
1058 1041 100000000000.0 1us 0
1059 1041 100000000000.0 1us 0
1060 1041 100000000000.0 1us 0
1061 1041 100000000000.0 1us 0
1062 1041 100000000000.0 1us 0
1063 1041 100000000000.0 1us 0
1056 1042 100000000000.0 1us 0
1057 1042 100000000000.0 1us 0
1058 1042 100000000000.0 1us 0
1059 1042 100000000000.0 1us 0
1060 1042 100000000000.0 1us 0
1061 1042 100000000000.0 1us 0
1062 1042 100000000000.0 1us 0
1063 1042 100000000000.0 1us 0
1056 1043 100000000000.0 1us 0
1057 1043 100000000000.0 1us 0
1058 1043 100000000000.0 1us 0
1059 1043 100000000000.0 1us 0
1060 1043 100000000000.0 1us 0
1061 1043 100000000000.0 1us 0
1062 1043 100000000000.0 1us 0
1063 1043 100000000000.0 1us 0
1056 1044 100000000000.0 1us 0
1057 1044 100000000000.0 1us 0
1058 1044 100000000000.0 1us 0
1059 1044 100000000000.0 1us 0
1060 1044 100000000000.0 1us 0
1061 1044 100000000000.0 1us 0
1062 1044 100000000000.0 1us 0
1063 1044 100000000000.0 1us 0
1056 1045 100000000000.0 1us 0
1057 1045 100000000000.0 1us 0
1058 1045 100000000000.0 1us 0
1059 1045 100000000000.0 1us 0
1060 1045 100000000000.0 1us 0
1061 1045 100000000000.0 1us 0
1062 1045 100000000000.0 1us 0
1063 1045 100000000000.0 1us 0
1056 1046 100000000000.0 1us 0
1057 1046 100000000000.0 1us 0
1058 1046 100000000000.0 1us 0
1059 1046 100000000000.0 1us 0
1060 1046 100000000000.0 1us 0
1061 1046 100000000000.0 1us 0
1062 1046 100000000000.0 1us 0
1063 1046 100000000000.0 1us 0
1056 1047 100000000000.0 1us 0
1057 1047 100000000000.0 1us 0
1058 1047 100000000000.0 1us 0
1059 1047 100000000000.0 1us 0
1060 1047 100000000000.0 1us 0
1061 1047 100000000000.0 1us 0
1062 1047 100000000000.0 1us 0
1063 1047 100000000000.0 1us 0
1056 1048 100000000000.0 1us 0
1057 1048 100000000000.0 1us 0
1058 1048 100000000000.0 1us 0
1059 1048 100000000000.0 1us 0
1060 1048 100000000000.0 1us 0
1061 1048 100000000000.0 1us 0
1062 1048 100000000000.0 1us 0
1063 1048 100000000000.0 1us 0
1056 1049 100000000000.0 1us 0
1057 1049 100000000000.0 1us 0
1058 1049 100000000000.0 1us 0
1059 1049 100000000000.0 1us 0
1060 1049 100000000000.0 1us 0
1061 1049 100000000000.0 1us 0
1062 1049 100000000000.0 1us 0
1063 1049 100000000000.0 1us 0
1056 1050 100000000000.0 1us 0
1057 1050 100000000000.0 1us 0
1058 1050 100000000000.0 1us 0
1059 1050 100000000000.0 1us 0
1060 1050 100000000000.0 1us 0
1061 1050 100000000000.0 1us 0
1062 1050 100000000000.0 1us 0
1063 1050 100000000000.0 1us 0
1056 1051 100000000000.0 1us 0
1057 1051 100000000000.0 1us 0
1058 1051 100000000000.0 1us 0
1059 1051 100000000000.0 1us 0
1060 1051 100000000000.0 1us 0
1061 1051 100000000000.0 1us 0
1062 1051 100000000000.0 1us 0
1063 1051 100000000000.0 1us 0
1056 1052 100000000000.0 1us 0
1057 1052 100000000000.0 1us 0
1058 1052 100000000000.0 1us 0
1059 1052 100000000000.0 1us 0
1060 1052 100000000000.0 1us 0
1061 1052 100000000000.0 1us 0
1062 1052 100000000000.0 1us 0
1063 1052 100000000000.0 1us 0
1056 1053 100000000000.0 1us 0
1057 1053 100000000000.0 1us 0
1058 1053 100000000000.0 1us 0
1059 1053 100000000000.0 1us 0
1060 1053 100000000000.0 1us 0
1061 1053 100000000000.0 1us 0
1062 1053 100000000000.0 1us 0
1063 1053 100000000000.0 1us 0
1056 1054 100000000000.0 1us 0
1057 1054 100000000000.0 1us 0
1058 1054 100000000000.0 1us 0
1059 1054 100000000000.0 1us 0
1060 1054 100000000000.0 1us 0
1061 1054 100000000000.0 1us 0
1062 1054 100000000000.0 1us 0
1063 1054 100000000000.0 1us 0
1056 1055 100000000000.0 1us 0
1057 1055 100000000000.0 1us 0
1058 1055 100000000000.0 1us 0
1059 1055 100000000000.0 1us 0
1060 1055 100000000000.0 1us 0
1061 1055 100000000000.0 1us 0
1062 1055 100000000000.0 1us 0
1063 1055 100000000000.0 1us 0
