440 40 40 800
400 401 402 403 404 405 406 407 408 409 410 411 412 413 414 415 416 417 418 419 420 421 422 423 424 425 426 427 428 429 430 431 432 433 434 435 436 437 438 439
0 400 50000000000.0 5us 0
1 400 50000000000.0 5us 0
2 400 50000000000.0 5us 0
3 400 50000000000.0 5us 0
4 400 50000000000.0 5us 0
5 400 50000000000.0 5us 0
6 400 50000000000.0 5us 0
7 400 50000000000.0 5us 0
8 400 50000000000.0 5us 0
9 400 50000000000.0 5us 0
10 400 50000000000.0 5us 0
11 400 50000000000.0 5us 0
12 400 50000000000.0 5us 0
13 400 50000000000.0 5us 0
14 400 50000000000.0 5us 0
15 400 50000000000.0 5us 0
16 400 50000000000.0 5us 0
17 400 50000000000.0 5us 0
18 400 50000000000.0 5us 0
19 400 50000000000.0 5us 0
20 401 50000000000.0 5us 0
21 401 50000000000.0 5us 0
22 401 50000000000.0 5us 0
23 401 50000000000.0 5us 0
24 401 50000000000.0 5us 0
25 401 50000000000.0 5us 0
26 401 50000000000.0 5us 0
27 401 50000000000.0 5us 0
28 401 50000000000.0 5us 0
29 401 50000000000.0 5us 0
30 401 50000000000.0 5us 0
31 401 50000000000.0 5us 0
32 401 50000000000.0 5us 0
33 401 50000000000.0 5us 0
34 401 50000000000.0 5us 0
35 401 50000000000.0 5us 0
36 401 50000000000.0 5us 0
37 401 50000000000.0 5us 0
38 401 50000000000.0 5us 0
39 401 50000000000.0 5us 0
40 402 50000000000.0 5us 0
41 402 50000000000.0 5us 0
42 402 50000000000.0 5us 0
43 402 50000000000.0 5us 0
44 402 50000000000.0 5us 0
45 402 50000000000.0 5us 0
46 402 50000000000.0 5us 0
47 402 50000000000.0 5us 0
48 402 50000000000.0 5us 0
49 402 50000000000.0 5us 0
50 402 50000000000.0 5us 0
51 402 50000000000.0 5us 0
52 402 50000000000.0 5us 0
53 402 50000000000.0 5us 0
54 402 50000000000.0 5us 0
55 402 50000000000.0 5us 0
56 402 50000000000.0 5us 0
57 402 50000000000.0 5us 0
58 402 50000000000.0 5us 0
59 402 50000000000.0 5us 0
60 403 50000000000.0 5us 0
61 403 50000000000.0 5us 0
62 403 50000000000.0 5us 0
63 403 50000000000.0 5us 0
64 403 50000000000.0 5us 0
65 403 50000000000.0 5us 0
66 403 50000000000.0 5us 0
67 403 50000000000.0 5us 0
68 403 50000000000.0 5us 0
69 403 50000000000.0 5us 0
70 403 50000000000.0 5us 0
71 403 50000000000.0 5us 0
72 403 50000000000.0 5us 0
73 403 50000000000.0 5us 0
74 403 50000000000.0 5us 0
75 403 50000000000.0 5us 0
76 403 50000000000.0 5us 0
77 403 50000000000.0 5us 0
78 403 50000000000.0 5us 0
79 403 50000000000.0 5us 0
80 404 50000000000.0 5us 0
81 404 50000000000.0 5us 0
82 404 50000000000.0 5us 0
83 404 50000000000.0 5us 0
84 404 50000000000.0 5us 0
85 404 50000000000.0 5us 0
86 404 50000000000.0 5us 0
87 404 50000000000.0 5us 0
88 404 50000000000.0 5us 0
89 404 50000000000.0 5us 0
90 404 50000000000.0 5us 0
91 404 50000000000.0 5us 0
92 404 50000000000.0 5us 0
93 404 50000000000.0 5us 0
94 404 50000000000.0 5us 0
95 404 50000000000.0 5us 0
96 404 50000000000.0 5us 0
97 404 50000000000.0 5us 0
98 404 50000000000.0 5us 0
99 404 50000000000.0 5us 0
100 405 50000000000.0 5us 0
101 405 50000000000.0 5us 0
102 405 50000000000.0 5us 0
103 405 50000000000.0 5us 0
104 405 50000000000.0 5us 0
105 405 50000000000.0 5us 0
106 405 50000000000.0 5us 0
107 405 50000000000.0 5us 0
108 405 50000000000.0 5us 0
109 405 50000000000.0 5us 0
110 405 50000000000.0 5us 0
111 405 50000000000.0 5us 0
112 405 50000000000.0 5us 0
113 405 50000000000.0 5us 0
114 405 50000000000.0 5us 0
115 405 50000000000.0 5us 0
116 405 50000000000.0 5us 0
117 405 50000000000.0 5us 0
118 405 50000000000.0 5us 0
119 405 50000000000.0 5us 0
120 406 50000000000.0 5us 0
121 406 50000000000.0 5us 0
122 406 50000000000.0 5us 0
123 406 50000000000.0 5us 0
124 406 50000000000.0 5us 0
125 406 50000000000.0 5us 0
126 406 50000000000.0 5us 0
127 406 50000000000.0 5us 0
128 406 50000000000.0 5us 0
129 406 50000000000.0 5us 0
130 406 50000000000.0 5us 0
131 406 50000000000.0 5us 0
132 406 50000000000.0 5us 0
133 406 50000000000.0 5us 0
134 406 50000000000.0 5us 0
135 406 50000000000.0 5us 0
136 406 50000000000.0 5us 0
137 406 50000000000.0 5us 0
138 406 50000000000.0 5us 0
139 406 50000000000.0 5us 0
140 407 50000000000.0 5us 0
141 407 50000000000.0 5us 0
142 407 50000000000.0 5us 0
143 407 50000000000.0 5us 0
144 407 50000000000.0 5us 0
145 407 50000000000.0 5us 0
146 407 50000000000.0 5us 0
147 407 50000000000.0 5us 0
148 407 50000000000.0 5us 0
149 407 50000000000.0 5us 0
150 407 50000000000.0 5us 0
151 407 50000000000.0 5us 0
152 407 50000000000.0 5us 0
153 407 50000000000.0 5us 0
154 407 50000000000.0 5us 0
155 407 50000000000.0 5us 0
156 407 50000000000.0 5us 0
157 407 50000000000.0 5us 0
158 407 50000000000.0 5us 0
159 407 50000000000.0 5us 0
160 408 50000000000.0 5us 0
161 408 50000000000.0 5us 0
162 408 50000000000.0 5us 0
163 408 50000000000.0 5us 0
164 408 50000000000.0 5us 0
165 408 50000000000.0 5us 0
166 408 50000000000.0 5us 0
167 408 50000000000.0 5us 0
168 408 50000000000.0 5us 0
169 408 50000000000.0 5us 0
170 408 50000000000.0 5us 0
171 408 50000000000.0 5us 0
172 408 50000000000.0 5us 0
173 408 50000000000.0 5us 0
174 408 50000000000.0 5us 0
175 408 50000000000.0 5us 0
176 408 50000000000.0 5us 0
177 408 50000000000.0 5us 0
178 408 50000000000.0 5us 0
179 408 50000000000.0 5us 0
180 409 50000000000.0 5us 0
181 409 50000000000.0 5us 0
182 409 50000000000.0 5us 0
183 409 50000000000.0 5us 0
184 409 50000000000.0 5us 0
185 409 50000000000.0 5us 0
186 409 50000000000.0 5us 0
187 409 50000000000.0 5us 0
188 409 50000000000.0 5us 0
189 409 50000000000.0 5us 0
190 409 50000000000.0 5us 0
191 409 50000000000.0 5us 0
192 409 50000000000.0 5us 0
193 409 50000000000.0 5us 0
194 409 50000000000.0 5us 0
195 409 50000000000.0 5us 0
196 409 50000000000.0 5us 0
197 409 50000000000.0 5us 0
198 409 50000000000.0 5us 0
199 409 50000000000.0 5us 0
200 410 50000000000.0 5us 0
201 410 50000000000.0 5us 0
202 410 50000000000.0 5us 0
203 410 50000000000.0 5us 0
204 410 50000000000.0 5us 0
205 410 50000000000.0 5us 0
206 410 50000000000.0 5us 0
207 410 50000000000.0 5us 0
208 410 50000000000.0 5us 0
209 410 50000000000.0 5us 0
210 410 50000000000.0 5us 0
211 410 50000000000.0 5us 0
212 410 50000000000.0 5us 0
213 410 50000000000.0 5us 0
214 410 50000000000.0 5us 0
215 410 50000000000.0 5us 0
216 410 50000000000.0 5us 0
217 410 50000000000.0 5us 0
218 410 50000000000.0 5us 0
219 410 50000000000.0 5us 0
220 411 50000000000.0 5us 0
221 411 50000000000.0 5us 0
222 411 50000000000.0 5us 0
223 411 50000000000.0 5us 0
224 411 50000000000.0 5us 0
225 411 50000000000.0 5us 0
226 411 50000000000.0 5us 0
227 411 50000000000.0 5us 0
228 411 50000000000.0 5us 0
229 411 50000000000.0 5us 0
230 411 50000000000.0 5us 0
231 411 50000000000.0 5us 0
232 411 50000000000.0 5us 0
233 411 50000000000.0 5us 0
234 411 50000000000.0 5us 0
235 411 50000000000.0 5us 0
236 411 50000000000.0 5us 0
237 411 50000000000.0 5us 0
238 411 50000000000.0 5us 0
239 411 50000000000.0 5us 0
240 412 50000000000.0 5us 0
241 412 50000000000.0 5us 0
242 412 50000000000.0 5us 0
243 412 50000000000.0 5us 0
244 412 50000000000.0 5us 0
245 412 50000000000.0 5us 0
246 412 50000000000.0 5us 0
247 412 50000000000.0 5us 0
248 412 50000000000.0 5us 0
249 412 50000000000.0 5us 0
250 412 50000000000.0 5us 0
251 412 50000000000.0 5us 0
252 412 50000000000.0 5us 0
253 412 50000000000.0 5us 0
254 412 50000000000.0 5us 0
255 412 50000000000.0 5us 0
256 412 50000000000.0 5us 0
257 412 50000000000.0 5us 0
258 412 50000000000.0 5us 0
259 412 50000000000.0 5us 0
260 413 50000000000.0 5us 0
261 413 50000000000.0 5us 0
262 413 50000000000.0 5us 0
263 413 50000000000.0 5us 0
264 413 50000000000.0 5us 0
265 413 50000000000.0 5us 0
266 413 50000000000.0 5us 0
267 413 50000000000.0 5us 0
268 413 50000000000.0 5us 0
269 413 50000000000.0 5us 0
270 413 50000000000.0 5us 0
271 413 50000000000.0 5us 0
272 413 50000000000.0 5us 0
273 413 50000000000.0 5us 0
274 413 50000000000.0 5us 0
275 413 50000000000.0 5us 0
276 413 50000000000.0 5us 0
277 413 50000000000.0 5us 0
278 413 50000000000.0 5us 0
279 413 50000000000.0 5us 0
280 414 50000000000.0 5us 0
281 414 50000000000.0 5us 0
282 414 50000000000.0 5us 0
283 414 50000000000.0 5us 0
284 414 50000000000.0 5us 0
285 414 50000000000.0 5us 0
286 414 50000000000.0 5us 0
287 414 50000000000.0 5us 0
288 414 50000000000.0 5us 0
289 414 50000000000.0 5us 0
290 414 50000000000.0 5us 0
291 414 50000000000.0 5us 0
292 414 50000000000.0 5us 0
293 414 50000000000.0 5us 0
294 414 50000000000.0 5us 0
295 414 50000000000.0 5us 0
296 414 50000000000.0 5us 0
297 414 50000000000.0 5us 0
298 414 50000000000.0 5us 0
299 414 50000000000.0 5us 0
300 415 50000000000.0 5us 0
301 415 50000000000.0 5us 0
302 415 50000000000.0 5us 0
303 415 50000000000.0 5us 0
304 415 50000000000.0 5us 0
305 415 50000000000.0 5us 0
306 415 50000000000.0 5us 0
307 415 50000000000.0 5us 0
308 415 50000000000.0 5us 0
309 415 50000000000.0 5us 0
310 415 50000000000.0 5us 0
311 415 50000000000.0 5us 0
312 415 50000000000.0 5us 0
313 415 50000000000.0 5us 0
314 415 50000000000.0 5us 0
315 415 50000000000.0 5us 0
316 415 50000000000.0 5us 0
317 415 50000000000.0 5us 0
318 415 50000000000.0 5us 0
319 415 50000000000.0 5us 0
320 416 50000000000.0 5us 0
321 416 50000000000.0 5us 0
322 416 50000000000.0 5us 0
323 416 50000000000.0 5us 0
324 416 50000000000.0 5us 0
325 416 50000000000.0 5us 0
326 416 50000000000.0 5us 0
327 416 50000000000.0 5us 0
328 416 50000000000.0 5us 0
329 416 50000000000.0 5us 0
330 416 50000000000.0 5us 0
331 416 50000000000.0 5us 0
332 416 50000000000.0 5us 0
333 416 50000000000.0 5us 0
334 416 50000000000.0 5us 0
335 416 50000000000.0 5us 0
336 416 50000000000.0 5us 0
337 416 50000000000.0 5us 0
338 416 50000000000.0 5us 0
339 416 50000000000.0 5us 0
340 417 50000000000.0 5us 0
341 417 50000000000.0 5us 0
342 417 50000000000.0 5us 0
343 417 50000000000.0 5us 0
344 417 50000000000.0 5us 0
345 417 50000000000.0 5us 0
346 417 50000000000.0 5us 0
347 417 50000000000.0 5us 0
348 417 50000000000.0 5us 0
349 417 50000000000.0 5us 0
350 417 50000000000.0 5us 0
351 417 50000000000.0 5us 0
352 417 50000000000.0 5us 0
353 417 50000000000.0 5us 0
354 417 50000000000.0 5us 0
355 417 50000000000.0 5us 0
356 417 50000000000.0 5us 0
357 417 50000000000.0 5us 0
358 417 50000000000.0 5us 0
359 417 50000000000.0 5us 0
360 418 50000000000.0 5us 0
361 418 50000000000.0 5us 0
362 418 50000000000.0 5us 0
363 418 50000000000.0 5us 0
364 418 50000000000.0 5us 0
365 418 50000000000.0 5us 0
366 418 50000000000.0 5us 0
367 418 50000000000.0 5us 0
368 418 50000000000.0 5us 0
369 418 50000000000.0 5us 0
370 418 50000000000.0 5us 0
371 418 50000000000.0 5us 0
372 418 50000000000.0 5us 0
373 418 50000000000.0 5us 0
374 418 50000000000.0 5us 0
375 418 50000000000.0 5us 0
376 418 50000000000.0 5us 0
377 418 50000000000.0 5us 0
378 418 50000000000.0 5us 0
379 418 50000000000.0 5us 0
380 419 50000000000.0 5us 0
381 419 50000000000.0 5us 0
382 419 50000000000.0 5us 0
383 419 50000000000.0 5us 0
384 419 50000000000.0 5us 0
385 419 50000000000.0 5us 0
386 419 50000000000.0 5us 0
387 419 50000000000.0 5us 0
388 419 50000000000.0 5us 0
389 419 50000000000.0 5us 0
390 419 50000000000.0 5us 0
391 419 50000000000.0 5us 0
392 419 50000000000.0 5us 0
393 419 50000000000.0 5us 0
394 419 50000000000.0 5us 0
395 419 50000000000.0 5us 0
396 419 50000000000.0 5us 0
397 419 50000000000.0 5us 0
398 419 50000000000.0 5us 0
399 419 50000000000.0 5us 0
400 420 50000000000.0 5us 0
400 421 50000000000.0 5us 0
400 422 50000000000.0 5us 0
400 423 50000000000.0 5us 0
400 424 50000000000.0 5us 0
400 425 50000000000.0 5us 0
400 426 50000000000.0 5us 0
400 427 50000000000.0 5us 0
400 428 50000000000.0 5us 0
400 429 50000000000.0 5us 0
400 430 50000000000.0 5us 0
400 431 50000000000.0 5us 0
400 432 50000000000.0 5us 0
400 433 50000000000.0 5us 0
400 434 50000000000.0 5us 0
400 435 50000000000.0 5us 0
400 436 50000000000.0 5us 0
400 437 50000000000.0 5us 0
400 438 50000000000.0 5us 0
400 439 50000000000.0 5us 0
401 420 50000000000.0 5us 0
401 421 50000000000.0 5us 0
401 422 50000000000.0 5us 0
401 423 50000000000.0 5us 0
401 424 50000000000.0 5us 0
401 425 50000000000.0 5us 0
401 426 50000000000.0 5us 0
401 427 50000000000.0 5us 0
401 428 50000000000.0 5us 0
401 429 50000000000.0 5us 0
401 430 50000000000.0 5us 0
401 431 50000000000.0 5us 0
401 432 50000000000.0 5us 0
401 433 50000000000.0 5us 0
401 434 50000000000.0 5us 0
401 435 50000000000.0 5us 0
401 436 50000000000.0 5us 0
401 437 50000000000.0 5us 0
401 438 50000000000.0 5us 0
401 439 50000000000.0 5us 0
402 420 50000000000.0 5us 0
402 421 50000000000.0 5us 0
402 422 50000000000.0 5us 0
402 423 50000000000.0 5us 0
402 424 50000000000.0 5us 0
402 425 50000000000.0 5us 0
402 426 50000000000.0 5us 0
402 427 50000000000.0 5us 0
402 428 50000000000.0 5us 0
402 429 50000000000.0 5us 0
402 430 50000000000.0 5us 0
402 431 50000000000.0 5us 0
402 432 50000000000.0 5us 0
402 433 50000000000.0 5us 0
402 434 50000000000.0 5us 0
402 435 50000000000.0 5us 0
402 436 50000000000.0 5us 0
402 437 50000000000.0 5us 0
402 438 50000000000.0 5us 0
402 439 50000000000.0 5us 0
403 420 50000000000.0 5us 0
403 421 50000000000.0 5us 0
403 422 50000000000.0 5us 0
403 423 50000000000.0 5us 0
403 424 50000000000.0 5us 0
403 425 50000000000.0 5us 0
403 426 50000000000.0 5us 0
403 427 50000000000.0 5us 0
403 428 50000000000.0 5us 0
403 429 50000000000.0 5us 0
403 430 50000000000.0 5us 0
403 431 50000000000.0 5us 0
403 432 50000000000.0 5us 0
403 433 50000000000.0 5us 0
403 434 50000000000.0 5us 0
403 435 50000000000.0 5us 0
403 436 50000000000.0 5us 0
403 437 50000000000.0 5us 0
403 438 50000000000.0 5us 0
403 439 50000000000.0 5us 0
404 420 50000000000.0 5us 0
404 421 50000000000.0 5us 0
404 422 50000000000.0 5us 0
404 423 50000000000.0 5us 0
404 424 50000000000.0 5us 0
404 425 50000000000.0 5us 0
404 426 50000000000.0 5us 0
404 427 50000000000.0 5us 0
404 428 50000000000.0 5us 0
404 429 50000000000.0 5us 0
404 430 50000000000.0 5us 0
404 431 50000000000.0 5us 0
404 432 50000000000.0 5us 0
404 433 50000000000.0 5us 0
404 434 50000000000.0 5us 0
404 435 50000000000.0 5us 0
404 436 50000000000.0 5us 0
404 437 50000000000.0 5us 0
404 438 50000000000.0 5us 0
404 439 50000000000.0 5us 0
405 420 50000000000.0 5us 0
405 421 50000000000.0 5us 0
405 422 50000000000.0 5us 0
405 423 50000000000.0 5us 0
405 424 50000000000.0 5us 0
405 425 50000000000.0 5us 0
405 426 50000000000.0 5us 0
405 427 50000000000.0 5us 0
405 428 50000000000.0 5us 0
405 429 50000000000.0 5us 0
405 430 50000000000.0 5us 0
405 431 50000000000.0 5us 0
405 432 50000000000.0 5us 0
405 433 50000000000.0 5us 0
405 434 50000000000.0 5us 0
405 435 50000000000.0 5us 0
405 436 50000000000.0 5us 0
405 437 50000000000.0 5us 0
405 438 50000000000.0 5us 0
405 439 50000000000.0 5us 0
406 420 50000000000.0 5us 0
406 421 50000000000.0 5us 0
406 422 50000000000.0 5us 0
406 423 50000000000.0 5us 0
406 424 50000000000.0 5us 0
406 425 50000000000.0 5us 0
406 426 50000000000.0 5us 0
406 427 50000000000.0 5us 0
406 428 50000000000.0 5us 0
406 429 50000000000.0 5us 0
406 430 50000000000.0 5us 0
406 431 50000000000.0 5us 0
406 432 50000000000.0 5us 0
406 433 50000000000.0 5us 0
406 434 50000000000.0 5us 0
406 435 50000000000.0 5us 0
406 436 50000000000.0 5us 0
406 437 50000000000.0 5us 0
406 438 50000000000.0 5us 0
406 439 50000000000.0 5us 0
407 420 50000000000.0 5us 0
407 421 50000000000.0 5us 0
407 422 50000000000.0 5us 0
407 423 50000000000.0 5us 0
407 424 50000000000.0 5us 0
407 425 50000000000.0 5us 0
407 426 50000000000.0 5us 0
407 427 50000000000.0 5us 0
407 428 50000000000.0 5us 0
407 429 50000000000.0 5us 0
407 430 50000000000.0 5us 0
407 431 50000000000.0 5us 0
407 432 50000000000.0 5us 0
407 433 50000000000.0 5us 0
407 434 50000000000.0 5us 0
407 435 50000000000.0 5us 0
407 436 50000000000.0 5us 0
407 437 50000000000.0 5us 0
407 438 50000000000.0 5us 0
407 439 50000000000.0 5us 0
408 420 50000000000.0 5us 0
408 421 50000000000.0 5us 0
408 422 50000000000.0 5us 0
408 423 50000000000.0 5us 0
408 424 50000000000.0 5us 0
408 425 50000000000.0 5us 0
408 426 50000000000.0 5us 0
408 427 50000000000.0 5us 0
408 428 50000000000.0 5us 0
408 429 50000000000.0 5us 0
408 430 50000000000.0 5us 0
408 431 50000000000.0 5us 0
408 432 50000000000.0 5us 0
408 433 50000000000.0 5us 0
408 434 50000000000.0 5us 0
408 435 50000000000.0 5us 0
408 436 50000000000.0 5us 0
408 437 50000000000.0 5us 0
408 438 50000000000.0 5us 0
408 439 50000000000.0 5us 0
409 420 50000000000.0 5us 0
409 421 50000000000.0 5us 0
409 422 50000000000.0 5us 0
409 423 50000000000.0 5us 0
409 424 50000000000.0 5us 0
409 425 50000000000.0 5us 0
409 426 50000000000.0 5us 0
409 427 50000000000.0 5us 0
409 428 50000000000.0 5us 0
409 429 50000000000.0 5us 0
409 430 50000000000.0 5us 0
409 431 50000000000.0 5us 0
409 432 50000000000.0 5us 0
409 433 50000000000.0 5us 0
409 434 50000000000.0 5us 0
409 435 50000000000.0 5us 0
409 436 50000000000.0 5us 0
409 437 50000000000.0 5us 0
409 438 50000000000.0 5us 0
409 439 50000000000.0 5us 0
410 420 50000000000.0 5us 0
410 421 50000000000.0 5us 0
410 422 50000000000.0 5us 0
410 423 50000000000.0 5us 0
410 424 50000000000.0 5us 0
410 425 50000000000.0 5us 0
410 426 50000000000.0 5us 0
410 427 50000000000.0 5us 0
410 428 50000000000.0 5us 0
410 429 50000000000.0 5us 0
410 430 50000000000.0 5us 0
410 431 50000000000.0 5us 0
410 432 50000000000.0 5us 0
410 433 50000000000.0 5us 0
410 434 50000000000.0 5us 0
410 435 50000000000.0 5us 0
410 436 50000000000.0 5us 0
410 437 50000000000.0 5us 0
410 438 50000000000.0 5us 0
410 439 50000000000.0 5us 0
411 420 50000000000.0 5us 0
411 421 50000000000.0 5us 0
411 422 50000000000.0 5us 0
411 423 50000000000.0 5us 0
411 424 50000000000.0 5us 0
411 425 50000000000.0 5us 0
411 426 50000000000.0 5us 0
411 427 50000000000.0 5us 0
411 428 50000000000.0 5us 0
411 429 50000000000.0 5us 0
411 430 50000000000.0 5us 0
411 431 50000000000.0 5us 0
411 432 50000000000.0 5us 0
411 433 50000000000.0 5us 0
411 434 50000000000.0 5us 0
411 435 50000000000.0 5us 0
411 436 50000000000.0 5us 0
411 437 50000000000.0 5us 0
411 438 50000000000.0 5us 0
411 439 50000000000.0 5us 0
412 420 50000000000.0 5us 0
412 421 50000000000.0 5us 0
412 422 50000000000.0 5us 0
412 423 50000000000.0 5us 0
412 424 50000000000.0 5us 0
412 425 50000000000.0 5us 0
412 426 50000000000.0 5us 0
412 427 50000000000.0 5us 0
412 428 50000000000.0 5us 0
412 429 50000000000.0 5us 0
412 430 50000000000.0 5us 0
412 431 50000000000.0 5us 0
412 432 50000000000.0 5us 0
412 433 50000000000.0 5us 0
412 434 50000000000.0 5us 0
412 435 50000000000.0 5us 0
412 436 50000000000.0 5us 0
412 437 50000000000.0 5us 0
412 438 50000000000.0 5us 0
412 439 50000000000.0 5us 0
413 420 50000000000.0 5us 0
413 421 50000000000.0 5us 0
413 422 50000000000.0 5us 0
413 423 50000000000.0 5us 0
413 424 50000000000.0 5us 0
413 425 50000000000.0 5us 0
413 426 50000000000.0 5us 0
413 427 50000000000.0 5us 0
413 428 50000000000.0 5us 0
413 429 50000000000.0 5us 0
413 430 50000000000.0 5us 0
413 431 50000000000.0 5us 0
413 432 50000000000.0 5us 0
413 433 50000000000.0 5us 0
413 434 50000000000.0 5us 0
413 435 50000000000.0 5us 0
413 436 50000000000.0 5us 0
413 437 50000000000.0 5us 0
413 438 50000000000.0 5us 0
413 439 50000000000.0 5us 0
414 420 50000000000.0 5us 0
414 421 50000000000.0 5us 0
414 422 50000000000.0 5us 0
414 423 50000000000.0 5us 0
414 424 50000000000.0 5us 0
414 425 50000000000.0 5us 0
414 426 50000000000.0 5us 0
414 427 50000000000.0 5us 0
414 428 50000000000.0 5us 0
414 429 50000000000.0 5us 0
414 430 50000000000.0 5us 0
414 431 50000000000.0 5us 0
414 432 50000000000.0 5us 0
414 433 50000000000.0 5us 0
414 434 50000000000.0 5us 0
414 435 50000000000.0 5us 0
414 436 50000000000.0 5us 0
414 437 50000000000.0 5us 0
414 438 50000000000.0 5us 0
414 439 50000000000.0 5us 0
415 420 50000000000.0 5us 0
415 421 50000000000.0 5us 0
415 422 50000000000.0 5us 0
415 423 50000000000.0 5us 0
415 424 50000000000.0 5us 0
415 425 50000000000.0 5us 0
415 426 50000000000.0 5us 0
415 427 50000000000.0 5us 0
415 428 50000000000.0 5us 0
415 429 50000000000.0 5us 0
415 430 50000000000.0 5us 0
415 431 50000000000.0 5us 0
415 432 50000000000.0 5us 0
415 433 50000000000.0 5us 0
415 434 50000000000.0 5us 0
415 435 50000000000.0 5us 0
415 436 50000000000.0 5us 0
415 437 50000000000.0 5us 0
415 438 50000000000.0 5us 0
415 439 50000000000.0 5us 0
416 420 50000000000.0 5us 0
416 421 50000000000.0 5us 0
416 422 50000000000.0 5us 0
416 423 50000000000.0 5us 0
416 424 50000000000.0 5us 0
416 425 50000000000.0 5us 0
416 426 50000000000.0 5us 0
416 427 50000000000.0 5us 0
416 428 50000000000.0 5us 0
416 429 50000000000.0 5us 0
416 430 50000000000.0 5us 0
416 431 50000000000.0 5us 0
416 432 50000000000.0 5us 0
416 433 50000000000.0 5us 0
416 434 50000000000.0 5us 0
416 435 50000000000.0 5us 0
416 436 50000000000.0 5us 0
416 437 50000000000.0 5us 0
416 438 50000000000.0 5us 0
416 439 50000000000.0 5us 0
417 420 50000000000.0 5us 0
417 421 50000000000.0 5us 0
417 422 50000000000.0 5us 0
417 423 50000000000.0 5us 0
417 424 50000000000.0 5us 0
417 425 50000000000.0 5us 0
417 426 50000000000.0 5us 0
417 427 50000000000.0 5us 0
417 428 50000000000.0 5us 0
417 429 50000000000.0 5us 0
417 430 50000000000.0 5us 0
417 431 50000000000.0 5us 0
417 432 50000000000.0 5us 0
417 433 50000000000.0 5us 0
417 434 50000000000.0 5us 0
417 435 50000000000.0 5us 0
417 436 50000000000.0 5us 0
417 437 50000000000.0 5us 0
417 438 50000000000.0 5us 0
417 439 50000000000.0 5us 0
418 420 50000000000.0 5us 0
418 421 50000000000.0 5us 0
418 422 50000000000.0 5us 0
418 423 50000000000.0 5us 0
418 424 50000000000.0 5us 0
418 425 50000000000.0 5us 0
418 426 50000000000.0 5us 0
418 427 50000000000.0 5us 0
418 428 50000000000.0 5us 0
418 429 50000000000.0 5us 0
418 430 50000000000.0 5us 0
418 431 50000000000.0 5us 0
418 432 50000000000.0 5us 0
418 433 50000000000.0 5us 0
418 434 50000000000.0 5us 0
418 435 50000000000.0 5us 0
418 436 50000000000.0 5us 0
418 437 50000000000.0 5us 0
418 438 50000000000.0 5us 0
418 439 50000000000.0 5us 0
419 420 50000000000.0 5us 0
419 421 50000000000.0 5us 0
419 422 50000000000.0 5us 0
419 423 50000000000.0 5us 0
419 424 50000000000.0 5us 0
419 425 50000000000.0 5us 0
419 426 50000000000.0 5us 0
419 427 50000000000.0 5us 0
419 428 50000000000.0 5us 0
419 429 50000000000.0 5us 0
419 430 50000000000.0 5us 0
419 431 50000000000.0 5us 0
419 432 50000000000.0 5us 0
419 433 50000000000.0 5us 0
419 434 50000000000.0 5us 0
419 435 50000000000.0 5us 0
419 436 50000000000.0 5us 0
419 437 50000000000.0 5us 0
419 438 50000000000.0 5us 0
419 439 50000000000.0 5us 0
 