16
3 0 1 103 553430176 0.10337638854980469
4 0 1 104 553430176 0.10192584991455078
5 0 1 105 553430176 0.1067812442779541
6 0 1 106 553430176 0.10238432884216309
7 0 1 107 553430176 0.10191512107849121
8 0 1 108 553430176 0.10335564613342285
9 0 1 109 553430176 0.10671830177307129
10 0 1 110 553430176 0.09950637817382812
11 0 1 111 553430176 0.10280752182006836
12 0 1 112 553430176 0.1051633358001709
13 0 1 113 553430176 0.11690783500671387
14 0 1 114 553430176 0.10422444343566895
15 0 1 115 553430176 0.10199737548828125
16 0 1 116 553430176 0.09987759590148926
17 0 1 117 553430176 0.10050058364868164
18 0 1 118 553430176 0.10477304458618164
