16
3 0 1 103 553430176 0.10180425643920898
4 0 1 104 553430176 0.10080122947692871
5 0 1 105 553430176 0.09802436828613281
6 0 1 106 553430176 0.10126852989196777
7 0 1 107 553430176 0.10182499885559082
8 0 1 108 553430176 0.10134029388427734
9 0 1 109 553430176 0.10175180435180664
10 0 1 110 553430176 0.09775424003601074
11 0 1 111 553430176 0.09871482849121094
12 0 1 112 553430176 0.10055351257324219
13 0 1 113 553430176 0.10180044174194336
14 0 1 114 553430176 0.10184168815612793
15 0 1 115 553430176 0.10219049453735352
16 0 1 116 553430176 0.10115265846252441
17 0 1 117 553430176 0.10503935813903809
18 0 1 118 553430176 0.10155415534973145
