16
3 0 1 103 553430176 0.10447168350219727
4 0 1 104 553430176 0.09812760353088379
5 0 1 105 553430176 0.10133790969848633
6 0 1 106 553430176 0.09848189353942871
7 0 1 107 553430176 0.09946799278259277
8 0 1 108 553430176 0.09785652160644531
9 0 1 109 553430176 0.09774994850158691
10 0 1 110 553430176 0.10232806205749512
11 0 1 111 553430176 0.09868001937866211
12 0 1 112 553430176 0.10149860382080078
13 0 1 113 553430176 0.10217833518981934
14 0 1 114 553430176 0.09770512580871582
15 0 1 115 553430176 0.1023867130279541
16 0 1 116 553430176 0.09807968139648438
17 0 1 117 553430176 0.10616230964660645
18 0 1 118 553430176 0.10131144523620605
