16
3 0 1 103 553430176 0.1038963794708252
4 0 1 104 553430176 0.10371279716491699
5 0 1 105 553430176 0.10163068771362305
6 0 1 106 553430176 0.10178279876708984
7 0 1 107 553430176 0.10190200805664062
8 0 1 108 553430176 0.10150265693664551
9 0 1 109 553430176 0.10374999046325684
10 0 1 110 553430176 0.10152626037597656
11 0 1 111 553430176 0.1015012264251709
12 0 1 112 553430176 0.10593867301940918
13 0 1 113 553430176 0.10287141799926758
14 0 1 114 553430176 0.09589171409606934
15 0 1 115 553430176 0.10135197639465332
16 0 1 116 553430176 0.10692405700683594
17 0 1 117 553430176 0.10567426681518555
18 0 1 118 553430176 0.10681462287902832
