16
3 0 1 103 553430176 0.098724365234375
4 0 1 104 553430176 0.10164403915405273
5 0 1 105 553430176 0.10180783271789551
6 0 1 106 553430176 0.10450887680053711
7 0 1 107 553430176 0.10304665565490723
8 0 1 108 553430176 0.09809231758117676
9 0 1 109 553430176 0.10183858871459961
10 0 1 110 553430176 0.10213160514831543
11 0 1 111 553430176 0.10312318801879883
12 0 1 112 553430176 0.11742019653320312
13 0 1 113 553430176 0.10480642318725586
14 0 1 114 553430176 0.10611772537231445
15 0 1 115 553430176 0.1084742546081543
16 0 1 116 553430176 0.10615801811218262
17 0 1 117 553430176 0.10524892807006836
18 0 1 118 553430176 0.10158872604370117
