16
3 0 1 103 553430176 0.10797476768493652
4 0 1 104 553430176 0.11286234855651855
5 0 1 105 553430176 0.10456538200378418
6 0 1 106 553430176 0.10782885551452637
7 0 1 107 553430176 0.10455703735351562
8 0 1 108 553430176 0.10466837882995605
9 0 1 109 553430176 0.10577535629272461
10 0 1 110 553430176 0.10549020767211914
11 0 1 111 553430176 0.10253787040710449
12 0 1 112 553430176 0.10830473899841309
13 0 1 113 553430176 0.10704803466796875
14 0 1 114 553430176 0.10354089736938477
15 0 1 115 553430176 0.1029970645904541
16 0 1 116 553430176 0.10436129570007324
17 0 1 117 553430176 0.09952545166015625
18 0 1 118 553430176 0.09873008728027344
