16
3 0 1 103 553430176 0.10362792015075684
4 0 1 104 553430176 0.1049799919128418
5 0 1 105 553430176 0.1061546802520752
6 0 1 106 553430176 0.1047353744506836
7 0 1 107 553430176 0.10569190979003906
8 0 1 108 553430176 0.10186147689819336
9 0 1 109 553430176 0.10230374336242676
10 0 1 110 553430176 0.10893654823303223
11 0 1 111 553430176 0.10497784614562988
12 0 1 112 553430176 0.10291647911071777
13 0 1 113 553430176 0.10094475746154785
14 0 1 114 553430176 0.09885859489440918
15 0 1 115 553430176 0.10224485397338867
16 0 1 116 553430176 0.10288500785827637
17 0 1 117 553430176 0.10260248184204102
18 0 1 118 553430176 0.10816025733947754
