16
3 0 1 103 553430176 0.10186767578125
4 0 1 104 553430176 0.09916257858276367
5 0 1 105 553430176 0.10229039192199707
6 0 1 106 553430176 0.10644817352294922
7 0 1 107 553430176 0.09802556037902832
8 0 1 108 553430176 0.09905147552490234
9 0 1 109 553430176 0.10151076316833496
10 0 1 110 553430176 0.10296964645385742
11 0 1 111 553430176 0.09837794303894043
12 0 1 112 553430176 0.1024327278137207
13 0 1 113 553430176 0.10153365135192871
14 0 1 114 553430176 0.10276412963867188
15 0 1 115 553430176 0.10244941711425781
16 0 1 116 553430176 0.10195326805114746
17 0 1 117 553430176 0.09634137153625488
18 0 1 118 553430176 0.10152339935302734
