16
3 0 1 103 553430176 0.10545015335083008
4 0 1 104 553430176 0.10548567771911621
5 0 1 105 553430176 0.10614323616027832
6 0 1 106 553430176 0.10435318946838379
7 0 1 107 553430176 0.1045997142791748
8 0 1 108 553430176 0.10685110092163086
9 0 1 109 553430176 0.10773539543151855
10 0 1 110 553430176 0.10527873039245605
11 0 1 111 553430176 0.10618400573730469
12 0 1 112 553430176 0.1052088737487793
13 0 1 113 553430176 0.10670733451843262
14 0 1 114 553430176 0.10564756393432617
15 0 1 115 553430176 0.1041567325592041
16 0 1 116 553430176 0.10326313972473145
17 0 1 117 553430176 0.1042182445526123
18 0 1 118 553430176 0.10296463966369629
