16
3 0 1 103 553430176 0.10385251045227051
4 0 1 104 553430176 0.10267043113708496
5 0 1 105 553430176 0.10763144493103027
6 0 1 106 553430176 0.10383296012878418
7 0 1 107 553430176 0.10312318801879883
8 0 1 108 553430176 0.10363626480102539
9 0 1 109 553430176 0.09883499145507812
10 0 1 110 553430176 0.10406112670898438
11 0 1 111 553430176 0.10671591758728027
12 0 1 112 553430176 0.10360169410705566
13 0 1 113 553430176 0.10364675521850586
14 0 1 114 553430176 0.10300421714782715
15 0 1 115 553430176 0.10347843170166016
16 0 1 116 553430176 0.09976911544799805
17 0 1 117 553430176 0.10813546180725098
18 0 1 118 553430176 0.10623931884765625
