16
3 0 1 103 553430176 0.10311055183410645
4 0 1 104 553430176 0.10156989097595215
5 0 1 105 553430176 0.09835052490234375
6 0 1 106 553430176 0.10426592826843262
7 0 1 107 553430176 0.10285162925720215
8 0 1 108 553430176 0.10021400451660156
9 0 1 109 553430176 0.09854984283447266
10 0 1 110 553430176 0.10111880302429199
11 0 1 111 553430176 0.10190796852111816
12 0 1 112 553430176 0.10722470283508301
13 0 1 113 553430176 0.10336065292358398
14 0 1 114 553430176 0.10138940811157227
15 0 1 115 553430176 0.10086774826049805
16 0 1 116 553430176 0.10013747215270996
17 0 1 117 553430176 0.1020050048828125
18 0 1 118 553430176 0.0962679386138916
