16
3 0 1 103 553430176 0.10343647003173828
4 0 1 104 553430176 0.10356450080871582
5 0 1 105 553430176 0.10771799087524414
6 0 1 106 553430176 0.1060190200805664
7 0 1 107 553430176 0.10722637176513672
8 0 1 108 553430176 0.10246777534484863
9 0 1 109 553430176 0.10560941696166992
10 0 1 110 553430176 0.10106945037841797
11 0 1 111 553430176 0.1015017032623291
12 0 1 112 553430176 0.10292220115661621
13 0 1 113 553430176 0.10537934303283691
14 0 1 114 553430176 0.10566329956054688
15 0 1 115 553430176 0.10742831230163574
16 0 1 116 553430176 0.10410690307617188
17 0 1 117 553430176 0.10384893417358398
18 0 1 118 553430176 0.10420417785644531
