16
3 0 1 103 553430176 0.1030120849609375
4 0 1 104 553430176 0.09820747375488281
5 0 1 105 553430176 0.10618782043457031
6 0 1 106 553430176 0.10639357566833496
7 0 1 107 553430176 0.1108863353729248
8 0 1 108 553430176 0.10450434684753418
9 0 1 109 553430176 0.09891390800476074
10 0 1 110 553430176 0.10162997245788574
11 0 1 111 553430176 0.09901309013366699
12 0 1 112 553430176 0.10036945343017578
13 0 1 113 553430176 0.1026759147644043
14 0 1 114 553430176 0.09907674789428711
15 0 1 115 553430176 0.1022803783416748
16 0 1 116 553430176 0.1027674674987793
17 0 1 117 553430176 0.09789514541625977
18 0 1 118 553430176 0.10043048858642578
