16
3 0 1 103 553430176 0.10380148887634277
4 0 1 104 553430176 0.11018848419189453
5 0 1 105 553430176 0.10544562339782715
6 0 1 106 553430176 0.10790443420410156
7 0 1 107 553430176 0.1096651554107666
8 0 1 108 553430176 0.10521984100341797
9 0 1 109 553430176 0.10926628112792969
10 0 1 110 553430176 0.10815095901489258
11 0 1 111 553430176 0.10638737678527832
12 0 1 112 553430176 0.1076197624206543
13 0 1 113 553430176 0.10576462745666504
14 0 1 114 553430176 0.1077737808227539
15 0 1 115 553430176 0.1074213981628418
16 0 1 116 553430176 0.10587644577026367
17 0 1 117 553430176 0.10876345634460449
18 0 1 118 553430176 0.10619235038757324
