16
3 0 1 103 553430176 0.10539650917053223
4 0 1 104 553430176 0.10500288009643555
5 0 1 105 553430176 0.10703802108764648
6 0 1 106 553430176 0.10471606254577637
7 0 1 107 553430176 0.10265660285949707
8 0 1 108 553430176 0.10065722465515137
9 0 1 109 553430176 0.09775137901306152
10 0 1 110 553430176 0.09841656684875488
11 0 1 111 553430176 0.0983731746673584
12 0 1 112 553430176 0.10304450988769531
13 0 1 113 553430176 0.10210490226745605
14 0 1 114 553430176 0.09876608848571777
15 0 1 115 553430176 0.09895801544189453
16 0 1 116 553430176 0.10305023193359375
17 0 1 117 553430176 0.10174870491027832
18 0 1 118 553430176 0.10399460792541504
