16
3 0 1 103 553430176 0.10361480712890625
4 0 1 104 553430176 0.09934449195861816
5 0 1 105 553430176 0.10213470458984375
6 0 1 106 553430176 0.10214519500732422
7 0 1 107 553430176 0.10212826728820801
8 0 1 108 553430176 0.10189056396484375
9 0 1 109 553430176 0.10146689414978027
10 0 1 110 553430176 0.10138559341430664
11 0 1 111 553430176 0.10225701332092285
12 0 1 112 553430176 0.10205936431884766
13 0 1 113 553430176 0.1024472713470459
14 0 1 114 553430176 0.10105109214782715
15 0 1 115 553430176 0.09904241561889648
16 0 1 116 553430176 0.10213923454284668
17 0 1 117 553430176 0.10239171981811523
18 0 1 118 553430176 0.10170745849609375
