16
3 0 1 103 553430176 0.0958709716796875
4 0 1 104 553430176 0.09841227531433105
5 0 1 105 553430176 0.09485816955566406
6 0 1 106 553430176 0.0979917049407959
7 0 1 107 553430176 0.09887194633483887
8 0 1 108 553430176 0.09793519973754883
9 0 1 109 553430176 0.0988016128540039
10 0 1 110 553430176 0.102630615234375
11 0 1 111 553430176 0.10209965705871582
12 0 1 112 553430176 0.09907221794128418
13 0 1 113 553430176 0.09488940238952637
14 0 1 114 553430176 0.09887266159057617
15 0 1 115 553430176 0.09752130508422852
16 0 1 116 553430176 0.0976870059967041
17 0 1 117 553430176 0.09794425964355469
18 0 1 118 553430176 0.0989217758178711
