16
3 0 1 103 553430176 0.1040034294128418
4 0 1 104 553430176 0.10790562629699707
5 0 1 105 553430176 0.10396718978881836
6 0 1 106 553430176 0.10843133926391602
7 0 1 107 553430176 0.10756731033325195
8 0 1 108 553430176 0.10489892959594727
9 0 1 109 553430176 0.10515546798706055
10 0 1 110 553430176 0.10481023788452148
11 0 1 111 553430176 0.10506987571716309
12 0 1 112 553430176 0.10320472717285156
13 0 1 113 553430176 0.10529661178588867
14 0 1 114 553430176 0.10490012168884277
15 0 1 115 553430176 0.10940909385681152
16 0 1 116 553430176 0.11494231224060059
17 0 1 117 553430176 0.11033844947814941
18 0 1 118 553430176 0.1047370433807373
