16
3 0 1 103 553430176 0.09967994689941406
4 0 1 104 553430176 0.10272669792175293
5 0 1 105 553430176 0.10240745544433594
6 0 1 106 553430176 0.10275053977966309
7 0 1 107 553430176 0.1019296646118164
8 0 1 108 553430176 0.0997917652130127
9 0 1 109 553430176 0.1016697883605957
10 0 1 110 553430176 0.10165262222290039
11 0 1 111 553430176 0.10097432136535645
12 0 1 112 553430176 0.10101604461669922
13 0 1 113 553430176 0.10284638404846191
14 0 1 114 553430176 0.09921669960021973
15 0 1 115 553430176 0.10230851173400879
16 0 1 116 553430176 0.10056734085083008
17 0 1 117 553430176 0.10242509841918945
18 0 1 118 553430176 0.10130524635314941
