16
3 0 1 103 553430176 0.1065225601196289
4 0 1 104 553430176 0.10570859909057617
5 0 1 105 553430176 0.10599398612976074
6 0 1 106 553430176 0.10574841499328613
7 0 1 107 553430176 0.1072232723236084
8 0 1 108 553430176 0.10642719268798828
9 0 1 109 553430176 0.10602355003356934
10 0 1 110 553430176 0.10200190544128418
11 0 1 111 553430176 0.10200810432434082
12 0 1 112 553430176 0.10082674026489258
13 0 1 113 553430176 0.10161995887756348
14 0 1 114 553430176 0.10094332695007324
15 0 1 115 553430176 0.1020042896270752
16 0 1 116 553430176 0.10529255867004395
17 0 1 117 553430176 0.10109543800354004
18 0 1 118 553430176 0.10206317901611328
