16
3 0 1 103 553430176 0.10789895057678223
4 0 1 104 553430176 0.10300302505493164
5 0 1 105 553430176 0.10336494445800781
6 0 1 106 553430176 0.10536718368530273
7 0 1 107 553430176 0.10519289970397949
8 0 1 108 553430176 0.10631203651428223
9 0 1 109 553430176 0.10432171821594238
10 0 1 110 553430176 0.10427618026733398
11 0 1 111 553430176 0.10599112510681152
12 0 1 112 553430176 0.10184383392333984
13 0 1 113 553430176 0.10159993171691895
14 0 1 114 553430176 0.10207033157348633
15 0 1 115 553430176 0.1022036075592041
16 0 1 116 553430176 0.10191774368286133
17 0 1 117 553430176 0.10286760330200195
18 0 1 118 553430176 0.10199713706970215
