16
3 0 1 103 553430176 0.10421204566955566
4 0 1 104 553430176 0.10642337799072266
5 0 1 105 553430176 0.05784726142883301
6 0 1 106 553430176 0.10230350494384766
7 0 1 107 553430176 0.09949588775634766
8 0 1 108 553430176 0.10172629356384277
9 0 1 109 553430176 0.10138750076293945
10 0 1 110 553430176 0.10205674171447754
11 0 1 111 553430176 0.09899115562438965
12 0 1 112 553430176 0.10738587379455566
13 0 1 113 553430176 0.10508942604064941
14 0 1 114 553430176 0.10760974884033203
15 0 1 115 553430176 0.10875535011291504
16 0 1 116 553430176 0.10603761672973633
17 0 1 117 553430176 0.10216236114501953
18 0 1 118 553430176 0.10267853736877441
