16
3 0 1 103 553430176 0.10183405876159668
4 0 1 104 553430176 0.09802651405334473
5 0 1 105 553430176 0.10236239433288574
6 0 1 106 553430176 0.10188531875610352
7 0 1 107 553430176 0.10251641273498535
8 0 1 108 553430176 0.10209417343139648
9 0 1 109 553430176 0.09828829765319824
10 0 1 110 553430176 0.09915876388549805
11 0 1 111 553430176 0.09865045547485352
12 0 1 112 553430176 0.10189223289489746
13 0 1 113 553430176 0.10217165946960449
14 0 1 114 553430176 0.10235118865966797
15 0 1 115 553430176 0.10216140747070312
16 0 1 116 553430176 0.10237240791320801
17 0 1 117 553430176 0.09874749183654785
18 0 1 118 553430176 0.0992434024810791
