16
3 0 1 103 553430176 0.10531854629516602
4 0 1 104 553430176 0.1029365062713623
5 0 1 105 553430176 0.10260176658630371
6 0 1 106 553430176 0.1026923656463623
7 0 1 107 553430176 0.10453009605407715
8 0 1 108 553430176 0.09938287734985352
9 0 1 109 553430176 0.10190773010253906
10 0 1 110 553430176 0.055670976638793945
11 0 1 111 553430176 0.10230064392089844
12 0 1 112 553430176 0.10210609436035156
13 0 1 113 553430176 0.0985715389251709
14 0 1 114 553430176 0.1018671989440918
15 0 1 115 553430176 0.10245013236999512
16 0 1 116 553430176 0.10163450241088867
17 0 1 117 553430176 0.09891295433044434
18 0 1 118 553430176 0.10499072074890137
