16
3 0 1 103 553430176 0.10350203514099121
4 0 1 104 553430176 0.1038358211517334
5 0 1 105 553430176 0.10383915901184082
6 0 1 106 553430176 0.10353350639343262
7 0 1 107 553430176 0.10429763793945312
8 0 1 108 553430176 0.10390782356262207
9 0 1 109 553430176 0.09909343719482422
10 0 1 110 553430176 0.09957480430603027
11 0 1 111 553430176 0.10731792449951172
12 0 1 112 553430176 0.10269689559936523
13 0 1 113 553430176 0.10333728790283203
14 0 1 114 553430176 0.10289692878723145
15 0 1 115 553430176 0.10305929183959961
16 0 1 116 553430176 0.10266709327697754
17 0 1 117 553430176 0.10010719299316406
18 0 1 118 553430176 0.1038050651550293
