16
3 0 1 103 553430176 0.1095590591430664
4 0 1 104 553430176 0.10503149032592773
5 0 1 105 553430176 0.10467791557312012
6 0 1 106 553430176 0.1043405532836914
7 0 1 107 553430176 0.10633730888366699
8 0 1 108 553430176 0.10558104515075684
9 0 1 109 553430176 0.10577249526977539
10 0 1 110 553430176 0.10719466209411621
11 0 1 111 553430176 0.10622692108154297
12 0 1 112 553430176 0.10446310043334961
13 0 1 113 553430176 0.10486435890197754
14 0 1 114 553430176 0.10622644424438477
15 0 1 115 553430176 0.1020205020904541
16 0 1 116 553430176 0.10209465026855469
17 0 1 117 553430176 0.10630440711975098
18 0 1 118 553430176 0.10146069526672363
