16
3 0 1 103 553430176 0.1040797233581543
4 0 1 104 553430176 0.10545802116394043
5 0 1 105 553430176 0.10631585121154785
6 0 1 106 553430176 0.10781669616699219
7 0 1 107 553430176 0.09661555290222168
8 0 1 108 553430176 0.10497903823852539
9 0 1 109 553430176 0.10491323471069336
10 0 1 110 553430176 0.1044003963470459
11 0 1 111 553430176 0.11037778854370117
12 0 1 112 553430176 0.10913991928100586
13 0 1 113 553430176 0.1066136360168457
14 0 1 114 553430176 0.10156869888305664
15 0 1 115 553430176 0.10927772521972656
16 0 1 116 553430176 0.10478711128234863
17 0 1 117 553430176 0.1056966781616211
18 0 1 118 553430176 0.10097098350524902
