16
3 0 1 103 553430176 0.10538339614868164
4 0 1 104 553430176 0.10508179664611816
5 0 1 105 553430176 0.10727190971374512
6 0 1 106 553430176 0.10409021377563477
7 0 1 107 553430176 0.10560131072998047
8 0 1 108 553430176 0.05452847480773926
9 0 1 109 553430176 0.10569024085998535
10 0 1 110 553430176 0.10401177406311035
11 0 1 111 553430176 0.10672402381896973
12 0 1 112 553430176 0.10626459121704102
13 0 1 113 553430176 0.10661172866821289
14 0 1 114 553430176 0.10298514366149902
15 0 1 115 553430176 0.11019420623779297
16 0 1 116 553430176 0.10664558410644531
17 0 1 117 553430176 0.1075754165649414
18 0 1 118 553430176 0.10519051551818848
