16
3 0 1 103 553430176 0.10739707946777344
4 0 1 104 553430176 0.1026296615600586
5 0 1 105 553430176 0.10102105140686035
6 0 1 106 553430176 0.1030893325805664
7 0 1 107 553430176 0.10508489608764648
8 0 1 108 553430176 0.10242438316345215
9 0 1 109 553430176 0.10665130615234375
10 0 1 110 553430176 0.10312986373901367
11 0 1 111 553430176 0.10806941986083984
12 0 1 112 553430176 0.1065526008605957
13 0 1 113 553430176 0.10234284400939941
14 0 1 114 553430176 0.10589218139648438
15 0 1 115 553430176 0.10412979125976562
16 0 1 116 553430176 0.10777592658996582
17 0 1 117 553430176 0.10519528388977051
18 0 1 118 553430176 0.10826277732849121
