16
3 0 1 103 553430176 0.1044163703918457
4 0 1 104 553430176 0.10412740707397461
5 0 1 105 553430176 0.10310983657836914
6 0 1 106 553430176 0.10253739356994629
7 0 1 107 553430176 0.10466814041137695
8 0 1 108 553430176 0.10423088073730469
9 0 1 109 553430176 0.1054391860961914
10 0 1 110 553430176 0.10242319107055664
11 0 1 111 553430176 0.1043100357055664
12 0 1 112 553430176 0.10230255126953125
13 0 1 113 553430176 0.6842300891876221
14 0 1 114 553430176 0.11936688423156738
15 0 1 115 553430176 0.14522647857666016
16 0 1 116 553430176 0.12547945976257324
17 0 1 117 553430176 0.11412882804870605
18 0 1 118 553430176 0.1069803237915039
