16
3 0 1 103 553430176 0.0978846549987793
4 0 1 104 553430176 0.10463929176330566
5 0 1 105 553430176 0.10154199600219727
6 0 1 106 553430176 0.10537242889404297
7 0 1 107 553430176 0.10456228256225586
8 0 1 108 553430176 0.10283160209655762
9 0 1 109 553430176 0.10628390312194824
10 0 1 110 553430176 0.10335493087768555
11 0 1 111 553430176 0.10499930381774902
12 0 1 112 553430176 0.10210585594177246
13 0 1 113 553430176 0.09842371940612793
14 0 1 114 553430176 0.10225987434387207
15 0 1 115 553430176 0.09772944450378418
16 0 1 116 553430176 0.0989995002746582
17 0 1 117 553430176 0.10244560241699219
18 0 1 118 553430176 0.09886026382446289
