16
3 0 1 103 553430176 0.09811997413635254
4 0 1 104 553430176 0.10244345664978027
5 0 1 105 553430176 0.0947563648223877
6 0 1 106 553430176 0.09877276420593262
7 0 1 107 553430176 0.09469032287597656
8 0 1 108 553430176 0.09496140480041504
9 0 1 109 553430176 0.0985860824584961
10 0 1 110 553430176 0.09934139251708984
11 0 1 111 553430176 0.09789013862609863
12 0 1 112 553430176 0.09812569618225098
13 0 1 113 553430176 0.09851598739624023
14 0 1 114 553430176 0.09873318672180176
15 0 1 115 553430176 0.09879827499389648
16 0 1 116 553430176 0.09894108772277832
17 0 1 117 553430176 0.09792637825012207
18 0 1 118 553430176 0.10094213485717773
