16
3 0 1 103 553430176 0.10518336296081543
4 0 1 104 553430176 0.10252094268798828
5 0 1 105 553430176 0.10475897789001465
6 0 1 106 553430176 0.10353803634643555
7 0 1 107 553430176 0.10438418388366699
8 0 1 108 553430176 0.10265445709228516
9 0 1 109 553430176 0.10190439224243164
10 0 1 110 553430176 0.10166501998901367
11 0 1 111 553430176 0.09875965118408203
12 0 1 112 553430176 0.09873580932617188
13 0 1 113 553430176 0.10195446014404297
14 0 1 114 553430176 0.10216259956359863
15 0 1 115 553430176 0.10147547721862793
16 0 1 116 553430176 0.10585880279541016
17 0 1 117 553430176 0.09859251976013184
18 0 1 118 553430176 0.10163235664367676
