16
3 0 1 103 553430176 0.09482455253601074
4 0 1 104 553430176 0.0960237979888916
5 0 1 105 553430176 0.09736275672912598
6 0 1 106 553430176 0.055976152420043945
7 0 1 107 553430176 0.10486030578613281
8 0 1 108 553430176 0.09922099113464355
9 0 1 109 553430176 0.09531879425048828
10 0 1 110 553430176 0.10252857208251953
11 0 1 111 553430176 0.09461808204650879
12 0 1 112 553430176 0.09879446029663086
13 0 1 113 553430176 0.09830975532531738
14 0 1 114 553430176 0.060903310775756836
15 0 1 115 553430176 0.11985230445861816
16 0 1 116 553430176 0.14240527153015137
17 0 1 117 553430176 0.12054681777954102
18 0 1 118 553430176 0.10474491119384766
