16
3 0 1 103 553430176 0.09592890739440918
4 0 1 104 553430176 0.0982046127319336
5 0 1 105 553430176 0.10322952270507812
6 0 1 106 553430176 0.09811067581176758
7 0 1 107 553430176 0.10742306709289551
8 0 1 108 553430176 0.10265994071960449
9 0 1 109 553430176 0.10211467742919922
10 0 1 110 553430176 0.09795403480529785
11 0 1 111 553430176 0.10286736488342285
12 0 1 112 553430176 0.10219788551330566
13 0 1 113 553430176 0.09837722778320312
14 0 1 114 553430176 0.09448003768920898
15 0 1 115 553430176 0.09572458267211914
16 0 1 116 553430176 0.09741544723510742
17 0 1 117 553430176 0.09797406196594238
18 0 1 118 553430176 0.10096240043640137
