16
3 0 1 103 553430176 0.10305976867675781
4 0 1 104 553430176 0.10171627998352051
5 0 1 105 553430176 0.10240626335144043
6 0 1 106 553430176 0.10377907752990723
7 0 1 107 553430176 0.09938716888427734
8 0 1 108 553430176 0.10100173950195312
9 0 1 109 553430176 0.10466742515563965
10 0 1 110 553430176 0.10256767272949219
11 0 1 111 553430176 0.10567235946655273
12 0 1 112 553430176 0.09855842590332031
13 0 1 113 553430176 0.10879325866699219
14 0 1 114 553430176 0.10570263862609863
15 0 1 115 553430176 0.10629844665527344
16 0 1 116 553430176 0.1049957275390625
17 0 1 117 553430176 0.10616827011108398
18 0 1 118 553430176 0.10730934143066406
