16
3 0 1 103 553430176 0.09796524047851562
4 0 1 104 553430176 0.10809803009033203
5 0 1 105 553430176 0.11143875122070312
6 0 1 106 553430176 0.10288500785827637
7 0 1 107 553430176 0.09762191772460938
8 0 1 108 553430176 0.0950937271118164
9 0 1 109 553430176 0.09830689430236816
10 0 1 110 553430176 0.09888410568237305
11 0 1 111 553430176 0.09822630882263184
12 0 1 112 553430176 0.0984044075012207
13 0 1 113 553430176 0.09462213516235352
14 0 1 114 553430176 0.0981898307800293
15 0 1 115 553430176 0.10057759284973145
16 0 1 116 553430176 0.09597921371459961
17 0 1 117 553430176 0.09543848037719727
18 0 1 118 553430176 0.10407471656799316
