16
3 0 1 103 553430176 0.10453248023986816
4 0 1 104 553430176 0.10163354873657227
5 0 1 105 553430176 0.09836983680725098
6 0 1 106 553430176 0.1020965576171875
7 0 1 107 553430176 0.1050567626953125
8 0 1 108 553430176 0.09873604774475098
9 0 1 109 553430176 0.10577940940856934
10 0 1 110 553430176 0.10483169555664062
11 0 1 111 553430176 0.1012272834777832
12 0 1 112 553430176 0.09881806373596191
13 0 1 113 553430176 0.06814289093017578
14 0 1 114 553430176 0.1591320037841797
15 0 1 115 553430176 0.13466286659240723
16 0 1 116 553430176 0.13216471672058105
17 0 1 117 553430176 0.10887265205383301
18 0 1 118 553430176 0.10745358467102051
