16
3 0 1 103 553430176 0.09791302680969238
4 0 1 104 553430176 0.09839248657226562
5 0 1 105 553430176 0.09810090065002441
6 0 1 106 553430176 0.09882807731628418
7 0 1 107 553430176 0.0957486629486084
8 0 1 108 553430176 0.09892773628234863
9 0 1 109 553430176 0.09763288497924805
10 0 1 110 553430176 0.09494853019714355
11 0 1 111 553430176 0.09900999069213867
12 0 1 112 553430176 0.0984640121459961
13 0 1 113 553430176 0.09553122520446777
14 0 1 114 553430176 0.09712076187133789
15 0 1 115 553430176 0.10587048530578613
16 0 1 116 553430176 0.11016416549682617
17 0 1 117 553430176 0.10251235961914062
18 0 1 118 553430176 0.09911727905273438
