16
3 0 1 103 553430176 0.10623502731323242
4 0 1 104 553430176 0.09891748428344727
5 0 1 105 553430176 0.10232138633728027
6 0 1 106 553430176 0.1017606258392334
7 0 1 107 553430176 0.10237979888916016
8 0 1 108 553430176 0.0996544361114502
9 0 1 109 553430176 0.10174059867858887
10 0 1 110 553430176 0.10330677032470703
11 0 1 111 553430176 0.0980222225189209
12 0 1 112 553430176 0.10269355773925781
13 0 1 113 553430176 0.10457491874694824
14 0 1 114 553430176 0.09962701797485352
15 0 1 115 553430176 0.10321879386901855
16 0 1 116 553430176 0.09837865829467773
17 0 1 117 553430176 0.10268259048461914
18 0 1 118 553430176 0.10864758491516113
