16
3 0 1 103 553430176 0.09200668334960938
4 0 1 104 553430176 0.10616040229797363
5 0 1 105 553430176 0.10164189338684082
6 0 1 106 553430176 0.10161256790161133
7 0 1 107 553430176 0.09870600700378418
8 0 1 108 553430176 0.0995321273803711
9 0 1 109 553430176 0.09873437881469727
10 0 1 110 553430176 0.10270833969116211
11 0 1 111 553430176 0.10196137428283691
12 0 1 112 553430176 0.10231208801269531
13 0 1 113 553430176 0.09890580177307129
14 0 1 114 553430176 0.1025228500366211
15 0 1 115 553430176 0.10212540626525879
16 0 1 116 553430176 0.05626344680786133
17 0 1 117 553430176 0.10523486137390137
18 0 1 118 553430176 0.1037452220916748
