16
3 0 1 103 553430176 0.10897994041442871
4 0 1 104 553430176 0.10662174224853516
5 0 1 105 553430176 0.11008906364440918
6 0 1 106 553430176 0.10724544525146484
7 0 1 107 553430176 0.10716652870178223
8 0 1 108 553430176 0.09507346153259277
9 0 1 109 553430176 0.09981536865234375
10 0 1 110 553430176 0.1020665168762207
11 0 1 111 553430176 0.09835624694824219
12 0 1 112 553430176 0.09503555297851562
13 0 1 113 553430176 0.10025787353515625
14 0 1 114 553430176 0.10740256309509277
15 0 1 115 553430176 0.10509228706359863
16 0 1 116 553430176 0.1060793399810791
17 0 1 117 553430176 0.10014915466308594
18 0 1 118 553430176 0.10334587097167969
