16
3 0 1 103 553430176 0.09885573387145996
4 0 1 104 553430176 0.10235047340393066
5 0 1 105 553430176 0.10248446464538574
6 0 1 106 553430176 0.10037446022033691
7 0 1 107 553430176 0.09891915321350098
8 0 1 108 553430176 0.10143876075744629
9 0 1 109 553430176 0.09792256355285645
10 0 1 110 553430176 0.09840250015258789
11 0 1 111 553430176 0.10203266143798828
12 0 1 112 553430176 0.09606027603149414
13 0 1 113 553430176 0.10164308547973633
14 0 1 114 553430176 0.09771728515625
15 0 1 115 553430176 0.10188007354736328
16 0 1 116 553430176 0.09776806831359863
17 0 1 117 553430176 0.10207891464233398
18 0 1 118 553430176 0.09909439086914062
