16
3 0 1 103 553430176 0.10102343559265137
4 0 1 104 553430176 0.10178565979003906
5 0 1 105 553430176 0.09946703910827637
6 0 1 106 553430176 0.10636210441589355
7 0 1 107 553430176 0.10509943962097168
8 0 1 108 553430176 0.10201096534729004
9 0 1 109 553430176 0.10674500465393066
10 0 1 110 553430176 0.10323619842529297
11 0 1 111 553430176 0.10293745994567871
12 0 1 112 553430176 0.10330033302307129
13 0 1 113 553430176 0.10506701469421387
14 0 1 114 553430176 0.10392355918884277
15 0 1 115 553430176 0.10408449172973633
16 0 1 116 553430176 0.1051788330078125
17 0 1 117 553430176 0.10763430595397949
18 0 1 118 553430176 0.10644984245300293
