16
3 0 1 103 553430176 0.10578298568725586
4 0 1 104 553430176 0.10123944282531738
5 0 1 105 553430176 0.10166072845458984
6 0 1 106 553430176 0.10137295722961426
7 0 1 107 553430176 0.09933924674987793
8 0 1 108 553430176 0.09926223754882812
9 0 1 109 553430176 0.09816145896911621
10 0 1 110 553430176 0.10236406326293945
11 0 1 111 553430176 0.10180020332336426
12 0 1 112 553430176 0.09867095947265625
13 0 1 113 553430176 0.10265588760375977
14 0 1 114 553430176 0.09913825988769531
15 0 1 115 553430176 0.10284852981567383
16 0 1 116 553430176 0.10201430320739746
17 0 1 117 553430176 0.09834432601928711
18 0 1 118 553430176 0.10497331619262695
