16
3 0 1 103 553430176 0.10520195960998535
4 0 1 104 553430176 0.10711169242858887
5 0 1 105 553430176 0.10575389862060547
6 0 1 106 553430176 0.10513424873352051
7 0 1 107 553430176 0.1066277027130127
8 0 1 108 553430176 0.10473299026489258
9 0 1 109 553430176 0.10616087913513184
10 0 1 110 553430176 0.10549449920654297
11 0 1 111 553430176 0.10549044609069824
12 0 1 112 553430176 0.10708189010620117
13 0 1 113 553430176 0.10564088821411133
14 0 1 114 553430176 0.09646844863891602
15 0 1 115 553430176 0.10668230056762695
16 0 1 116 553430176 0.10573816299438477
17 0 1 117 553430176 0.10705375671386719
18 0 1 118 553430176 0.10794687271118164
