16
3 0 1 103 553430176 0.10468101501464844
4 0 1 104 553430176 0.10158157348632812
5 0 1 105 553430176 0.10815739631652832
6 0 1 106 553430176 0.10104584693908691
7 0 1 107 553430176 0.10228872299194336
8 0 1 108 553430176 0.10182929039001465
9 0 1 109 553430176 0.1089327335357666
10 0 1 110 553430176 0.10260653495788574
11 0 1 111 553430176 0.10401225090026855
12 0 1 112 553430176 0.10603022575378418
13 0 1 113 553430176 0.10842585563659668
14 0 1 114 553430176 0.10353732109069824
15 0 1 115 553430176 0.1037290096282959
16 0 1 116 553430176 0.10563302040100098
17 0 1 117 553430176 0.1075737476348877
18 0 1 118 553430176 0.10164093971252441
