16
3 0 1 103 553430176 0.1044626235961914
4 0 1 104 553430176 0.10551333427429199
5 0 1 105 553430176 0.10806608200073242
6 0 1 106 553430176 0.10102343559265137
7 0 1 107 553430176 0.10354113578796387
8 0 1 108 553430176 0.10514259338378906
9 0 1 109 553430176 0.10626721382141113
10 0 1 110 553430176 0.10743355751037598
11 0 1 111 553430176 0.10523319244384766
12 0 1 112 553430176 0.10237002372741699
13 0 1 113 553430176 0.10332822799682617
14 0 1 114 553430176 0.10280108451843262
15 0 1 115 553430176 0.09913754463195801
16 0 1 116 553430176 0.0992879867553711
17 0 1 117 553430176 0.10224461555480957
18 0 1 118 553430176 0.10758066177368164
