16
3 0 1 103 553430176 0.10585355758666992
4 0 1 104 553430176 0.10460448265075684
5 0 1 105 553430176 0.10633611679077148
6 0 1 106 553430176 0.11712837219238281
7 0 1 107 553430176 0.10720252990722656
8 0 1 108 553430176 0.10611987113952637
9 0 1 109 553430176 0.10461616516113281
10 0 1 110 553430176 0.0934910774230957
11 0 1 111 553430176 0.09905290603637695
12 0 1 112 553430176 0.09869837760925293
13 0 1 113 553430176 0.09772086143493652
14 0 1 114 553430176 0.10414409637451172
15 0 1 115 553430176 0.09827804565429688
16 0 1 116 553430176 0.09784364700317383
17 0 1 117 553430176 0.09861588478088379
18 0 1 118 553430176 0.09850001335144043
