16
3 0 1 103 553430176 0.10597634315490723
4 0 1 104 553430176 0.10551667213439941
5 0 1 105 553430176 0.1053016185760498
6 0 1 106 553430176 0.10659098625183105
7 0 1 107 553430176 0.10281896591186523
8 0 1 108 553430176 0.1030735969543457
9 0 1 109 553430176 0.10266709327697754
10 0 1 110 553430176 0.10271167755126953
11 0 1 111 553430176 0.09874987602233887
12 0 1 112 553430176 0.1020667552947998
13 0 1 113 553430176 0.10215258598327637
14 0 1 114 553430176 0.102020263671875
15 0 1 115 553430176 0.10806465148925781
16 0 1 116 553430176 0.10891246795654297
17 0 1 117 553430176 0.11072230339050293
18 0 1 118 553430176 0.10857534408569336
