16
3 0 1 103 553430176 0.1047971248626709
4 0 1 104 553430176 0.10570573806762695
5 0 1 105 553430176 0.10564994812011719
6 0 1 106 553430176 0.10674762725830078
7 0 1 107 553430176 0.10417699813842773
8 0 1 108 553430176 0.09862399101257324
9 0 1 109 553430176 0.10230636596679688
10 0 1 110 553430176 0.11115264892578125
11 0 1 111 553430176 0.11095929145812988
12 0 1 112 553430176 0.10799121856689453
13 0 1 113 553430176 0.10228419303894043
14 0 1 114 553430176 0.10611224174499512
15 0 1 115 553430176 0.10479474067687988
16 0 1 116 553430176 0.10174393653869629
17 0 1 117 553430176 0.10264396667480469
18 0 1 118 553430176 0.10511374473571777
