16
3 0 1 103 553430176 0.10235047340393066
4 0 1 104 553430176 0.10573863983154297
5 0 1 105 553430176 0.10157155990600586
6 0 1 106 553430176 0.10517287254333496
7 0 1 107 553430176 0.1037907600402832
8 0 1 108 553430176 0.10278677940368652
9 0 1 109 553430176 0.10201692581176758
10 0 1 110 553430176 0.10258269309997559
11 0 1 111 553430176 0.10089778900146484
12 0 1 112 553430176 0.10244059562683105
13 0 1 113 553430176 0.09805655479431152
14 0 1 114 553430176 0.10277748107910156
15 0 1 115 553430176 0.1013479232788086
16 0 1 116 553430176 0.10315585136413574
17 0 1 117 553430176 0.09599804878234863
18 0 1 118 553430176 0.10196280479431152
