16
3 0 1 103 553430176 0.10356736183166504
4 0 1 104 553430176 0.10499024391174316
5 0 1 105 553430176 0.10398602485656738
6 0 1 106 553430176 0.10492181777954102
7 0 1 107 553430176 0.1054372787475586
8 0 1 108 553430176 0.1046285629272461
9 0 1 109 553430176 0.1018524169921875
10 0 1 110 553430176 0.10365986824035645
11 0 1 111 553430176 0.1092827320098877
12 0 1 112 553430176 0.10472989082336426
13 0 1 113 553430176 0.09816646575927734
14 0 1 114 553430176 0.09754753112792969
15 0 1 115 553430176 0.10369706153869629
16 0 1 116 553430176 0.054973602294921875
17 0 1 117 553430176 0.10524415969848633
18 0 1 118 553430176 0.10479259490966797
