16
3 0 1 103 553430176 0.09956955909729004
4 0 1 104 553430176 0.10526299476623535
5 0 1 105 553430176 0.10743570327758789
6 0 1 106 553430176 0.10971283912658691
7 0 1 107 553430176 0.10647845268249512
8 0 1 108 553430176 0.10642480850219727
9 0 1 109 553430176 0.10005569458007812
10 0 1 110 553430176 0.09866476058959961
11 0 1 111 553430176 0.09514117240905762
12 0 1 112 553430176 0.10280084609985352
13 0 1 113 553430176 0.10273981094360352
14 0 1 114 553430176 0.10185885429382324
15 0 1 115 553430176 0.10275816917419434
16 0 1 116 553430176 0.10383033752441406
17 0 1 117 553430176 0.09960246086120605
18 0 1 118 553430176 0.10015463829040527
