16
3 0 1 103 553430176 0.10372257232666016
4 0 1 104 553430176 0.10245704650878906
5 0 1 105 553430176 0.10828995704650879
6 0 1 106 553430176 0.10468244552612305
7 0 1 107 553430176 0.1042778491973877
8 0 1 108 553430176 0.10385656356811523
9 0 1 109 553430176 0.10508298873901367
10 0 1 110 553430176 0.10920333862304688
11 0 1 111 553430176 0.10656285285949707
12 0 1 112 553430176 0.10331034660339355
13 0 1 113 553430176 0.1027226448059082
14 0 1 114 553430176 0.10697197914123535
15 0 1 115 553430176 0.10181045532226562
16 0 1 116 553430176 0.10547542572021484
17 0 1 117 553430176 0.10473823547363281
18 0 1 118 553430176 0.10220861434936523
