16
3 0 1 103 553430176 0.0993797779083252
4 0 1 104 553430176 0.09577775001525879
5 0 1 105 553430176 0.09856295585632324
6 0 1 106 553430176 0.10215044021606445
7 0 1 107 553430176 0.0989828109741211
8 0 1 108 553430176 0.0993351936340332
9 0 1 109 553430176 0.09879255294799805
10 0 1 110 553430176 0.10288262367248535
11 0 1 111 553430176 0.10143470764160156
12 0 1 112 553430176 0.09817910194396973
13 0 1 113 553430176 0.10291218757629395
14 0 1 114 553430176 0.0986776351928711
15 0 1 115 553430176 0.09909510612487793
16 0 1 116 553430176 0.09609293937683105
17 0 1 117 553430176 0.09877657890319824
18 0 1 118 553430176 0.09809994697570801
