16
3 0 1 103 553430176 0.10673952102661133
4 0 1 104 553430176 0.10430073738098145
5 0 1 105 553430176 0.10540056228637695
6 0 1 106 553430176 0.1061105728149414
7 0 1 107 553430176 0.1059420108795166
8 0 1 108 553430176 0.10627508163452148
9 0 1 109 553430176 0.10814905166625977
10 0 1 110 553430176 0.09822392463684082
11 0 1 111 553430176 0.10384058952331543
12 0 1 112 553430176 0.10137462615966797
13 0 1 113 553430176 0.09825563430786133
14 0 1 114 553430176 0.0977025032043457
15 0 1 115 553430176 0.10476517677307129
16 0 1 116 553430176 0.10123562812805176
17 0 1 117 553430176 0.10441446304321289
18 0 1 118 553430176 0.09883999824523926
