16
3 0 1 103 553430176 0.09927105903625488
4 0 1 104 553430176 0.10754728317260742
5 0 1 105 553430176 0.10669326782226562
6 0 1 106 553430176 0.10577559471130371
7 0 1 107 553430176 0.10278606414794922
8 0 1 108 553430176 0.10132884979248047
9 0 1 109 553430176 0.10680913925170898
10 0 1 110 553430176 0.10283541679382324
11 0 1 111 553430176 0.1030879020690918
12 0 1 112 553430176 0.10285568237304688
13 0 1 113 553430176 0.10413289070129395
14 0 1 114 553430176 0.10384726524353027
15 0 1 115 553430176 0.10786843299865723
16 0 1 116 553430176 0.10233759880065918
17 0 1 117 553430176 0.10558009147644043
18 0 1 118 553430176 0.10110044479370117
