16
3 0 1 103 553430176 0.10256695747375488
4 0 1 104 553430176 0.09634232521057129
5 0 1 105 553430176 0.09742259979248047
6 0 1 106 553430176 0.09543633460998535
7 0 1 107 553430176 0.11222505569458008
8 0 1 108 553430176 0.10404205322265625
9 0 1 109 553430176 0.10555028915405273
10 0 1 110 553430176 0.10509276390075684
11 0 1 111 553430176 0.0972747802734375
12 0 1 112 553430176 0.09829306602478027
13 0 1 113 553430176 0.0979456901550293
14 0 1 114 553430176 0.09915661811828613
15 0 1 115 553430176 0.10338139533996582
16 0 1 116 553430176 0.1042020320892334
17 0 1 117 553430176 0.09671902656555176
18 0 1 118 553430176 0.0982213020324707
