16
3 0 1 103 553430176 0.10625290870666504
4 0 1 104 553430176 0.10329651832580566
5 0 1 105 553430176 0.12273526191711426
6 0 1 106 553430176 0.10218572616577148
7 0 1 107 553430176 0.1013643741607666
8 0 1 108 553430176 0.10124611854553223
9 0 1 109 553430176 0.10355949401855469
10 0 1 110 553430176 0.10269331932067871
11 0 1 111 553430176 0.10513687133789062
12 0 1 112 553430176 0.10333418846130371
13 0 1 113 553430176 0.1035010814666748
14 0 1 114 553430176 0.10636305809020996
15 0 1 115 553430176 0.10009574890136719
16 0 1 116 553430176 0.10601615905761719
17 0 1 117 553430176 0.10249042510986328
18 0 1 118 553430176 0.10489726066589355
