16
3 0 1 103 553430176 0.10713696479797363
4 0 1 104 553430176 0.10194277763366699
5 0 1 105 553430176 0.09899377822875977
6 0 1 106 553430176 0.10295748710632324
7 0 1 107 553430176 0.09956073760986328
8 0 1 108 553430176 0.10637068748474121
9 0 1 109 553430176 0.10334348678588867
10 0 1 110 553430176 0.1043539047241211
11 0 1 111 553430176 0.1027059555053711
12 0 1 112 553430176 0.10475301742553711
13 0 1 113 553430176 0.10508894920349121
14 0 1 114 553430176 0.10343313217163086
15 0 1 115 553430176 0.1053621768951416
16 0 1 116 553430176 0.10277223587036133
17 0 1 117 553430176 0.10162186622619629
18 0 1 118 553430176 0.10220217704772949
