16
3 0 1 103 553430176 0.10157251358032227
4 0 1 104 553430176 0.10109853744506836
5 0 1 105 553430176 0.10469913482666016
6 0 1 106 553430176 0.10509681701660156
7 0 1 107 553430176 0.10839104652404785
8 0 1 108 553430176 0.1019599437713623
9 0 1 109 553430176 0.10699868202209473
10 0 1 110 553430176 0.10040664672851562
11 0 1 111 553430176 0.10763406753540039
12 0 1 112 553430176 0.10098505020141602
13 0 1 113 553430176 0.11000299453735352
14 0 1 114 553430176 0.10053801536560059
15 0 1 115 553430176 0.1023552417755127
16 0 1 116 553430176 0.10811519622802734
17 0 1 117 553430176 0.10679483413696289
18 0 1 118 553430176 0.10136198997497559
