16
3 0 1 103 553430176 0.10343623161315918
4 0 1 104 553430176 0.10348796844482422
5 0 1 105 553430176 0.10282468795776367
6 0 1 106 553430176 0.10218667984008789
7 0 1 107 553430176 0.10237956047058105
8 0 1 108 553430176 0.10389351844787598
9 0 1 109 553430176 0.10683131217956543
10 0 1 110 553430176 0.10158228874206543
11 0 1 111 553430176 0.10526633262634277
12 0 1 112 553430176 0.10244941711425781
13 0 1 113 553430176 0.10309791564941406
14 0 1 114 553430176 0.10536694526672363
15 0 1 115 553430176 0.10364556312561035
16 0 1 116 553430176 0.10247802734375
17 0 1 117 553430176 0.10321998596191406
18 0 1 118 553430176 0.11241865158081055
