16
3 0 1 103 553430176 0.09466743469238281
4 0 1 104 553430176 0.09579658508300781
5 0 1 105 553430176 0.09918975830078125
6 0 1 106 553430176 0.09492087364196777
7 0 1 107 553430176 0.09608602523803711
8 0 1 108 553430176 0.09774518013000488
9 0 1 109 553430176 0.09908127784729004
10 0 1 110 553430176 0.09928107261657715
11 0 1 111 553430176 0.09812164306640625
12 0 1 112 553430176 0.09879755973815918
13 0 1 113 553430176 0.09557104110717773
14 0 1 114 553430176 0.09808349609375
15 0 1 115 553430176 0.09491300582885742
16 0 1 116 553430176 0.09532356262207031
17 0 1 117 553430176 0.09873390197753906
18 0 1 118 553430176 0.09540796279907227
