16
3 0 1 103 553430176 0.10190081596374512
4 0 1 104 553430176 0.09781742095947266
5 0 1 105 553430176 0.1016998291015625
6 0 1 106 553430176 0.10312628746032715
7 0 1 107 553430176 0.10209035873413086
8 0 1 108 553430176 0.0985558032989502
9 0 1 109 553430176 0.10641813278198242
10 0 1 110 553430176 0.10352087020874023
11 0 1 111 553430176 0.10293769836425781
12 0 1 112 553430176 0.10349440574645996
13 0 1 113 553430176 0.10463595390319824
14 0 1 114 553430176 0.1011648178100586
15 0 1 115 553430176 0.10184478759765625
16 0 1 116 553430176 0.10147976875305176
17 0 1 117 553430176 0.09908866882324219
18 0 1 118 553430176 0.10153794288635254
