16
3 0 1 103 553430176 0.10168933868408203
4 0 1 104 553430176 0.1041860580444336
5 0 1 105 553430176 0.10188794136047363
6 0 1 106 553430176 0.10357546806335449
7 0 1 107 553430176 0.10510921478271484
8 0 1 108 553430176 0.10434556007385254
9 0 1 109 553430176 0.10191035270690918
10 0 1 110 553430176 0.10547327995300293
11 0 1 111 553430176 0.1015620231628418
12 0 1 112 553430176 0.1019129753112793
13 0 1 113 553430176 0.10570216178894043
14 0 1 114 553430176 0.09489321708679199
15 0 1 115 553430176 0.09885764122009277
16 0 1 116 553430176 0.09838461875915527
17 0 1 117 553430176 0.10341358184814453
18 0 1 118 553430176 0.09816360473632812
