16
3 0 1 103 553430176 0.10014009475708008
4 0 1 104 553430176 0.10156536102294922
5 0 1 105 553430176 0.10155153274536133
6 0 1 106 553430176 0.10517764091491699
7 0 1 107 553430176 0.10302305221557617
8 0 1 108 553430176 0.10360860824584961
9 0 1 109 553430176 0.10536789894104004
10 0 1 110 553430176 0.10171055793762207
11 0 1 111 553430176 0.10028982162475586
12 0 1 112 553430176 0.10867667198181152
13 0 1 113 553430176 0.10576415061950684
14 0 1 114 553430176 0.10007071495056152
15 0 1 115 553430176 0.10484099388122559
16 0 1 116 553430176 0.10801529884338379
17 0 1 117 553430176 0.058623313903808594
18 0 1 118 553430176 0.10571527481079102
