16
3 0 1 103 553430176 0.10321640968322754
4 0 1 104 553430176 0.1042795181274414
5 0 1 105 553430176 0.11084294319152832
6 0 1 106 553430176 0.11662602424621582
7 0 1 107 553430176 0.10670089721679688
8 0 1 108 553430176 0.11002945899963379
9 0 1 109 553430176 0.1044013500213623
10 0 1 110 553430176 0.11364865303039551
11 0 1 111 553430176 0.11387944221496582
12 0 1 112 553430176 0.10943388938903809
13 0 1 113 553430176 0.10721039772033691
14 0 1 114 553430176 0.1045689582824707
15 0 1 115 553430176 0.10366511344909668
16 0 1 116 553430176 0.10390138626098633
17 0 1 117 553430176 0.10283398628234863
18 0 1 118 553430176 0.10763406753540039
