16
3 0 1 103 553430176 0.10255956649780273
4 0 1 104 553430176 0.10252737998962402
5 0 1 105 553430176 0.10276079177856445
6 0 1 106 553430176 0.09904360771179199
7 0 1 107 553430176 0.10180473327636719
8 0 1 108 553430176 0.0983133316040039
9 0 1 109 553430176 0.1024317741394043
10 0 1 110 553430176 0.10210251808166504
11 0 1 111 553430176 0.10256576538085938
12 0 1 112 553430176 0.10216975212097168
13 0 1 113 553430176 0.10255193710327148
14 0 1 114 553430176 0.09574246406555176
15 0 1 115 553430176 0.10176539421081543
16 0 1 116 553430176 0.10268211364746094
17 0 1 117 553430176 0.10181570053100586
18 0 1 118 553430176 0.10246539115905762
