16
3 0 1 103 553430176 0.10225224494934082
4 0 1 104 553430176 0.10598254203796387
5 0 1 105 553430176 0.10208678245544434
6 0 1 106 553430176 0.10245084762573242
7 0 1 107 553430176 0.10212850570678711
8 0 1 108 553430176 0.10222530364990234
9 0 1 109 553430176 0.10241866111755371
10 0 1 110 553430176 0.10556817054748535
11 0 1 111 553430176 0.11176681518554688
12 0 1 112 553430176 0.1087028980255127
13 0 1 113 553430176 0.10242414474487305
14 0 1 114 553430176 0.10593175888061523
15 0 1 115 553430176 0.10381531715393066
16 0 1 116 553430176 0.10343670845031738
17 0 1 117 553430176 0.10602426528930664
18 0 1 118 553430176 0.09894371032714844
