16
3 0 1 103 553430176 0.10260319709777832
4 0 1 104 553430176 0.1037454605102539
5 0 1 105 553430176 0.10339474678039551
6 0 1 106 553430176 0.10249781608581543
7 0 1 107 553430176 0.10333395004272461
8 0 1 108 553430176 0.10636496543884277
9 0 1 109 553430176 0.10357427597045898
10 0 1 110 553430176 0.1090233325958252
11 0 1 111 553430176 0.10441970825195312
12 0 1 112 553430176 0.10711836814880371
13 0 1 113 553430176 0.10839390754699707
14 0 1 114 553430176 0.10379719734191895
15 0 1 115 553430176 0.10313820838928223
16 0 1 116 553430176 0.10297417640686035
17 0 1 117 553430176 0.10414862632751465
18 0 1 118 553430176 0.10265469551086426
