16
3 0 1 103 553430176 0.10302495956420898
4 0 1 104 553430176 0.1033930778503418
5 0 1 105 553430176 0.10352849960327148
6 0 1 106 553430176 0.1024484634399414
7 0 1 107 553430176 0.10605692863464355
8 0 1 108 553430176 0.10204672813415527
9 0 1 109 553430176 0.10282111167907715
10 0 1 110 553430176 0.1077721118927002
11 0 1 111 553430176 0.10300660133361816
12 0 1 112 553430176 0.0931401252746582
13 0 1 113 553430176 0.10307788848876953
14 0 1 114 553430176 0.10179829597473145
15 0 1 115 553430176 0.10341501235961914
16 0 1 116 553430176 0.10296511650085449
17 0 1 117 553430176 0.1077127456665039
18 0 1 118 553430176 0.1029818058013916
