16
3 0 1 103 553430176 0.10528302192687988
4 0 1 104 553430176 0.10725021362304688
5 0 1 105 553430176 0.10639786720275879
6 0 1 106 553430176 0.10468220710754395
7 0 1 107 553430176 0.09895610809326172
8 0 1 108 553430176 0.10388326644897461
9 0 1 109 553430176 0.1021575927734375
10 0 1 110 553430176 0.10579252243041992
11 0 1 111 553430176 0.10251498222351074
12 0 1 112 553430176 0.10679817199707031
13 0 1 113 553430176 0.10735774040222168
14 0 1 114 553430176 0.1020500659942627
15 0 1 115 553430176 0.1030418872833252
16 0 1 116 553430176 0.1042332649230957
17 0 1 117 553430176 0.1173863410949707
18 0 1 118 553430176 0.1070096492767334
