16
3 0 1 103 553430176 0.10639047622680664
4 0 1 104 553430176 0.10783982276916504
5 0 1 105 553430176 0.10241270065307617
6 0 1 106 553430176 0.1062459945678711
7 0 1 107 553430176 0.10207915306091309
8 0 1 108 553430176 0.10271358489990234
9 0 1 109 553430176 0.1018228530883789
10 0 1 110 553430176 0.10208749771118164
11 0 1 111 553430176 0.10343122482299805
12 0 1 112 553430176 0.10234332084655762
13 0 1 113 553430176 0.10706114768981934
14 0 1 114 553430176 0.09321951866149902
15 0 1 115 553430176 0.10489344596862793
16 0 1 116 553430176 0.10228085517883301
17 0 1 117 553430176 0.10161638259887695
18 0 1 118 553430176 0.10311102867126465
