16
3 0 1 103 553430176 0.10504984855651855
4 0 1 104 553430176 0.10516858100891113
5 0 1 105 553430176 0.10228896141052246
6 0 1 106 553430176 0.10275459289550781
7 0 1 107 553430176 0.10225272178649902
8 0 1 108 553430176 0.10104560852050781
9 0 1 109 553430176 0.1013340950012207
10 0 1 110 553430176 0.10217499732971191
11 0 1 111 553430176 0.10247635841369629
12 0 1 112 553430176 0.10187983512878418
13 0 1 113 553430176 0.1070406436920166
14 0 1 114 553430176 0.10222315788269043
15 0 1 115 553430176 0.1028745174407959
16 0 1 116 553430176 0.1045386791229248
17 0 1 117 553430176 0.10238265991210938
18 0 1 118 553430176 0.10485982894897461
