16
3 0 1 103 553430176 0.10160279273986816
4 0 1 104 553430176 0.10318374633789062
5 0 1 105 553430176 0.1026003360748291
6 0 1 106 553430176 0.10546302795410156
7 0 1 107 553430176 0.105682373046875
8 0 1 108 553430176 0.10967135429382324
9 0 1 109 553430176 0.10489869117736816
10 0 1 110 553430176 0.10488605499267578
11 0 1 111 553430176 0.10610151290893555
12 0 1 112 553430176 0.1067655086517334
13 0 1 113 553430176 0.09642291069030762
14 0 1 114 553430176 0.11332154273986816
15 0 1 115 553430176 0.1123807430267334
16 0 1 116 553430176 0.10610413551330566
17 0 1 117 553430176 0.10327959060668945
18 0 1 118 553430176 0.10246157646179199
