16
3 0 1 103 553430176 0.09869122505187988
4 0 1 104 553430176 0.10011577606201172
5 0 1 105 553430176 0.09650182723999023
6 0 1 106 553430176 0.09806084632873535
7 0 1 107 553430176 0.10316872596740723
8 0 1 108 553430176 0.0989987850189209
9 0 1 109 553430176 0.10202312469482422
10 0 1 110 553430176 0.10481452941894531
11 0 1 111 553430176 0.09923934936523438
12 0 1 112 553430176 0.1009218692779541
13 0 1 113 553430176 0.09682464599609375
14 0 1 114 553430176 0.09844326972961426
15 0 1 115 553430176 0.09868931770324707
16 0 1 116 553430176 0.1089167594909668
17 0 1 117 553430176 0.10326981544494629
18 0 1 118 553430176 0.10150027275085449
