16
3 0 1 103 553430176 0.1066138744354248
4 0 1 104 553430176 0.10528206825256348
5 0 1 105 553430176 0.10377287864685059
6 0 1 106 553430176 0.1074061393737793
7 0 1 107 553430176 0.10104751586914062
8 0 1 108 553430176 0.10401678085327148
9 0 1 109 553430176 0.10233521461486816
10 0 1 110 553430176 0.09807634353637695
11 0 1 111 553430176 0.09745502471923828
12 0 1 112 553430176 0.10649371147155762
13 0 1 113 553430176 0.10776257514953613
14 0 1 114 553430176 0.10610556602478027
15 0 1 115 553430176 0.10781693458557129
16 0 1 116 553430176 0.11428022384643555
17 0 1 117 553430176 0.10700488090515137
18 0 1 118 553430176 0.10639381408691406
