16
3 0 1 103 553430176 0.10298538208007812
4 0 1 104 553430176 0.09918689727783203
5 0 1 105 553430176 0.09838747978210449
6 0 1 106 553430176 0.10309910774230957
7 0 1 107 553430176 0.10259342193603516
8 0 1 108 553430176 0.10258364677429199
9 0 1 109 553430176 0.10191822052001953
10 0 1 110 553430176 0.10494685173034668
11 0 1 111 553430176 0.10284686088562012
12 0 1 112 553430176 0.10261821746826172
13 0 1 113 553430176 0.10268616676330566
14 0 1 114 553430176 0.10275936126708984
15 0 1 115 553430176 0.0988152027130127
16 0 1 116 553430176 0.10163712501525879
17 0 1 117 553430176 0.10502362251281738
18 0 1 118 553430176 0.10555100440979004
