16
3 0 1 103 553430176 0.10184288024902344
4 0 1 104 553430176 0.09887909889221191
5 0 1 105 553430176 0.10362839698791504
6 0 1 106 553430176 0.09941267967224121
7 0 1 107 553430176 0.1019446849822998
8 0 1 108 553430176 0.09861135482788086
9 0 1 109 553430176 0.09940075874328613
10 0 1 110 553430176 0.10398077964782715
11 0 1 111 553430176 0.09608244895935059
12 0 1 112 553430176 0.10243391990661621
13 0 1 113 553430176 0.10474801063537598
14 0 1 114 553430176 0.10176324844360352
15 0 1 115 553430176 0.10405158996582031
16 0 1 116 553430176 0.09547066688537598
17 0 1 117 553430176 0.0988457202911377
18 0 1 118 553430176 0.09895110130310059
