16
3 0 1 103 553430176 0.10365080833435059
4 0 1 104 553430176 0.10208296775817871
5 0 1 105 553430176 0.10616230964660645
6 0 1 106 553430176 0.10529088973999023
7 0 1 107 553430176 0.10732078552246094
8 0 1 108 553430176 0.10577678680419922
9 0 1 109 553430176 0.10505080223083496
10 0 1 110 553430176 0.10652613639831543
11 0 1 111 553430176 0.10356307029724121
12 0 1 112 553430176 0.1026773452758789
13 0 1 113 553430176 0.10651111602783203
14 0 1 114 553430176 0.10584330558776855
15 0 1 115 553430176 0.10356378555297852
16 0 1 116 553430176 0.10221004486083984
17 0 1 117 553430176 0.10619544982910156
18 0 1 118 553430176 0.10535168647766113
