16
3 0 1 103 553430176 0.10265326499938965
4 0 1 104 553430176 0.10457539558410645
5 0 1 105 553430176 0.10460638999938965
6 0 1 106 553430176 0.10448932647705078
7 0 1 107 553430176 0.10783529281616211
8 0 1 108 553430176 0.10197734832763672
9 0 1 109 553430176 0.1050727367401123
10 0 1 110 553430176 0.10375785827636719
11 0 1 111 553430176 0.11179065704345703
12 0 1 112 553430176 0.10533356666564941
13 0 1 113 553430176 0.10204601287841797
14 0 1 114 553430176 0.10359501838684082
15 0 1 115 553430176 0.10266494750976562
16 0 1 116 553430176 0.1058969497680664
17 0 1 117 553430176 0.10244035720825195
18 0 1 118 553430176 0.1018991470336914
