16
3 0 1 103 553430176 0.09915423393249512
4 0 1 104 553430176 0.10103821754455566
5 0 1 105 553430176 0.09839129447937012
6 0 1 106 553430176 0.09512901306152344
7 0 1 107 553430176 0.09547686576843262
8 0 1 108 553430176 0.09802389144897461
9 0 1 109 553430176 0.0936286449432373
10 0 1 110 553430176 0.10286593437194824
11 0 1 111 553430176 0.09867262840270996
12 0 1 112 553430176 0.09788012504577637
13 0 1 113 553430176 0.0974111557006836
14 0 1 114 553430176 0.09782528877258301
15 0 1 115 553430176 0.09845948219299316
16 0 1 116 553430176 0.09843325614929199
17 0 1 117 553430176 0.09899115562438965
18 0 1 118 553430176 0.10170960426330566
