16
3 0 1 103 553430176 0.10042047500610352
4 0 1 104 553430176 0.09974360466003418
5 0 1 105 553430176 0.09798073768615723
6 0 1 106 553430176 0.1049802303314209
7 0 1 107 553430176 0.10410118103027344
8 0 1 108 553430176 0.09971070289611816
9 0 1 109 553430176 0.10040497779846191
10 0 1 110 553430176 0.10302448272705078
11 0 1 111 553430176 0.09978437423706055
12 0 1 112 553430176 0.0952608585357666
13 0 1 113 553430176 0.10108447074890137
14 0 1 114 553430176 0.10223531723022461
15 0 1 115 553430176 0.09831571578979492
16 0 1 116 553430176 0.10135769844055176
17 0 1 117 553430176 0.09524273872375488
18 0 1 118 553430176 0.10170507431030273
