16
3 0 1 103 553430176 0.10215950012207031
4 0 1 104 553430176 0.09861183166503906
5 0 1 105 553430176 0.09542536735534668
6 0 1 106 553430176 0.09862875938415527
7 0 1 107 553430176 0.10134577751159668
8 0 1 108 553430176 0.09836912155151367
9 0 1 109 553430176 0.09808564186096191
10 0 1 110 553430176 0.10230326652526855
11 0 1 111 553430176 0.10245800018310547
12 0 1 112 553430176 0.09913325309753418
13 0 1 113 553430176 0.09869623184204102
14 0 1 114 553430176 0.1023709774017334
15 0 1 115 553430176 0.09557604789733887
16 0 1 116 553430176 0.10263705253601074
17 0 1 117 553430176 0.09768986701965332
18 0 1 118 553430176 0.10285043716430664
