16
3 0 1 103 553430176 0.10222315788269043
4 0 1 104 553430176 0.09215641021728516
5 0 1 105 553430176 0.09712624549865723
6 0 1 106 553430176 0.10233116149902344
7 0 1 107 553430176 0.1085062026977539
8 0 1 108 553430176 0.10118770599365234
9 0 1 109 553430176 0.09971022605895996
10 0 1 110 553430176 0.10230398178100586
11 0 1 111 553430176 0.10266613960266113
12 0 1 112 553430176 0.10601186752319336
13 0 1 113 553430176 0.10854673385620117
14 0 1 114 553430176 0.10463666915893555
15 0 1 115 553430176 0.10398173332214355
16 0 1 116 553430176 0.10295915603637695
17 0 1 117 553430176 0.1060183048248291
18 0 1 118 553430176 0.10618853569030762
