16
3 0 1 103 553430176 0.09803485870361328
4 0 1 104 553430176 0.10186195373535156
5 0 1 105 553430176 0.09780097007751465
6 0 1 106 553430176 0.1023561954498291
7 0 1 107 553430176 0.09812569618225098
8 0 1 108 553430176 0.10162663459777832
9 0 1 109 553430176 0.1009058952331543
10 0 1 110 553430176 0.10287809371948242
11 0 1 111 553430176 0.10617947578430176
12 0 1 112 553430176 0.10675358772277832
13 0 1 113 553430176 0.10658121109008789
14 0 1 114 553430176 0.10482406616210938
15 0 1 115 553430176 0.11143875122070312
16 0 1 116 553430176 0.10489535331726074
17 0 1 117 553430176 0.10147380828857422
18 0 1 118 553430176 0.09245848655700684
