16
3 0 1 103 553430176 0.09768271446228027
4 0 1 104 553430176 0.10276579856872559
5 0 1 105 553430176 0.09862470626831055
6 0 1 106 553430176 0.09880852699279785
7 0 1 107 553430176 0.0979008674621582
8 0 1 108 553430176 0.10305571556091309
9 0 1 109 553430176 0.10415267944335938
10 0 1 110 553430176 0.10567641258239746
11 0 1 111 553430176 0.10702872276306152
12 0 1 112 553430176 0.10316205024719238
13 0 1 113 553430176 0.10284018516540527
14 0 1 114 553430176 0.10434341430664062
15 0 1 115 553430176 0.10555481910705566
16 0 1 116 553430176 0.10491037368774414
17 0 1 117 553430176 0.10540127754211426
18 0 1 118 553430176 0.10605669021606445
