16
3 0 1 103 553430176 0.10610151290893555
4 0 1 104 553430176 0.1019754409790039
5 0 1 105 553430176 0.10224771499633789
6 0 1 106 553430176 0.10095572471618652
7 0 1 107 553430176 0.10258889198303223
8 0 1 108 553430176 0.10244154930114746
9 0 1 109 553430176 0.10190248489379883
10 0 1 110 553430176 0.10270380973815918
11 0 1 111 553430176 0.1014254093170166
12 0 1 112 553430176 0.10294914245605469
13 0 1 113 553430176 0.10132002830505371
14 0 1 114 553430176 0.10294628143310547
15 0 1 115 553430176 0.09912347793579102
16 0 1 116 553430176 0.10102105140686035
17 0 1 117 553430176 0.09854245185852051
18 0 1 118 553430176 0.10247015953063965
