16
3 0 1 103 553430176 0.10703587532043457
4 0 1 104 553430176 0.10342049598693848
5 0 1 105 553430176 0.10819458961486816
6 0 1 106 553430176 0.10633993148803711
7 0 1 107 553430176 0.10724925994873047
8 0 1 108 553430176 0.10784101486206055
9 0 1 109 553430176 0.09858965873718262
10 0 1 110 553430176 0.10385441780090332
11 0 1 111 553430176 0.10679888725280762
12 0 1 112 553430176 0.10237693786621094
13 0 1 113 553430176 0.10373401641845703
14 0 1 114 553430176 0.10283350944519043
15 0 1 115 553430176 0.10266256332397461
16 0 1 116 553430176 0.1031942367553711
17 0 1 117 553430176 0.10364723205566406
18 0 1 118 553430176 0.10366201400756836
