16
3 0 1 103 553430176 0.1060490608215332
4 0 1 104 553430176 0.10529899597167969
5 0 1 105 553430176 0.1072089672088623
6 0 1 106 553430176 0.1088552474975586
7 0 1 107 553430176 0.07167506217956543
8 0 1 108 553430176 0.11702394485473633
9 0 1 109 553430176 0.15212559700012207
10 0 1 110 553430176 0.10881972312927246
11 0 1 111 553430176 0.10991406440734863
12 0 1 112 553430176 0.09973621368408203
13 0 1 113 553430176 0.10429787635803223
14 0 1 114 553430176 0.11448836326599121
15 0 1 115 553430176 0.10640478134155273
16 0 1 116 553430176 0.11277604103088379
17 0 1 117 553430176 0.10753107070922852
18 0 1 118 553430176 0.10726022720336914
