16
3 0 1 103 553430176 0.10596585273742676
4 0 1 104 553430176 0.1050877571105957
5 0 1 105 553430176 0.10576343536376953
6 0 1 106 553430176 0.10632658004760742
7 0 1 107 553430176 0.10586380958557129
8 0 1 108 553430176 0.10650634765625
9 0 1 109 553430176 0.10604047775268555
10 0 1 110 553430176 0.10484457015991211
11 0 1 111 553430176 0.104522705078125
12 0 1 112 553430176 0.10662198066711426
13 0 1 113 553430176 0.10554242134094238
14 0 1 114 553430176 0.09856677055358887
15 0 1 115 553430176 0.10281872749328613
16 0 1 116 553430176 0.10128211975097656
17 0 1 117 553430176 0.1029505729675293
18 0 1 118 553430176 0.1027829647064209
