16
3 0 1 103 553430176 0.10644388198852539
4 0 1 104 553430176 0.10856509208679199
5 0 1 105 553430176 0.11110401153564453
6 0 1 106 553430176 0.10680770874023438
7 0 1 107 553430176 0.1073753833770752
8 0 1 108 553430176 0.05782198905944824
9 0 1 109 553430176 0.06034064292907715
10 0 1 110 553430176 0.10784006118774414
11 0 1 111 553430176 0.10586071014404297
12 0 1 112 553430176 0.10756421089172363
13 0 1 113 553430176 0.10657858848571777
14 0 1 114 553430176 0.10573029518127441
15 0 1 115 553430176 0.10235929489135742
16 0 1 116 553430176 0.10885810852050781
17 0 1 117 553430176 0.10296940803527832
18 0 1 118 553430176 0.10614538192749023
