16
3 0 1 103 553430176 0.10204434394836426
4 0 1 104 553430176 0.10223174095153809
5 0 1 105 553430176 0.10060787200927734
6 0 1 106 553430176 0.1046152114868164
7 0 1 107 553430176 0.09936738014221191
8 0 1 108 553430176 0.10431408882141113
9 0 1 109 553430176 0.10236907005310059
10 0 1 110 553430176 0.10280919075012207
11 0 1 111 553430176 0.10215425491333008
12 0 1 112 553430176 0.10240006446838379
13 0 1 113 553430176 0.10764384269714355
14 0 1 114 553430176 0.10186004638671875
15 0 1 115 553430176 0.09958982467651367
16 0 1 116 553430176 0.10173916816711426
17 0 1 117 553430176 0.1005406379699707
18 0 1 118 553430176 0.09934830665588379
