16
3 0 1 103 553430176 0.09743523597717285
4 0 1 104 553430176 0.09871459007263184
5 0 1 105 553430176 0.10156059265136719
6 0 1 106 553430176 0.09525132179260254
7 0 1 107 553430176 0.10320734977722168
8 0 1 108 553430176 0.09758353233337402
9 0 1 109 553430176 0.09656190872192383
10 0 1 110 553430176 0.10320329666137695
11 0 1 111 553430176 0.09815073013305664
12 0 1 112 553430176 0.10454583168029785
13 0 1 113 553430176 0.10288381576538086
14 0 1 114 553430176 0.10292768478393555
15 0 1 115 553430176 0.10444140434265137
16 0 1 116 553430176 0.09941959381103516
17 0 1 117 553430176 0.0983576774597168
18 0 1 118 553430176 0.1085042953491211
