16
3 0 1 103 553430176 0.09778642654418945
4 0 1 104 553430176 0.10237646102905273
5 0 1 105 553430176 0.10199999809265137
6 0 1 106 553430176 0.10260224342346191
7 0 1 107 553430176 0.09792613983154297
8 0 1 108 553430176 0.09805178642272949
9 0 1 109 553430176 0.10112428665161133
10 0 1 110 553430176 0.10197687149047852
11 0 1 111 553430176 0.10177016258239746
12 0 1 112 553430176 0.09799933433532715
13 0 1 113 553430176 0.1065068244934082
14 0 1 114 553430176 0.10173201560974121
15 0 1 115 553430176 0.1020050048828125
16 0 1 116 553430176 0.0981285572052002
17 0 1 117 553430176 0.1026298999786377
18 0 1 118 553430176 0.10282063484191895
