16
3 0 1 103 553430176 0.09889578819274902
4 0 1 104 553430176 0.0730888843536377
5 0 1 105 553430176 0.14174246788024902
6 0 1 106 553430176 0.10377216339111328
7 0 1 107 553430176 0.11668133735656738
8 0 1 108 553430176 0.10324239730834961
9 0 1 109 553430176 0.1026456356048584
10 0 1 110 553430176 0.10158205032348633
11 0 1 111 553430176 0.10260605812072754
12 0 1 112 553430176 0.1019437313079834
13 0 1 113 553430176 0.09476327896118164
14 0 1 114 553430176 0.09781646728515625
15 0 1 115 553430176 0.10683608055114746
16 0 1 116 553430176 0.1069028377532959
17 0 1 117 553430176 0.10833454132080078
18 0 1 118 553430176 0.1048121452331543
