16
3 0 1 103 553430176 0.1040184497833252
4 0 1 104 553430176 0.10180282592773438
5 0 1 105 553430176 0.10218214988708496
6 0 1 106 553430176 0.1039586067199707
7 0 1 107 553430176 0.09871578216552734
8 0 1 108 553430176 0.10365653038024902
9 0 1 109 553430176 0.10283160209655762
10 0 1 110 553430176 0.09783053398132324
11 0 1 111 553430176 0.09828400611877441
12 0 1 112 553430176 0.10112595558166504
13 0 1 113 553430176 0.10230827331542969
14 0 1 114 553430176 0.10212540626525879
15 0 1 115 553430176 0.10506916046142578
16 0 1 116 553430176 0.10159063339233398
17 0 1 117 553430176 0.10164213180541992
18 0 1 118 553430176 0.09853410720825195
