16
3 0 1 103 553430176 0.09444618225097656
4 0 1 104 553430176 0.09830999374389648
5 0 1 105 553430176 0.09454059600830078
6 0 1 106 553430176 0.09852433204650879
7 0 1 107 553430176 0.09494566917419434
8 0 1 108 553430176 0.09858870506286621
9 0 1 109 553430176 0.09763979911804199
10 0 1 110 553430176 0.09483027458190918
11 0 1 111 553430176 0.09842896461486816
12 0 1 112 553430176 0.0985269546508789
13 0 1 113 553430176 0.09747624397277832
14 0 1 114 553430176 0.0949559211730957
15 0 1 115 553430176 0.09873557090759277
16 0 1 116 553430176 0.09878730773925781
17 0 1 117 553430176 0.09837889671325684
18 0 1 118 553430176 0.09520101547241211
