16
3 0 1 103 553430176 0.09678959846496582
4 0 1 104 553430176 0.09756231307983398
5 0 1 105 553430176 0.09799385070800781
6 0 1 106 553430176 0.09875035285949707
7 0 1 107 553430176 0.09219503402709961
8 0 1 108 553430176 0.09767293930053711
9 0 1 109 553430176 0.09842228889465332
10 0 1 110 553430176 0.09835410118103027
11 0 1 111 553430176 0.09830522537231445
12 0 1 112 553430176 0.09525418281555176
13 0 1 113 553430176 0.09458112716674805
14 0 1 114 553430176 0.09863090515136719
15 0 1 115 553430176 0.09556698799133301
16 0 1 116 553430176 0.0981452465057373
17 0 1 117 553430176 0.09879565238952637
18 0 1 118 553430176 0.09738492965698242
