16
3 0 1 103 553430176 0.10476469993591309
4 0 1 104 553430176 0.10870766639709473
5 0 1 105 553430176 0.11022281646728516
6 0 1 106 553430176 0.1080021858215332
7 0 1 107 553430176 0.10235190391540527
8 0 1 108 553430176 0.09791421890258789
9 0 1 109 553430176 0.09846282005310059
10 0 1 110 553430176 0.11311459541320801
11 0 1 111 553430176 0.10591888427734375
12 0 1 112 553430176 0.10675191879272461
13 0 1 113 553430176 0.09446287155151367
14 0 1 114 553430176 0.09827661514282227
15 0 1 115 553430176 0.09829211235046387
16 0 1 116 553430176 0.09780120849609375
17 0 1 117 553430176 0.102386474609375
18 0 1 118 553430176 0.10173559188842773
