16
3 0 1 103 553430176 0.10032892227172852
4 0 1 104 553430176 0.1051034927368164
5 0 1 105 553430176 0.10235953330993652
6 0 1 106 553430176 0.1026458740234375
7 0 1 107 553430176 0.10190892219543457
8 0 1 108 553430176 0.09868431091308594
9 0 1 109 553430176 0.10258889198303223
10 0 1 110 553430176 0.10047101974487305
11 0 1 111 553430176 0.0980229377746582
12 0 1 112 553430176 0.10597610473632812
13 0 1 113 553430176 0.1032867431640625
14 0 1 114 553430176 0.10492753982543945
15 0 1 115 553430176 0.10529279708862305
16 0 1 116 553430176 0.10175323486328125
17 0 1 117 553430176 0.1013636589050293
18 0 1 118 553430176 0.09945535659790039
