16
3 0 1 103 553430176 0.10041213035583496
4 0 1 104 553430176 0.10223197937011719
5 0 1 105 553430176 0.09719228744506836
6 0 1 106 553430176 0.10272455215454102
7 0 1 107 553430176 0.09328126907348633
8 0 1 108 553430176 0.09895706176757812
9 0 1 109 553430176 0.10817265510559082
10 0 1 110 553430176 0.11559247970581055
11 0 1 111 553430176 0.1086115837097168
12 0 1 112 553430176 0.10506129264831543
13 0 1 113 553430176 0.10058856010437012
14 0 1 114 553430176 0.09966540336608887
15 0 1 115 553430176 0.09935307502746582
16 0 1 116 553430176 0.09899139404296875
17 0 1 117 553430176 0.10493636131286621
18 0 1 118 553430176 0.10394144058227539
