16
3 0 1 103 553430176 0.1011650562286377
4 0 1 104 553430176 0.10479521751403809
5 0 1 105 553430176 0.10479569435119629
6 0 1 106 553430176 0.10358071327209473
7 0 1 107 553430176 0.10444068908691406
8 0 1 108 553430176 0.10032391548156738
9 0 1 109 553430176 0.1029822826385498
10 0 1 110 553430176 0.10244894027709961
11 0 1 111 553430176 0.09982776641845703
12 0 1 112 553430176 0.10256195068359375
13 0 1 113 553430176 0.10299444198608398
14 0 1 114 553430176 0.10034346580505371
15 0 1 115 553430176 0.10238218307495117
16 0 1 116 553430176 0.10087728500366211
17 0 1 117 553430176 0.09716963768005371
18 0 1 118 553430176 0.10022664070129395
