16
3 0 1 103 553430176 0.1053767204284668
4 0 1 104 553430176 0.10361003875732422
5 0 1 105 553430176 0.10772895812988281
6 0 1 106 553430176 0.10172057151794434
7 0 1 107 553430176 0.10247278213500977
8 0 1 108 553430176 0.10882306098937988
9 0 1 109 553430176 0.11050295829772949
10 0 1 110 553430176 0.11196255683898926
11 0 1 111 553430176 0.10901403427124023
12 0 1 112 553430176 0.10306882858276367
13 0 1 113 553430176 0.10498476028442383
14 0 1 114 553430176 0.10588860511779785
15 0 1 115 553430176 0.10419178009033203
16 0 1 116 553430176 0.11014795303344727
17 0 1 117 553430176 0.10707259178161621
18 0 1 118 553430176 0.10681891441345215
