16
3 0 1 103 553430176 0.10329151153564453
4 0 1 104 553430176 0.10342741012573242
5 0 1 105 553430176 0.10396385192871094
6 0 1 106 553430176 0.10400795936584473
7 0 1 107 553430176 0.10684871673583984
8 0 1 108 553430176 0.10821056365966797
9 0 1 109 553430176 0.10950422286987305
10 0 1 110 553430176 0.10560464859008789
11 0 1 111 553430176 0.10666441917419434
12 0 1 112 553430176 0.10789752006530762
13 0 1 113 553430176 0.10709786415100098
14 0 1 114 553430176 0.10730552673339844
15 0 1 115 553430176 0.1083219051361084
16 0 1 116 553430176 0.10609602928161621
17 0 1 117 553430176 0.10415410995483398
18 0 1 118 553430176 0.10437917709350586
