16
3 0 1 103 553430176 0.10858416557312012
4 0 1 104 553430176 0.10346150398254395
5 0 1 105 553430176 0.11188197135925293
6 0 1 106 553430176 0.10722017288208008
7 0 1 107 553430176 0.10905218124389648
8 0 1 108 553430176 0.1062326431274414
9 0 1 109 553430176 0.1058197021484375
10 0 1 110 553430176 0.11065983772277832
11 0 1 111 553430176 0.10323262214660645
12 0 1 112 553430176 0.10620522499084473
13 0 1 113 553430176 0.10581803321838379
14 0 1 114 553430176 0.11078977584838867
15 0 1 115 553430176 0.10665440559387207
16 0 1 116 553430176 0.05941462516784668
17 0 1 117 553430176 0.05623579025268555
18 0 1 118 553430176 0.11111903190612793
