16
3 0 1 103 553430176 0.10424232482910156
4 0 1 104 553430176 0.10181736946105957
5 0 1 105 553430176 0.10819602012634277
6 0 1 106 553430176 0.10112595558166504
7 0 1 107 553430176 0.10555458068847656
8 0 1 108 553430176 0.1023244857788086
9 0 1 109 553430176 0.10397934913635254
10 0 1 110 553430176 0.11617326736450195
11 0 1 111 553430176 0.10397791862487793
12 0 1 112 553430176 0.1018991470336914
13 0 1 113 553430176 0.10564017295837402
14 0 1 114 553430176 0.10408973693847656
15 0 1 115 553430176 0.10244512557983398
16 0 1 116 553430176 0.1068110466003418
17 0 1 117 553430176 0.10491323471069336
18 0 1 118 553430176 0.10649776458740234
