16
3 0 1 103 553430176 0.10226273536682129
4 0 1 104 553430176 0.1027059555053711
5 0 1 105 553430176 0.10389399528503418
6 0 1 106 553430176 0.09485244750976562
7 0 1 107 553430176 0.10278177261352539
8 0 1 108 553430176 0.10105395317077637
9 0 1 109 553430176 0.09553647041320801
10 0 1 110 553430176 0.1092536449432373
11 0 1 111 553430176 0.10239529609680176
12 0 1 112 553430176 0.058817386627197266
13 0 1 113 553430176 0.10273361206054688
14 0 1 114 553430176 0.10257792472839355
15 0 1 115 553430176 0.10664677619934082
16 0 1 116 553430176 0.10117340087890625
17 0 1 117 553430176 0.09918928146362305
18 0 1 118 553430176 0.10686445236206055
