16
3 0 1 103 553430176 0.10149455070495605
4 0 1 104 553430176 0.09811639785766602
5 0 1 105 553430176 0.10238146781921387
6 0 1 106 553430176 0.10263800621032715
7 0 1 107 553430176 0.09873151779174805
8 0 1 108 553430176 0.10180449485778809
9 0 1 109 553430176 0.10197329521179199
10 0 1 110 553430176 0.1012125015258789
11 0 1 111 553430176 0.10208582878112793
12 0 1 112 553430176 0.10132265090942383
13 0 1 113 553430176 0.10473990440368652
14 0 1 114 553430176 0.10942959785461426
15 0 1 115 553430176 0.10596680641174316
16 0 1 116 553430176 0.10361909866333008
17 0 1 117 553430176 0.10335326194763184
18 0 1 118 553430176 0.10335159301757812
