16
3 0 1 103 553430176 0.09983277320861816
4 0 1 104 553430176 0.10505270957946777
5 0 1 105 553430176 0.10663533210754395
6 0 1 106 553430176 0.10468506813049316
7 0 1 107 553430176 0.10670900344848633
8 0 1 108 553430176 0.05740714073181152
9 0 1 109 553430176 0.10240364074707031
10 0 1 110 553430176 0.09846663475036621
11 0 1 111 553430176 0.09729552268981934
12 0 1 112 553430176 0.09734988212585449
13 0 1 113 553430176 0.10671496391296387
14 0 1 114 553430176 0.09740567207336426
15 0 1 115 553430176 0.09830999374389648
16 0 1 116 553430176 0.0984795093536377
17 0 1 117 553430176 0.10102605819702148
18 0 1 118 553430176 0.09752631187438965
