16
3 0 1 103 553430176 0.10566997528076172
4 0 1 104 553430176 0.10762643814086914
5 0 1 105 553430176 0.10491156578063965
6 0 1 106 553430176 0.10362434387207031
7 0 1 107 553430176 0.10290718078613281
8 0 1 108 553430176 0.1055140495300293
9 0 1 109 553430176 0.10553979873657227
10 0 1 110 553430176 0.10586738586425781
11 0 1 111 553430176 0.1067957878112793
12 0 1 112 553430176 0.10696053504943848
13 0 1 113 553430176 0.10456562042236328
14 0 1 114 553430176 0.10814428329467773
15 0 1 115 553430176 0.10592961311340332
16 0 1 116 553430176 0.10500836372375488
17 0 1 117 553430176 0.10566449165344238
18 0 1 118 553430176 0.10272359848022461
