16
3 0 1 103 553430176 0.10655856132507324
4 0 1 104 553430176 0.10094642639160156
5 0 1 105 553430176 0.1028907299041748
6 0 1 106 553430176 0.10168266296386719
7 0 1 107 553430176 0.10215210914611816
8 0 1 108 553430176 0.10223841667175293
9 0 1 109 553430176 0.10170125961303711
10 0 1 110 553430176 0.1110687255859375
11 0 1 111 553430176 0.10338950157165527
12 0 1 112 553430176 0.10547065734863281
13 0 1 113 553430176 0.10411858558654785
14 0 1 114 553430176 0.10684442520141602
15 0 1 115 553430176 0.10263180732727051
16 0 1 116 553430176 0.10151410102844238
17 0 1 117 553430176 0.09846973419189453
18 0 1 118 553430176 0.10573959350585938
