16
3 0 1 103 553430176 0.10219407081604004
4 0 1 104 553430176 0.1024317741394043
5 0 1 105 553430176 0.10249018669128418
6 0 1 106 553430176 0.10620665550231934
7 0 1 107 553430176 0.09641003608703613
8 0 1 108 553430176 0.09888935089111328
9 0 1 109 553430176 0.10535550117492676
10 0 1 110 553430176 0.10287714004516602
11 0 1 111 553430176 0.09561681747436523
12 0 1 112 553430176 0.10401535034179688
13 0 1 113 553430176 0.10477590560913086
14 0 1 114 553430176 0.10596704483032227
15 0 1 115 553430176 0.1077117919921875
16 0 1 116 553430176 0.10145735740661621
17 0 1 117 553430176 0.10746979713439941
18 0 1 118 553430176 0.11129164695739746
