16
3 0 1 103 553430176 0.10248708724975586
4 0 1 104 553430176 0.10511350631713867
5 0 1 105 553430176 0.10149025917053223
6 0 1 106 553430176 0.10121655464172363
7 0 1 107 553430176 0.10506868362426758
8 0 1 108 553430176 0.10201621055603027
9 0 1 109 553430176 0.10304951667785645
10 0 1 110 553430176 0.10255146026611328
11 0 1 111 553430176 0.10319328308105469
12 0 1 112 553430176 0.10793781280517578
13 0 1 113 553430176 0.10298705101013184
14 0 1 114 553430176 0.0995490550994873
15 0 1 115 553430176 0.10149788856506348
16 0 1 116 553430176 0.10065245628356934
17 0 1 117 553430176 0.10521578788757324
18 0 1 118 553430176 0.10233592987060547
