16
3 0 1 103 553430176 0.10475325584411621
4 0 1 104 553430176 0.10474538803100586
5 0 1 105 553430176 0.10488200187683105
6 0 1 106 553430176 0.11413717269897461
7 0 1 107 553430176 0.10322022438049316
8 0 1 108 553430176 0.10271859169006348
9 0 1 109 553430176 0.10257148742675781
10 0 1 110 553430176 0.10591387748718262
11 0 1 111 553430176 0.10609602928161621
12 0 1 112 553430176 0.10530996322631836
13 0 1 113 553430176 0.10389828681945801
14 0 1 114 553430176 0.10943317413330078
15 0 1 115 553430176 0.10610628128051758
16 0 1 116 553430176 0.10197210311889648
17 0 1 117 553430176 0.10421037673950195
18 0 1 118 553430176 0.10204648971557617
