16
3 0 1 103 553430176 0.10649728775024414
4 0 1 104 553430176 0.10782003402709961
5 0 1 105 553430176 0.10647749900817871
6 0 1 106 553430176 0.11227202415466309
7 0 1 107 553430176 0.10774350166320801
8 0 1 108 553430176 0.1054084300994873
9 0 1 109 553430176 0.10813021659851074
10 0 1 110 553430176 0.10587787628173828
11 0 1 111 553430176 0.1017751693725586
12 0 1 112 553430176 0.10591340065002441
13 0 1 113 553430176 0.10193085670471191
14 0 1 114 553430176 0.10273194313049316
15 0 1 115 553430176 0.10473990440368652
16 0 1 116 553430176 0.1061103343963623
17 0 1 117 553430176 0.10083317756652832
18 0 1 118 553430176 0.10259819030761719
