16
3 0 1 103 553430176 0.10335826873779297
4 0 1 104 553430176 0.10845208168029785
5 0 1 105 553430176 0.10599398612976074
6 0 1 106 553430176 0.10432696342468262
7 0 1 107 553430176 0.10274100303649902
8 0 1 108 553430176 0.10566210746765137
9 0 1 109 553430176 0.10770511627197266
10 0 1 110 553430176 0.1055295467376709
11 0 1 111 553430176 0.10623455047607422
12 0 1 112 553430176 0.10617685317993164
13 0 1 113 553430176 0.055511474609375
14 0 1 114 553430176 0.054842472076416016
15 0 1 115 553430176 0.10364651679992676
16 0 1 116 553430176 0.10321283340454102
17 0 1 117 553430176 0.10647940635681152
18 0 1 118 553430176 0.10751962661743164
