16
3 0 1 103 553430176 0.10597801208496094
4 0 1 104 553430176 0.10523581504821777
5 0 1 105 553430176 0.10791492462158203
6 0 1 106 553430176 0.10388064384460449
7 0 1 107 553430176 0.10144400596618652
8 0 1 108 553430176 0.10501408576965332
9 0 1 109 553430176 0.10454678535461426
10 0 1 110 553430176 0.10632443428039551
11 0 1 111 553430176 0.10599803924560547
12 0 1 112 553430176 0.10590553283691406
13 0 1 113 553430176 0.1044466495513916
14 0 1 114 553430176 0.1041872501373291
15 0 1 115 553430176 0.10503959655761719
16 0 1 116 553430176 0.10585498809814453
17 0 1 117 553430176 0.10548019409179688
18 0 1 118 553430176 0.10460925102233887
