16
3 0 1 103 553430176 0.10479068756103516
4 0 1 104 553430176 0.10285496711730957
5 0 1 105 553430176 0.10356926918029785
6 0 1 106 553430176 0.10433149337768555
7 0 1 107 553430176 0.10447120666503906
8 0 1 108 553430176 0.09897422790527344
9 0 1 109 553430176 0.10238194465637207
10 0 1 110 553430176 0.10230016708374023
11 0 1 111 553430176 0.10349845886230469
12 0 1 112 553430176 0.10529661178588867
13 0 1 113 553430176 0.11025476455688477
14 0 1 114 553430176 0.10697197914123535
15 0 1 115 553430176 0.10334086418151855
16 0 1 116 553430176 0.10297036170959473
17 0 1 117 553430176 0.10725760459899902
18 0 1 118 553430176 0.10113930702209473
