16
3 0 1 103 553430176 0.10474824905395508
4 0 1 104 553430176 0.10241103172302246
5 0 1 105 553430176 0.1073298454284668
6 0 1 106 553430176 0.10612940788269043
7 0 1 107 553430176 0.10623407363891602
8 0 1 108 553430176 0.10612940788269043
9 0 1 109 553430176 0.1035916805267334
10 0 1 110 553430176 0.10349440574645996
11 0 1 111 553430176 0.10599184036254883
12 0 1 112 553430176 0.10282182693481445
13 0 1 113 553430176 0.10120558738708496
14 0 1 114 553430176 0.09737825393676758
15 0 1 115 553430176 0.10182738304138184
16 0 1 116 553430176 0.1013190746307373
17 0 1 117 553430176 0.10241055488586426
18 0 1 118 553430176 0.10601305961608887
