16
3 0 1 103 553430176 0.10593104362487793
4 0 1 104 553430176 0.10358834266662598
5 0 1 105 553430176 0.10379958152770996
6 0 1 106 553430176 0.10389947891235352
7 0 1 107 553430176 0.10646581649780273
8 0 1 108 553430176 0.11060142517089844
9 0 1 109 553430176 0.10543251037597656
10 0 1 110 553430176 0.10914492607116699
11 0 1 111 553430176 0.10622930526733398
12 0 1 112 553430176 0.10657072067260742
13 0 1 113 553430176 0.10630655288696289
14 0 1 114 553430176 0.10640764236450195
15 0 1 115 553430176 0.10384988784790039
16 0 1 116 553430176 0.10674691200256348
17 0 1 117 553430176 0.10609865188598633
18 0 1 118 553430176 0.10663819313049316
