16
3 0 1 103 553430176 0.10270500183105469
4 0 1 104 553430176 0.1020956039428711
5 0 1 105 553430176 0.10946226119995117
6 0 1 106 553430176 0.10614538192749023
7 0 1 107 553430176 0.10180521011352539
8 0 1 108 553430176 0.09939312934875488
9 0 1 109 553430176 0.09937477111816406
10 0 1 110 553430176 0.10181379318237305
11 0 1 111 553430176 0.09880471229553223
12 0 1 112 553430176 0.09282231330871582
13 0 1 113 553430176 0.09853863716125488
14 0 1 114 553430176 0.09842371940612793
15 0 1 115 553430176 0.10197186470031738
16 0 1 116 553430176 0.10224533081054688
17 0 1 117 553430176 0.10481858253479004
18 0 1 118 553430176 0.10280990600585938
