16
3 0 1 103 553430176 0.10702323913574219
4 0 1 104 553430176 0.10399723052978516
5 0 1 105 553430176 0.10122466087341309
6 0 1 106 553430176 0.1002199649810791
7 0 1 107 553430176 0.1010901927947998
8 0 1 108 553430176 0.09836006164550781
9 0 1 109 553430176 0.10365486145019531
10 0 1 110 553430176 0.10230517387390137
11 0 1 111 553430176 0.10578155517578125
12 0 1 112 553430176 0.1046137809753418
13 0 1 113 553430176 0.10258626937866211
14 0 1 114 553430176 0.10118746757507324
15 0 1 115 553430176 0.10467147827148438
16 0 1 116 553430176 0.09836411476135254
17 0 1 117 553430176 0.09888410568237305
18 0 1 118 553430176 0.10320401191711426
