16
3 0 1 103 553430176 0.10677981376647949
4 0 1 104 553430176 0.10588860511779785
5 0 1 105 553430176 0.10750436782836914
6 0 1 106 553430176 0.10194873809814453
7 0 1 107 553430176 0.09853291511535645
8 0 1 108 553430176 0.10753512382507324
9 0 1 109 553430176 0.10576105117797852
10 0 1 110 553430176 0.10547208786010742
11 0 1 111 553430176 0.10649609565734863
12 0 1 112 553430176 0.09797310829162598
13 0 1 113 553430176 0.10200762748718262
14 0 1 114 553430176 0.09773015975952148
15 0 1 115 553430176 0.10434174537658691
16 0 1 116 553430176 0.10130667686462402
17 0 1 117 553430176 0.10378766059875488
18 0 1 118 553430176 0.09832549095153809
