16
3 0 1 103 553430176 0.0975794792175293
4 0 1 104 553430176 0.10071897506713867
5 0 1 105 553430176 0.09402084350585938
6 0 1 106 553430176 0.10629439353942871
7 0 1 107 553430176 0.10857200622558594
8 0 1 108 553430176 0.10740303993225098
9 0 1 109 553430176 0.10400676727294922
10 0 1 110 553430176 0.09795188903808594
11 0 1 111 553430176 0.09788370132446289
12 0 1 112 553430176 0.0973513126373291
13 0 1 113 553430176 0.09658479690551758
14 0 1 114 553430176 0.09721755981445312
15 0 1 115 553430176 0.10167312622070312
16 0 1 116 553430176 0.10164499282836914
17 0 1 117 553430176 0.1013798713684082
18 0 1 118 553430176 0.10157465934753418
