16
3 0 1 103 553430176 0.10381722450256348
4 0 1 104 553430176 0.10352849960327148
5 0 1 105 553430176 0.10431933403015137
6 0 1 106 553430176 0.10692954063415527
7 0 1 107 553430176 0.1042332649230957
8 0 1 108 553430176 0.10314464569091797
9 0 1 109 553430176 0.10560846328735352
10 0 1 110 553430176 0.1063683032989502
11 0 1 111 553430176 0.10317564010620117
12 0 1 112 553430176 0.10503482818603516
13 0 1 113 553430176 0.10405778884887695
14 0 1 114 553430176 0.10262823104858398
15 0 1 115 553430176 0.10541534423828125
16 0 1 116 553430176 0.10479021072387695
17 0 1 117 553430176 0.10365819931030273
18 0 1 118 553430176 0.10395312309265137
