16
3 0 1 103 553430176 0.10292196273803711
4 0 1 104 553430176 0.09791135787963867
5 0 1 105 553430176 0.09560608863830566
6 0 1 106 553430176 0.10601019859313965
7 0 1 107 553430176 0.10674262046813965
8 0 1 108 553430176 0.10318303108215332
9 0 1 109 553430176 0.09876537322998047
10 0 1 110 553430176 0.09829378128051758
11 0 1 111 553430176 0.09485483169555664
12 0 1 112 553430176 0.09855937957763672
13 0 1 113 553430176 0.10587620735168457
14 0 1 114 553430176 0.10755681991577148
15 0 1 115 553430176 0.10226225852966309
16 0 1 116 553430176 0.0987236499786377
17 0 1 117 553430176 0.09809517860412598
18 0 1 118 553430176 0.10245919227600098
