16
3 0 1 103 553430176 0.10751485824584961
4 0 1 104 553430176 0.09891867637634277
5 0 1 105 553430176 0.10330653190612793
6 0 1 106 553430176 0.10555362701416016
7 0 1 107 553430176 0.10386085510253906
8 0 1 108 553430176 0.11090707778930664
9 0 1 109 553430176 0.1060326099395752
10 0 1 110 553430176 0.10847258567810059
11 0 1 111 553430176 0.11080765724182129
12 0 1 112 553430176 0.1064612865447998
13 0 1 113 553430176 0.10655665397644043
14 0 1 114 553430176 0.10505151748657227
15 0 1 115 553430176 0.10770511627197266
16 0 1 116 553430176 0.10782241821289062
17 0 1 117 553430176 0.10638546943664551
18 0 1 118 553430176 0.11439013481140137
