16
3 0 1 103 553430176 0.10520625114440918
4 0 1 104 553430176 0.10702657699584961
5 0 1 105 553430176 0.10804891586303711
6 0 1 106 553430176 0.11519408226013184
7 0 1 107 553430176 0.10647988319396973
8 0 1 108 553430176 0.10734295845031738
9 0 1 109 553430176 0.10849642753601074
10 0 1 110 553430176 0.1071176528930664
11 0 1 111 553430176 0.10580873489379883
12 0 1 112 553430176 0.10410928726196289
13 0 1 113 553430176 0.10208916664123535
14 0 1 114 553430176 0.10219931602478027
15 0 1 115 553430176 0.10640072822570801
16 0 1 116 553430176 0.10323524475097656
17 0 1 117 553430176 0.10276365280151367
18 0 1 118 553430176 0.0987846851348877
