16
3 0 1 103 553430176 0.10231828689575195
4 0 1 104 553430176 0.11086034774780273
5 0 1 105 553430176 0.10617446899414062
6 0 1 106 553430176 0.11098074913024902
7 0 1 107 553430176 0.10741662979125977
8 0 1 108 553430176 0.10225033760070801
9 0 1 109 553430176 0.10466432571411133
10 0 1 110 553430176 0.10446906089782715
11 0 1 111 553430176 0.05834650993347168
12 0 1 112 553430176 0.10143661499023438
13 0 1 113 553430176 0.09878230094909668
14 0 1 114 553430176 0.10194754600524902
15 0 1 115 553430176 0.0983734130859375
16 0 1 116 553430176 0.10206961631774902
17 0 1 117 553430176 0.10201287269592285
18 0 1 118 553430176 0.10228681564331055
