16
3 0 1 103 553430176 0.10447406768798828
4 0 1 104 553430176 0.09927535057067871
5 0 1 105 553430176 0.10246491432189941
6 0 1 106 553430176 0.09644532203674316
7 0 1 107 553430176 0.10649561882019043
8 0 1 108 553430176 0.10448312759399414
9 0 1 109 553430176 0.10585546493530273
10 0 1 110 553430176 0.10401153564453125
11 0 1 111 553430176 0.10651350021362305
12 0 1 112 553430176 0.10739254951477051
13 0 1 113 553430176 0.10055685043334961
14 0 1 114 553430176 0.10470175743103027
15 0 1 115 553430176 0.10168623924255371
16 0 1 116 553430176 0.10210132598876953
17 0 1 117 553430176 0.10414791107177734
18 0 1 118 553430176 0.09871602058410645
