16
3 0 1 103 553430176 0.10271096229553223
4 0 1 104 553430176 0.10604667663574219
5 0 1 105 553430176 0.10309958457946777
6 0 1 106 553430176 0.10177087783813477
7 0 1 107 553430176 0.10261321067810059
8 0 1 108 553430176 0.1031339168548584
9 0 1 109 553430176 0.10230159759521484
10 0 1 110 553430176 0.10275435447692871
11 0 1 111 553430176 0.10426688194274902
12 0 1 112 553430176 0.10253787040710449
13 0 1 113 553430176 0.09768939018249512
14 0 1 114 553430176 0.10229206085205078
15 0 1 115 553430176 0.10264301300048828
16 0 1 116 553430176 0.1024177074432373
17 0 1 117 553430176 0.10264420509338379
18 0 1 118 553430176 0.10204648971557617
