16
3 0 1 103 553430176 0.10631847381591797
4 0 1 104 553430176 0.10908269882202148
5 0 1 105 553430176 0.10981082916259766
6 0 1 106 553430176 0.10510969161987305
7 0 1 107 553430176 0.10201668739318848
8 0 1 108 553430176 0.10743880271911621
9 0 1 109 553430176 0.1017160415649414
10 0 1 110 553430176 0.09876227378845215
11 0 1 111 553430176 0.10486268997192383
12 0 1 112 553430176 0.10505199432373047
13 0 1 113 553430176 0.10261774063110352
14 0 1 114 553430176 0.10529780387878418
15 0 1 115 553430176 0.10502505302429199
16 0 1 116 553430176 0.10118961334228516
17 0 1 117 553430176 0.10181307792663574
18 0 1 118 553430176 0.07312989234924316
