16
3 0 1 103 553430176 0.10284018516540527
4 0 1 104 553430176 0.10290169715881348
5 0 1 105 553430176 0.10197305679321289
6 0 1 106 553430176 0.10264229774475098
7 0 1 107 553430176 0.10058999061584473
8 0 1 108 553430176 0.10465216636657715
9 0 1 109 553430176 0.10416746139526367
10 0 1 110 553430176 0.10532975196838379
11 0 1 111 553430176 0.10505223274230957
12 0 1 112 553430176 0.10586380958557129
13 0 1 113 553430176 0.09679532051086426
14 0 1 114 553430176 0.10203766822814941
15 0 1 115 553430176 0.1054689884185791
16 0 1 116 553430176 0.10159420967102051
17 0 1 117 553430176 0.10174131393432617
18 0 1 118 553430176 0.10100793838500977
