16
3 0 1 103 553430176 0.09962153434753418
4 0 1 104 553430176 0.10256814956665039
5 0 1 105 553430176 0.10088253021240234
6 0 1 106 553430176 0.10272502899169922
7 0 1 107 553430176 0.10321950912475586
8 0 1 108 553430176 0.10566544532775879
9 0 1 109 553430176 0.10260200500488281
10 0 1 110 553430176 0.09917712211608887
11 0 1 111 553430176 0.10090994834899902
12 0 1 112 553430176 0.10177946090698242
13 0 1 113 553430176 0.10219907760620117
14 0 1 114 553430176 0.10277414321899414
15 0 1 115 553430176 0.1048133373260498
16 0 1 116 553430176 0.09943628311157227
17 0 1 117 553430176 0.102569580078125
18 0 1 118 553430176 0.09831905364990234
