16
3 0 1 103 553430176 0.10310602188110352
4 0 1 104 553430176 0.10560727119445801
5 0 1 105 553430176 0.10284113883972168
6 0 1 106 553430176 0.10301375389099121
7 0 1 107 553430176 0.09792399406433105
8 0 1 108 553430176 0.10172295570373535
9 0 1 109 553430176 0.10223746299743652
10 0 1 110 553430176 0.10411310195922852
11 0 1 111 553430176 0.06837224960327148
12 0 1 112 553430176 0.13695287704467773
13 0 1 113 553430176 0.15044212341308594
14 0 1 114 553430176 0.12984156608581543
15 0 1 115 553430176 0.10223841667175293
16 0 1 116 553430176 0.10505390167236328
17 0 1 117 553430176 0.10571956634521484
18 0 1 118 553430176 0.1036067008972168
