16
3 0 1 103 553430176 0.10153555870056152
4 0 1 104 553430176 0.10219120979309082
5 0 1 105 553430176 0.09908890724182129
6 0 1 106 553430176 0.09881019592285156
7 0 1 107 553430176 0.10223674774169922
8 0 1 108 553430176 0.10647273063659668
9 0 1 109 553430176 0.10760259628295898
10 0 1 110 553430176 0.10523557662963867
11 0 1 111 553430176 0.10385870933532715
12 0 1 112 553430176 0.10574579238891602
13 0 1 113 553430176 0.1022636890411377
14 0 1 114 553430176 0.0997321605682373
15 0 1 115 553430176 0.10637116432189941
16 0 1 116 553430176 0.10252618789672852
17 0 1 117 553430176 0.09796977043151855
18 0 1 118 553430176 0.10195350646972656
