16
3 0 1 103 553430176 0.10442996025085449
4 0 1 104 553430176 0.10463953018188477
5 0 1 105 553430176 0.10170984268188477
6 0 1 106 553430176 0.10295224189758301
7 0 1 107 553430176 0.10142278671264648
8 0 1 108 553430176 0.10231542587280273
9 0 1 109 553430176 0.10192131996154785
10 0 1 110 553430176 0.09918737411499023
11 0 1 111 553430176 0.10184645652770996
12 0 1 112 553430176 0.10326457023620605
13 0 1 113 553430176 0.1018381118774414
14 0 1 114 553430176 0.10243940353393555
15 0 1 115 553430176 0.0979619026184082
16 0 1 116 553430176 0.10253119468688965
17 0 1 117 553430176 0.10224461555480957
18 0 1 118 553430176 0.10181856155395508
