16
3 0 1 103 553430176 0.10422134399414062
4 0 1 104 553430176 0.10445833206176758
5 0 1 105 553430176 0.10310530662536621
6 0 1 106 553430176 0.10675954818725586
7 0 1 107 553430176 0.10681772232055664
8 0 1 108 553430176 0.10472536087036133
9 0 1 109 553430176 0.10604715347290039
10 0 1 110 553430176 0.10550522804260254
11 0 1 111 553430176 0.1074368953704834
12 0 1 112 553430176 0.10448908805847168
13 0 1 113 553430176 0.10028982162475586
14 0 1 114 553430176 0.10101318359375
15 0 1 115 553430176 0.10864877700805664
16 0 1 116 553430176 0.10506844520568848
17 0 1 117 553430176 0.10157012939453125
18 0 1 118 553430176 0.10409402847290039
