16
3 0 1 103 553430176 0.10363268852233887
4 0 1 104 553430176 0.10318851470947266
5 0 1 105 553430176 0.10318112373352051
6 0 1 106 553430176 0.10242104530334473
7 0 1 107 553430176 0.10366702079772949
8 0 1 108 553430176 0.1044459342956543
9 0 1 109 553430176 0.1025242805480957
10 0 1 110 553430176 0.1012716293334961
11 0 1 111 553430176 0.10372734069824219
12 0 1 112 553430176 0.10765957832336426
13 0 1 113 553430176 0.1057887077331543
14 0 1 114 553430176 0.1112825870513916
15 0 1 115 553430176 0.10850834846496582
16 0 1 116 553430176 0.11536860466003418
17 0 1 117 553430176 0.10601377487182617
18 0 1 118 553430176 0.10638284683227539
