16
3 0 1 103 553430176 0.09869170188903809
4 0 1 104 553430176 0.10724449157714844
5 0 1 105 553430176 0.10561895370483398
6 0 1 106 553430176 0.10746264457702637
7 0 1 107 553430176 0.10655713081359863
8 0 1 108 553430176 0.10570597648620605
9 0 1 109 553430176 0.10228824615478516
10 0 1 110 553430176 0.10175609588623047
11 0 1 111 553430176 0.09579086303710938
12 0 1 112 553430176 0.10233449935913086
13 0 1 113 553430176 0.09842514991760254
14 0 1 114 553430176 0.10256576538085938
15 0 1 115 553430176 0.09773755073547363
16 0 1 116 553430176 0.1041865348815918
17 0 1 117 553430176 0.09797215461730957
18 0 1 118 553430176 0.10237407684326172
