16
3 0 1 103 553430176 0.10386085510253906
4 0 1 104 553430176 0.10407853126525879
5 0 1 105 553430176 0.10034608840942383
6 0 1 106 553430176 0.10605573654174805
7 0 1 107 553430176 0.10479235649108887
8 0 1 108 553430176 0.10235476493835449
9 0 1 109 553430176 0.1032571792602539
10 0 1 110 553430176 0.10425519943237305
11 0 1 111 553430176 0.10224437713623047
12 0 1 112 553430176 0.1028292179107666
13 0 1 113 553430176 0.10196805000305176
14 0 1 114 553430176 0.10363507270812988
15 0 1 115 553430176 0.10943007469177246
16 0 1 116 553430176 0.10677647590637207
17 0 1 117 553430176 0.10262012481689453
18 0 1 118 553430176 0.10366630554199219
