16
3 0 1 103 553430176 0.09861993789672852
4 0 1 104 553430176 0.10150861740112305
5 0 1 105 553430176 0.10707640647888184
6 0 1 106 553430176 0.1052696704864502
7 0 1 107 553430176 0.10818195343017578
8 0 1 108 553430176 0.10526251792907715
9 0 1 109 553430176 0.10073304176330566
10 0 1 110 553430176 0.10178637504577637
11 0 1 111 553430176 0.09827923774719238
12 0 1 112 553430176 0.1027994155883789
13 0 1 113 553430176 0.10729742050170898
14 0 1 114 553430176 0.10255169868469238
15 0 1 115 553430176 0.10741448402404785
16 0 1 116 553430176 0.10681605339050293
17 0 1 117 553430176 0.10937166213989258
18 0 1 118 553430176 0.10761070251464844
