16
3 0 1 103 553430176 0.1041405200958252
4 0 1 104 553430176 0.10523104667663574
5 0 1 105 553430176 0.10414934158325195
6 0 1 106 553430176 0.1058499813079834
7 0 1 107 553430176 0.10401654243469238
8 0 1 108 553430176 0.10496234893798828
9 0 1 109 553430176 0.10121345520019531
10 0 1 110 553430176 0.10466504096984863
11 0 1 111 553430176 0.09784173965454102
12 0 1 112 553430176 0.10261940956115723
13 0 1 113 553430176 0.05518746376037598
14 0 1 114 553430176 0.09903597831726074
15 0 1 115 553430176 0.09342479705810547
16 0 1 116 553430176 0.09872579574584961
17 0 1 117 553430176 0.09726381301879883
18 0 1 118 553430176 0.10135149955749512
