16
3 0 1 103 553430176 0.10089826583862305
4 0 1 104 553430176 0.1020650863647461
5 0 1 105 553430176 0.10283875465393066
6 0 1 106 553430176 0.09756231307983398
7 0 1 107 553430176 0.10484957695007324
8 0 1 108 553430176 0.09995555877685547
9 0 1 109 553430176 0.10709714889526367
10 0 1 110 553430176 0.1031639575958252
11 0 1 111 553430176 0.10197830200195312
12 0 1 112 553430176 0.10188913345336914
13 0 1 113 553430176 0.1026759147644043
14 0 1 114 553430176 0.10375761985778809
15 0 1 115 553430176 0.10516834259033203
16 0 1 116 553430176 0.10774421691894531
17 0 1 117 553430176 0.09961771965026855
18 0 1 118 553430176 0.10210561752319336
