16
3 0 1 103 553430176 0.10436320304870605
4 0 1 104 553430176 0.10094165802001953
5 0 1 105 553430176 0.10051465034484863
6 0 1 106 553430176 0.09521865844726562
7 0 1 107 553430176 0.09863781929016113
8 0 1 108 553430176 0.10357332229614258
9 0 1 109 553430176 0.09698963165283203
10 0 1 110 553430176 0.10220742225646973
11 0 1 111 553430176 0.10142159461975098
12 0 1 112 553430176 0.10894083976745605
13 0 1 113 553430176 0.10129070281982422
14 0 1 114 553430176 0.10312128067016602
15 0 1 115 553430176 0.1009058952331543
16 0 1 116 553430176 0.09748315811157227
17 0 1 117 553430176 0.10206294059753418
18 0 1 118 553430176 0.1057884693145752
