16
3 0 1 103 553430176 0.09914159774780273
4 0 1 104 553430176 0.10124397277832031
5 0 1 105 553430176 0.10416650772094727
6 0 1 106 553430176 0.1005859375
7 0 1 107 553430176 0.1044762134552002
8 0 1 108 553430176 0.10229134559631348
9 0 1 109 553430176 0.10326910018920898
10 0 1 110 553430176 0.10973715782165527
11 0 1 111 553430176 0.10628867149353027
12 0 1 112 553430176 0.10643577575683594
13 0 1 113 553430176 0.10528230667114258
14 0 1 114 553430176 0.10643959045410156
15 0 1 115 553430176 0.10586929321289062
16 0 1 116 553430176 0.10570144653320312
17 0 1 117 553430176 0.10177040100097656
18 0 1 118 553430176 0.1082754135131836
