16
3 0 1 103 553430176 0.10280203819274902
4 0 1 104 553430176 0.10186767578125
5 0 1 105 553430176 0.09850502014160156
6 0 1 106 553430176 0.10531735420227051
7 0 1 107 553430176 0.10273432731628418
8 0 1 108 553430176 0.10126590728759766
9 0 1 109 553430176 0.10289978981018066
10 0 1 110 553430176 0.10272431373596191
11 0 1 111 553430176 0.10178112983703613
12 0 1 112 553430176 0.1049809455871582
13 0 1 113 553430176 0.10383391380310059
14 0 1 114 553430176 0.10435056686401367
15 0 1 115 553430176 0.10229659080505371
16 0 1 116 553430176 0.10244464874267578
17 0 1 117 553430176 0.10957598686218262
18 0 1 118 553430176 0.10161757469177246
