16
3 0 1 103 553430176 0.10034561157226562
4 0 1 104 553430176 0.10239624977111816
5 0 1 105 553430176 0.1046905517578125
6 0 1 106 553430176 0.0988471508026123
7 0 1 107 553430176 0.09896588325500488
8 0 1 108 553430176 0.0978860855102539
9 0 1 109 553430176 0.09965348243713379
10 0 1 110 553430176 0.10277676582336426
11 0 1 111 553430176 0.10610151290893555
12 0 1 112 553430176 0.10588788986206055
13 0 1 113 553430176 0.0976862907409668
14 0 1 114 553430176 0.10240674018859863
15 0 1 115 553430176 0.1016848087310791
16 0 1 116 553430176 0.05611371994018555
17 0 1 117 553430176 0.10535764694213867
18 0 1 118 553430176 0.10378336906433105
