16
3 0 1 103 553430176 0.10524511337280273
4 0 1 104 553430176 0.10357069969177246
5 0 1 105 553430176 0.1028144359588623
6 0 1 106 553430176 0.10518503189086914
7 0 1 107 553430176 0.10594630241394043
8 0 1 108 553430176 0.10343432426452637
9 0 1 109 553430176 0.10521197319030762
10 0 1 110 553430176 0.1049196720123291
11 0 1 111 553430176 0.10611653327941895
12 0 1 112 553430176 0.10584640502929688
13 0 1 113 553430176 0.10204625129699707
14 0 1 114 553430176 0.10488247871398926
15 0 1 115 553430176 0.10680222511291504
16 0 1 116 553430176 0.1067955493927002
17 0 1 117 553430176 0.10776495933532715
18 0 1 118 553430176 0.10122036933898926
