16
3 0 1 103 553430176 0.10028672218322754
4 0 1 104 553430176 0.10202670097351074
5 0 1 105 553430176 0.10454630851745605
6 0 1 106 553430176 0.10186409950256348
7 0 1 107 553430176 0.10352182388305664
8 0 1 108 553430176 0.10237264633178711
9 0 1 109 553430176 0.10337424278259277
10 0 1 110 553430176 0.10340356826782227
11 0 1 111 553430176 0.10435032844543457
12 0 1 112 553430176 0.10162758827209473
13 0 1 113 553430176 0.10489320755004883
14 0 1 114 553430176 0.10400986671447754
15 0 1 115 553430176 0.10536479949951172
16 0 1 116 553430176 0.10227370262145996
17 0 1 117 553430176 0.10015034675598145
18 0 1 118 553430176 0.09995460510253906
