16
3 0 1 103 553430176 0.10623455047607422
4 0 1 104 553430176 0.10675168037414551
5 0 1 105 553430176 0.1030583381652832
6 0 1 106 553430176 0.10345244407653809
7 0 1 107 553430176 0.10305094718933105
8 0 1 108 553430176 0.10294342041015625
9 0 1 109 553430176 0.1019735336303711
10 0 1 110 553430176 0.10302066802978516
11 0 1 111 553430176 0.0999901294708252
12 0 1 112 553430176 0.1019432544708252
13 0 1 113 553430176 0.09904265403747559
14 0 1 114 553430176 0.10306358337402344
15 0 1 115 553430176 0.10297083854675293
16 0 1 116 553430176 0.0992431640625
17 0 1 117 553430176 0.09853768348693848
18 0 1 118 553430176 0.09980010986328125
