16
3 0 1 103 553430176 0.10662579536437988
4 0 1 104 553430176 0.10149812698364258
5 0 1 105 553430176 0.10199451446533203
6 0 1 106 553430176 0.10745024681091309
7 0 1 107 553430176 0.10636734962463379
8 0 1 108 553430176 0.10492730140686035
9 0 1 109 553430176 0.10595178604125977
10 0 1 110 553430176 0.10727381706237793
11 0 1 111 553430176 0.10696578025817871
12 0 1 112 553430176 0.10581088066101074
13 0 1 113 553430176 0.10331344604492188
14 0 1 114 553430176 0.10418128967285156
15 0 1 115 553430176 0.10617780685424805
16 0 1 116 553430176 0.10293245315551758
17 0 1 117 553430176 0.10331940650939941
18 0 1 118 553430176 0.10422563552856445
