16
3 0 1 103 553430176 0.10863518714904785
4 0 1 104 553430176 0.10421419143676758
5 0 1 105 553430176 0.10334134101867676
6 0 1 106 553430176 0.1094210147857666
7 0 1 107 553430176 0.10879325866699219
8 0 1 108 553430176 0.10227322578430176
9 0 1 109 553430176 0.06844758987426758
10 0 1 110 553430176 0.12821078300476074
11 0 1 111 553430176 0.13300681114196777
12 0 1 112 553430176 0.14017081260681152
13 0 1 113 553430176 0.10290980339050293
14 0 1 114 553430176 0.10120487213134766
15 0 1 115 553430176 0.10335326194763184
16 0 1 116 553430176 0.10362601280212402
17 0 1 117 553430176 0.10148429870605469
18 0 1 118 553430176 0.11086034774780273
