16
3 0 1 103 553430176 0.1026468276977539
4 0 1 104 553430176 0.10130906105041504
5 0 1 105 553430176 0.09531998634338379
6 0 1 106 553430176 0.10258626937866211
7 0 1 107 553430176 0.0963444709777832
8 0 1 108 553430176 0.09785032272338867
9 0 1 109 553430176 0.1070852279663086
10 0 1 110 553430176 0.10241556167602539
11 0 1 111 553430176 0.10335302352905273
12 0 1 112 553430176 0.10205435752868652
13 0 1 113 553430176 0.09943914413452148
14 0 1 114 553430176 0.1038661003112793
15 0 1 115 553430176 0.10353875160217285
16 0 1 116 553430176 0.1035771369934082
17 0 1 117 553430176 0.10308623313903809
18 0 1 118 553430176 0.10313177108764648
