16
3 0 1 103 553430176 0.10370588302612305
4 0 1 104 553430176 0.10495233535766602
5 0 1 105 553430176 0.10813307762145996
6 0 1 106 553430176 0.1045541763305664
7 0 1 107 553430176 0.10684466361999512
8 0 1 108 553430176 0.10299968719482422
9 0 1 109 553430176 0.10885739326477051
10 0 1 110 553430176 0.10628318786621094
11 0 1 111 553430176 0.10578608512878418
12 0 1 112 553430176 0.1031196117401123
13 0 1 113 553430176 0.10293197631835938
14 0 1 114 553430176 0.10481595993041992
15 0 1 115 553430176 0.10603833198547363
16 0 1 116 553430176 0.10542082786560059
17 0 1 117 553430176 0.1034541130065918
18 0 1 118 553430176 0.10561156272888184
