16
3 0 1 103 553430176 0.10265064239501953
4 0 1 104 553430176 0.09920477867126465
5 0 1 105 553430176 0.10167789459228516
6 0 1 106 553430176 0.10240578651428223
7 0 1 107 553430176 0.1032400131225586
8 0 1 108 553430176 0.09902262687683105
9 0 1 109 553430176 0.09952116012573242
10 0 1 110 553430176 0.10211992263793945
11 0 1 111 553430176 0.10265040397644043
12 0 1 112 553430176 0.1029961109161377
13 0 1 113 553430176 0.0991969108581543
14 0 1 114 553430176 0.10223197937011719
15 0 1 115 553430176 0.0992879867553711
16 0 1 116 553430176 0.1014103889465332
17 0 1 117 553430176 0.10289502143859863
18 0 1 118 553430176 0.09925532341003418
