16
3 0 1 103 553430176 0.1026313304901123
4 0 1 104 553430176 0.10282015800476074
5 0 1 105 553430176 0.10377240180969238
6 0 1 106 553430176 0.1055903434753418
7 0 1 107 553430176 0.11060166358947754
8 0 1 108 553430176 0.10949897766113281
9 0 1 109 553430176 0.10529971122741699
10 0 1 110 553430176 0.10755109786987305
11 0 1 111 553430176 0.10863828659057617
12 0 1 112 553430176 0.10788083076477051
13 0 1 113 553430176 0.10878610610961914
14 0 1 114 553430176 0.10723185539245605
15 0 1 115 553430176 0.10661602020263672
16 0 1 116 553430176 0.10329151153564453
17 0 1 117 553430176 0.09891510009765625
18 0 1 118 553430176 0.10392570495605469
