16
3 0 1 103 553430176 0.09744954109191895
4 0 1 104 553430176 0.10594582557678223
5 0 1 105 553430176 0.10407233238220215
6 0 1 106 553430176 0.1050713062286377
7 0 1 107 553430176 0.09915733337402344
8 0 1 108 553430176 0.10277915000915527
9 0 1 109 553430176 0.10116934776306152
10 0 1 110 553430176 0.0979619026184082
11 0 1 111 553430176 0.1025552749633789
12 0 1 112 553430176 0.10147786140441895
13 0 1 113 553430176 0.10268139839172363
14 0 1 114 553430176 0.10132980346679688
15 0 1 115 553430176 0.09816718101501465
16 0 1 116 553430176 0.10257935523986816
17 0 1 117 553430176 0.10208463668823242
18 0 1 118 553430176 0.10193729400634766
