16
3 0 1 103 553430176 0.0977945327758789
4 0 1 104 553430176 0.1026163101196289
5 0 1 105 553430176 0.1021726131439209
6 0 1 106 553430176 0.09840583801269531
7 0 1 107 553430176 0.10173487663269043
8 0 1 108 553430176 0.09752249717712402
9 0 1 109 553430176 0.10151124000549316
10 0 1 110 553430176 0.09461164474487305
11 0 1 111 553430176 0.09494471549987793
12 0 1 112 553430176 0.10243630409240723
13 0 1 113 553430176 0.09849238395690918
14 0 1 114 553430176 0.09433817863464355
15 0 1 115 553430176 0.09815287590026855
16 0 1 116 553430176 0.09836339950561523
17 0 1 117 553430176 0.09842538833618164
18 0 1 118 553430176 0.09901642799377441
