16
3 0 1 103 553430176 0.10115313529968262
4 0 1 104 553430176 0.10211062431335449
5 0 1 105 553430176 0.10245132446289062
6 0 1 106 553430176 0.10205626487731934
7 0 1 107 553430176 0.10248899459838867
8 0 1 108 553430176 0.10233283042907715
9 0 1 109 553430176 0.09798240661621094
10 0 1 110 553430176 0.1071019172668457
11 0 1 111 553430176 0.10420346260070801
12 0 1 112 553430176 0.10718536376953125
13 0 1 113 553430176 0.10399913787841797
14 0 1 114 553430176 0.10506606101989746
15 0 1 115 553430176 0.10502028465270996
16 0 1 116 553430176 0.106353759765625
17 0 1 117 553430176 0.10529947280883789
18 0 1 118 553430176 0.1056981086730957
