16
3 0 1 103 553430176 0.10554027557373047
4 0 1 104 553430176 0.10329866409301758
5 0 1 105 553430176 0.10280442237854004
6 0 1 106 553430176 0.09992814064025879
7 0 1 107 553430176 0.10170578956604004
8 0 1 108 553430176 0.09993457794189453
9 0 1 109 553430176 0.10412096977233887
10 0 1 110 553430176 0.0991671085357666
11 0 1 111 553430176 0.10327506065368652
12 0 1 112 553430176 0.10501408576965332
13 0 1 113 553430176 0.09994626045227051
14 0 1 114 553430176 0.10173511505126953
15 0 1 115 553430176 0.10030436515808105
16 0 1 116 553430176 0.10200309753417969
17 0 1 117 553430176 0.10207843780517578
18 0 1 118 553430176 0.10508370399475098
