16
3 0 1 103 553430176 0.10764598846435547
4 0 1 104 553430176 0.10574078559875488
5 0 1 105 553430176 0.10970425605773926
6 0 1 106 553430176 0.10692381858825684
7 0 1 107 553430176 0.10588717460632324
8 0 1 108 553430176 0.10183858871459961
9 0 1 109 553430176 0.10023713111877441
10 0 1 110 553430176 0.09808659553527832
11 0 1 111 553430176 0.1014714241027832
12 0 1 112 553430176 0.1004953384399414
13 0 1 113 553430176 0.09908223152160645
14 0 1 114 553430176 0.09473800659179688
15 0 1 115 553430176 0.10137033462524414
16 0 1 116 553430176 0.10328030586242676
17 0 1 117 553430176 0.10345458984375
18 0 1 118 553430176 0.09767460823059082
