16
3 0 1 103 553430176 0.10649991035461426
4 0 1 104 553430176 0.10373163223266602
5 0 1 105 553430176 0.10014653205871582
6 0 1 106 553430176 0.10139656066894531
7 0 1 107 553430176 0.10612010955810547
8 0 1 108 553430176 0.1096653938293457
9 0 1 109 553430176 0.09886336326599121
10 0 1 110 553430176 0.10358834266662598
11 0 1 111 553430176 0.10173583030700684
12 0 1 112 553430176 0.10120201110839844
13 0 1 113 553430176 0.10791158676147461
14 0 1 114 553430176 0.10197901725769043
15 0 1 115 553430176 0.10197019577026367
16 0 1 116 553430176 0.10348677635192871
17 0 1 117 553430176 0.1021573543548584
18 0 1 118 553430176 0.10697197914123535
