16
3 0 1 103 553430176 0.10561442375183105
4 0 1 104 553430176 0.10320854187011719
5 0 1 105 553430176 0.11097192764282227
6 0 1 106 553430176 0.10342693328857422
7 0 1 107 553430176 0.10718584060668945
8 0 1 108 553430176 0.10325241088867188
9 0 1 109 553430176 0.10396718978881836
10 0 1 110 553430176 0.10373711585998535
11 0 1 111 553430176 0.10391926765441895
12 0 1 112 553430176 0.10723328590393066
13 0 1 113 553430176 0.10306406021118164
14 0 1 114 553430176 0.1071634292602539
15 0 1 115 553430176 0.10265398025512695
16 0 1 116 553430176 0.09882092475891113
17 0 1 117 553430176 0.10773634910583496
18 0 1 118 553430176 0.1062617301940918
