16
3 0 1 103 553430176 0.1119227409362793
4 0 1 104 553430176 0.10537147521972656
5 0 1 105 553430176 0.10342240333557129
6 0 1 106 553430176 0.10724043846130371
7 0 1 107 553430176 0.10776114463806152
8 0 1 108 553430176 0.10461306571960449
9 0 1 109 553430176 0.10563516616821289
10 0 1 110 553430176 0.10647106170654297
11 0 1 111 553430176 0.11600351333618164
12 0 1 112 553430176 0.11207127571105957
13 0 1 113 553430176 0.10573887825012207
14 0 1 114 553430176 0.10666251182556152
15 0 1 115 553430176 0.10695314407348633
16 0 1 116 553430176 0.09886932373046875
17 0 1 117 553430176 0.09938335418701172
18 0 1 118 553430176 0.09475898742675781
