16
3 0 1 103 553430176 0.10708379745483398
4 0 1 104 553430176 0.10357499122619629
5 0 1 105 553430176 0.10671186447143555
6 0 1 106 553430176 0.10099053382873535
7 0 1 107 553430176 0.10556316375732422
8 0 1 108 553430176 0.1070551872253418
9 0 1 109 553430176 0.10493087768554688
10 0 1 110 553430176 0.10640811920166016
11 0 1 111 553430176 0.10532379150390625
12 0 1 112 553430176 0.1076192855834961
13 0 1 113 553430176 0.10524940490722656
14 0 1 114 553430176 0.11374402046203613
15 0 1 115 553430176 0.059556007385253906
16 0 1 116 553430176 0.10703563690185547
17 0 1 117 553430176 0.103668212890625
18 0 1 118 553430176 0.10405755043029785
