16
3 0 1 103 553430176 0.10166525840759277
4 0 1 104 553430176 0.1022801399230957
5 0 1 105 553430176 0.10231137275695801
6 0 1 106 553430176 0.10288619995117188
7 0 1 107 553430176 0.10521435737609863
8 0 1 108 553430176 0.10275006294250488
9 0 1 109 553430176 0.10755085945129395
10 0 1 110 553430176 0.10466313362121582
11 0 1 111 553430176 0.1043708324432373
12 0 1 112 553430176 0.10387921333312988
13 0 1 113 553430176 0.11764717102050781
14 0 1 114 553430176 0.1021575927734375
15 0 1 115 553430176 0.10292744636535645
16 0 1 116 553430176 0.10473346710205078
17 0 1 117 553430176 0.11027646064758301
18 0 1 118 553430176 0.10495233535766602
