16
3 0 1 103 553430176 0.09841775894165039
4 0 1 104 553430176 0.09467911720275879
5 0 1 105 553430176 0.10058164596557617
6 0 1 106 553430176 0.09546136856079102
7 0 1 107 553430176 0.10256838798522949
8 0 1 108 553430176 0.10317111015319824
9 0 1 109 553430176 0.102874755859375
10 0 1 110 553430176 0.10191750526428223
11 0 1 111 553430176 0.10101771354675293
12 0 1 112 553430176 0.10179328918457031
13 0 1 113 553430176 0.10127115249633789
14 0 1 114 553430176 0.10189270973205566
15 0 1 115 553430176 0.1057126522064209
16 0 1 116 553430176 0.10207056999206543
17 0 1 117 553430176 0.10272645950317383
18 0 1 118 553430176 0.10660481452941895
