16
3 0 1 103 553430176 0.10386490821838379
4 0 1 104 553430176 0.10121488571166992
5 0 1 105 553430176 0.09990239143371582
6 0 1 106 553430176 0.10205388069152832
7 0 1 107 553430176 0.10187935829162598
8 0 1 108 553430176 0.10159587860107422
9 0 1 109 553430176 0.09951281547546387
10 0 1 110 553430176 0.1021566390991211
11 0 1 111 553430176 0.10435199737548828
12 0 1 112 553430176 0.10384106636047363
13 0 1 113 553430176 0.10014104843139648
14 0 1 114 553430176 0.1020967960357666
15 0 1 115 553430176 0.10088467597961426
16 0 1 116 553430176 0.10302019119262695
17 0 1 117 553430176 0.10779237747192383
18 0 1 118 553430176 0.10056352615356445
