16
3 0 1 103 553430176 0.10443735122680664
4 0 1 104 553430176 0.10688281059265137
5 0 1 105 553430176 0.10577392578125
6 0 1 106 553430176 0.10455203056335449
7 0 1 107 553430176 0.10184288024902344
8 0 1 108 553430176 0.10279273986816406
9 0 1 109 553430176 0.10216212272644043
10 0 1 110 553430176 0.10144305229187012
11 0 1 111 553430176 0.10220050811767578
12 0 1 112 553430176 0.10536432266235352
13 0 1 113 553430176 0.10493755340576172
14 0 1 114 553430176 0.1048579216003418
15 0 1 115 553430176 0.10262298583984375
16 0 1 116 553430176 0.09498882293701172
17 0 1 117 553430176 0.10279631614685059
18 0 1 118 553430176 0.10451364517211914
