16
3 0 1 103 553430176 0.10359835624694824
4 0 1 104 553430176 0.1046445369720459
5 0 1 105 553430176 0.10516738891601562
6 0 1 106 553430176 0.10277915000915527
7 0 1 107 553430176 0.10188579559326172
8 0 1 108 553430176 0.10149383544921875
9 0 1 109 553430176 0.09774923324584961
10 0 1 110 553430176 0.10316824913024902
11 0 1 111 553430176 0.10689067840576172
12 0 1 112 553430176 0.10459375381469727
13 0 1 113 553430176 0.10465574264526367
14 0 1 114 553430176 0.09890580177307129
15 0 1 115 553430176 0.10499048233032227
16 0 1 116 553430176 0.10494589805603027
17 0 1 117 553430176 0.10588908195495605
18 0 1 118 553430176 0.10243916511535645
