16
3 0 1 103 553430176 0.09868073463439941
4 0 1 104 553430176 0.10136818885803223
5 0 1 105 553430176 0.10207486152648926
6 0 1 106 553430176 0.09833025932312012
7 0 1 107 553430176 0.09820890426635742
8 0 1 108 553430176 0.09895730018615723
9 0 1 109 553430176 0.09859442710876465
10 0 1 110 553430176 0.10070252418518066
11 0 1 111 553430176 0.10230660438537598
12 0 1 112 553430176 0.09736967086791992
13 0 1 113 553430176 0.10203146934509277
14 0 1 114 553430176 0.10132169723510742
15 0 1 115 553430176 0.1034536361694336
16 0 1 116 553430176 0.0986027717590332
17 0 1 117 553430176 0.10205984115600586
18 0 1 118 553430176 0.1002497673034668
