16
3 0 1 103 553430176 0.10771584510803223
4 0 1 104 553430176 0.10505867004394531
5 0 1 105 553430176 0.10477256774902344
6 0 1 106 553430176 0.10906720161437988
7 0 1 107 553430176 0.11010408401489258
8 0 1 108 553430176 0.10495114326477051
9 0 1 109 553430176 0.0905771255493164
10 0 1 110 553430176 0.09931135177612305
11 0 1 111 553430176 0.09817147254943848
12 0 1 112 553430176 0.10058975219726562
13 0 1 113 553430176 0.09939455986022949
14 0 1 114 553430176 0.09978127479553223
15 0 1 115 553430176 0.09725427627563477
16 0 1 116 553430176 0.1013174057006836
17 0 1 117 553430176 0.0965890884399414
18 0 1 118 553430176 0.10158944129943848
