16
3 0 1 103 553430176 0.10531449317932129
4 0 1 104 553430176 0.10583996772766113
5 0 1 105 553430176 0.09941434860229492
6 0 1 106 553430176 0.09572482109069824
7 0 1 107 553430176 0.10268783569335938
8 0 1 108 553430176 0.10177922248840332
9 0 1 109 553430176 0.10242247581481934
10 0 1 110 553430176 0.10463833808898926
11 0 1 111 553430176 0.10211062431335449
12 0 1 112 553430176 0.10270500183105469
13 0 1 113 553430176 0.10424065589904785
14 0 1 114 553430176 0.11046195030212402
15 0 1 115 553430176 0.10838675498962402
16 0 1 116 553430176 0.10196185111999512
17 0 1 117 553430176 0.10436582565307617
18 0 1 118 553430176 0.10505104064941406
