16
3 0 1 103 553430176 0.10251855850219727
4 0 1 104 553430176 0.10252070426940918
5 0 1 105 553430176 0.09770393371582031
6 0 1 106 553430176 0.09845399856567383
7 0 1 107 553430176 0.1020808219909668
8 0 1 108 553430176 0.0993504524230957
9 0 1 109 553430176 0.10282301902770996
10 0 1 110 553430176 0.10120129585266113
11 0 1 111 553430176 0.09790730476379395
12 0 1 112 553430176 0.09584355354309082
13 0 1 113 553430176 0.09848260879516602
14 0 1 114 553430176 0.10120844841003418
15 0 1 115 553430176 0.10389375686645508
16 0 1 116 553430176 0.10659480094909668
17 0 1 117 553430176 0.10698676109313965
18 0 1 118 553430176 0.10554289817810059
