16
3 0 1 103 553430176 0.1072072982788086
4 0 1 104 553430176 0.11015462875366211
5 0 1 105 553430176 0.10407686233520508
6 0 1 106 553430176 0.10692143440246582
7 0 1 107 553430176 0.10553932189941406
8 0 1 108 553430176 0.10466837882995605
9 0 1 109 553430176 0.09889030456542969
10 0 1 110 553430176 0.10078096389770508
11 0 1 111 553430176 0.09848141670227051
12 0 1 112 553430176 0.09624338150024414
13 0 1 113 553430176 0.10339665412902832
14 0 1 114 553430176 0.10187697410583496
15 0 1 115 553430176 0.09964871406555176
16 0 1 116 553430176 0.09827399253845215
17 0 1 117 553430176 0.09565949440002441
18 0 1 118 553430176 0.09852957725524902
