16
3 0 1 103 553430176 0.10549354553222656
4 0 1 104 553430176 0.09866023063659668
5 0 1 105 553430176 0.10173273086547852
6 0 1 106 553430176 0.10287022590637207
7 0 1 107 553430176 0.10235977172851562
8 0 1 108 553430176 0.10279488563537598
9 0 1 109 553430176 0.10245800018310547
10 0 1 110 553430176 0.10287904739379883
11 0 1 111 553430176 0.10395979881286621
12 0 1 112 553430176 0.1034078598022461
13 0 1 113 553430176 0.10444331169128418
14 0 1 114 553430176 0.10537314414978027
15 0 1 115 553430176 0.10717487335205078
16 0 1 116 553430176 0.10549092292785645
17 0 1 117 553430176 0.10307192802429199
18 0 1 118 553430176 0.1020359992980957
