16
3 0 1 103 553430176 0.09794759750366211
4 0 1 104 553430176 0.10147595405578613
5 0 1 105 553430176 0.09794163703918457
6 0 1 106 553430176 0.10007667541503906
7 0 1 107 553430176 0.09915494918823242
8 0 1 108 553430176 0.10436892509460449
9 0 1 109 553430176 0.10273122787475586
10 0 1 110 553430176 0.10093450546264648
11 0 1 111 553430176 0.10366249084472656
12 0 1 112 553430176 0.09824490547180176
13 0 1 113 553430176 0.09887409210205078
14 0 1 114 553430176 0.1013784408569336
15 0 1 115 553430176 0.10204911231994629
16 0 1 116 553430176 0.10403227806091309
17 0 1 117 553430176 0.10164642333984375
18 0 1 118 553430176 0.10669088363647461
