16
3 0 1 103 553430176 0.10406947135925293
4 0 1 104 553430176 0.10498404502868652
5 0 1 105 553430176 0.10728025436401367
6 0 1 106 553430176 0.11156034469604492
7 0 1 107 553430176 0.10838651657104492
8 0 1 108 553430176 0.10903358459472656
9 0 1 109 553430176 0.10734677314758301
10 0 1 110 553430176 0.10947656631469727
11 0 1 111 553430176 0.10747790336608887
12 0 1 112 553430176 0.1062624454498291
13 0 1 113 553430176 0.10257720947265625
14 0 1 114 553430176 0.10306906700134277
15 0 1 115 553430176 0.10885977745056152
16 0 1 116 553430176 0.10298347473144531
17 0 1 117 553430176 0.10285663604736328
18 0 1 118 553430176 0.10339498519897461
