16
3 0 1 103 553430176 0.10170626640319824
4 0 1 104 553430176 0.09827065467834473
5 0 1 105 553430176 0.10382556915283203
6 0 1 106 553430176 0.10189032554626465
7 0 1 107 553430176 0.10250663757324219
8 0 1 108 553430176 0.10086369514465332
9 0 1 109 553430176 0.09837627410888672
10 0 1 110 553430176 0.10205841064453125
11 0 1 111 553430176 0.09809541702270508
12 0 1 112 553430176 0.09904217720031738
13 0 1 113 553430176 0.10075783729553223
14 0 1 114 553430176 0.10653853416442871
15 0 1 115 553430176 0.09906291961669922
16 0 1 116 553430176 0.09796714782714844
17 0 1 117 553430176 0.10176348686218262
18 0 1 118 553430176 0.11009883880615234
