16
3 0 1 103 553430176 0.10332536697387695
4 0 1 104 553430176 0.10278773307800293
5 0 1 105 553430176 0.10357260704040527
6 0 1 106 553430176 0.10869455337524414
7 0 1 107 553430176 0.10847687721252441
8 0 1 108 553430176 0.10593461990356445
9 0 1 109 553430176 0.10329604148864746
10 0 1 110 553430176 0.10344362258911133
11 0 1 111 553430176 0.10276412963867188
12 0 1 112 553430176 0.0997610092163086
13 0 1 113 553430176 0.10286617279052734
14 0 1 114 553430176 0.10695719718933105
15 0 1 115 553430176 0.10258626937866211
16 0 1 116 553430176 0.10198211669921875
17 0 1 117 553430176 0.10250139236450195
18 0 1 118 553430176 0.09861159324645996
