16
3 0 1 103 553430176 0.1027071475982666
4 0 1 104 553430176 0.1036069393157959
5 0 1 105 553430176 0.10407757759094238
6 0 1 106 553430176 0.10169863700866699
7 0 1 107 553430176 0.10191965103149414
8 0 1 108 553430176 0.10279464721679688
9 0 1 109 553430176 0.09968280792236328
10 0 1 110 553430176 0.09910035133361816
11 0 1 111 553430176 0.10477709770202637
12 0 1 112 553430176 0.10201263427734375
13 0 1 113 553430176 0.10190272331237793
14 0 1 114 553430176 0.09575366973876953
15 0 1 115 553430176 0.10269784927368164
16 0 1 116 553430176 0.10017132759094238
17 0 1 117 553430176 0.10377979278564453
18 0 1 118 553430176 0.10137152671813965
