16
3 0 1 103 553430176 0.10429859161376953
4 0 1 104 553430176 0.10662150382995605
5 0 1 105 553430176 0.10805845260620117
6 0 1 106 553430176 0.10300827026367188
7 0 1 107 553430176 0.10482192039489746
8 0 1 108 553430176 0.10583972930908203
9 0 1 109 553430176 0.1025998592376709
10 0 1 110 553430176 0.11043405532836914
11 0 1 111 553430176 0.10312819480895996
12 0 1 112 553430176 0.1027681827545166
13 0 1 113 553430176 0.10701155662536621
14 0 1 114 553430176 0.11511635780334473
15 0 1 115 553430176 0.1015787124633789
16 0 1 116 553430176 0.1007072925567627
17 0 1 117 553430176 0.10255146026611328
18 0 1 118 553430176 0.1074833869934082
