16
3 0 1 103 553430176 0.10479283332824707
4 0 1 104 553430176 0.10085439682006836
5 0 1 105 553430176 0.10116124153137207
6 0 1 106 553430176 0.1023554801940918
7 0 1 107 553430176 0.10521626472473145
8 0 1 108 553430176 0.10206151008605957
9 0 1 109 553430176 0.10285043716430664
10 0 1 110 553430176 0.10385346412658691
11 0 1 111 553430176 0.10306167602539062
12 0 1 112 553430176 0.10192632675170898
13 0 1 113 553430176 0.09902834892272949
14 0 1 114 553430176 0.09922361373901367
15 0 1 115 553430176 0.10592532157897949
16 0 1 116 553430176 0.10542130470275879
17 0 1 117 553430176 0.10199832916259766
18 0 1 118 553430176 0.10750555992126465
