16
3 0 1 103 553430176 0.09865355491638184
4 0 1 104 553430176 0.10151004791259766
5 0 1 105 553430176 0.09848403930664062
6 0 1 106 553430176 0.09855866432189941
7 0 1 107 553430176 0.10238027572631836
8 0 1 108 553430176 0.10449004173278809
9 0 1 109 553430176 0.10624885559082031
10 0 1 110 553430176 0.05849504470825195
11 0 1 111 553430176 0.09750962257385254
12 0 1 112 553430176 0.10236907005310059
13 0 1 113 553430176 0.09832978248596191
14 0 1 114 553430176 0.10180544853210449
15 0 1 115 553430176 0.09900522232055664
16 0 1 116 553430176 0.09797883033752441
17 0 1 117 553430176 0.10240745544433594
18 0 1 118 553430176 0.10282254219055176
