16
3 0 1 103 553430176 0.10441875457763672
4 0 1 104 553430176 0.10641789436340332
5 0 1 105 553430176 0.10551929473876953
6 0 1 106 553430176 0.06160283088684082
7 0 1 107 553430176 0.0980079174041748
8 0 1 108 553430176 0.10188889503479004
9 0 1 109 553430176 0.10567116737365723
10 0 1 110 553430176 0.10102367401123047
11 0 1 111 553430176 0.09938168525695801
12 0 1 112 553430176 0.09901142120361328
13 0 1 113 553430176 0.09931778907775879
14 0 1 114 553430176 0.09853339195251465
15 0 1 115 553430176 0.10835099220275879
16 0 1 116 553430176 0.10200047492980957
17 0 1 117 553430176 0.10052371025085449
18 0 1 118 553430176 0.10279655456542969
