16
3 0 1 103 553430176 0.09903097152709961
4 0 1 104 553430176 0.10179352760314941
5 0 1 105 553430176 0.10247135162353516
6 0 1 106 553430176 0.09832024574279785
7 0 1 107 553430176 0.10223937034606934
8 0 1 108 553430176 0.10266780853271484
9 0 1 109 553430176 0.09820318222045898
10 0 1 110 553430176 0.1026453971862793
11 0 1 111 553430176 0.09911346435546875
12 0 1 112 553430176 0.10229063034057617
13 0 1 113 553430176 0.10163044929504395
14 0 1 114 553430176 0.10600423812866211
15 0 1 115 553430176 0.10879135131835938
16 0 1 116 553430176 0.10280537605285645
17 0 1 117 553430176 0.1031348705291748
18 0 1 118 553430176 0.10778999328613281
