16
3 0 1 103 553430176 0.11248636245727539
4 0 1 104 553430176 0.10716891288757324
5 0 1 105 553430176 0.1034996509552002
6 0 1 106 553430176 0.1033163070678711
7 0 1 107 553430176 0.10446476936340332
8 0 1 108 553430176 0.10638284683227539
9 0 1 109 553430176 0.10518670082092285
10 0 1 110 553430176 0.10361003875732422
11 0 1 111 553430176 0.10799193382263184
12 0 1 112 553430176 0.10457205772399902
13 0 1 113 553430176 0.10644793510437012
14 0 1 114 553430176 0.10340356826782227
15 0 1 115 553430176 0.1045682430267334
16 0 1 116 553430176 0.10633325576782227
17 0 1 117 553430176 0.1062624454498291
18 0 1 118 553430176 0.1062164306640625
