16
3 0 1 103 553430176 0.10510802268981934
4 0 1 104 553430176 0.10256433486938477
5 0 1 105 553430176 0.10208630561828613
6 0 1 106 553430176 0.10262322425842285
7 0 1 107 553430176 0.09873461723327637
8 0 1 108 553430176 0.10231304168701172
9 0 1 109 553430176 0.10259127616882324
10 0 1 110 553430176 0.10190582275390625
11 0 1 111 553430176 0.10790061950683594
12 0 1 112 553430176 0.10456967353820801
13 0 1 113 553430176 0.10604476928710938
14 0 1 114 553430176 0.10584139823913574
15 0 1 115 553430176 0.09878897666931152
16 0 1 116 553430176 0.10212111473083496
17 0 1 117 553430176 0.10146927833557129
18 0 1 118 553430176 0.0977482795715332
