16
3 0 1 103 553430176 0.10492205619812012
4 0 1 104 553430176 0.10757112503051758
5 0 1 105 553430176 0.09789681434631348
6 0 1 106 553430176 0.10683536529541016
7 0 1 107 553430176 0.10855770111083984
8 0 1 108 553430176 0.09798598289489746
9 0 1 109 553430176 0.1024026870727539
10 0 1 110 553430176 0.10247015953063965
11 0 1 111 553430176 0.10174179077148438
12 0 1 112 553430176 0.1062922477722168
13 0 1 113 553430176 0.10282611846923828
14 0 1 114 553430176 0.11073875427246094
15 0 1 115 553430176 0.10764336585998535
16 0 1 116 553430176 0.10425257682800293
17 0 1 117 553430176 0.10725760459899902
18 0 1 118 553430176 0.11124682426452637
