16
3 0 1 103 553430176 0.10776448249816895
4 0 1 104 553430176 0.10555315017700195
5 0 1 105 553430176 0.10730957984924316
6 0 1 106 553430176 0.10343408584594727
7 0 1 107 553430176 0.10706424713134766
8 0 1 108 553430176 0.10419058799743652
9 0 1 109 553430176 0.10236740112304688
10 0 1 110 553430176 0.10166406631469727
11 0 1 111 553430176 0.09957098960876465
12 0 1 112 553430176 0.10314631462097168
13 0 1 113 553430176 0.1059885025024414
14 0 1 114 553430176 0.10323023796081543
15 0 1 115 553430176 0.1032102108001709
16 0 1 116 553430176 0.10427737236022949
17 0 1 117 553430176 0.10253214836120605
18 0 1 118 553430176 0.09983634948730469
