16
3 0 1 103 553430176 0.10239768028259277
4 0 1 104 553430176 0.09920573234558105
5 0 1 105 553430176 0.09821796417236328
6 0 1 106 553430176 0.09893035888671875
7 0 1 107 553430176 0.09886479377746582
8 0 1 108 553430176 0.10111808776855469
9 0 1 109 553430176 0.10237717628479004
10 0 1 110 553430176 0.0982663631439209
11 0 1 111 553430176 0.0982503890991211
12 0 1 112 553430176 0.09948945045471191
13 0 1 113 553430176 0.09992671012878418
14 0 1 114 553430176 0.10491466522216797
15 0 1 115 553430176 0.10683226585388184
16 0 1 116 553430176 0.10860896110534668
17 0 1 117 553430176 0.10437512397766113
18 0 1 118 553430176 0.1026008129119873
