16
3 0 1 103 553430176 0.10699915885925293
4 0 1 104 553430176 0.10500431060791016
5 0 1 105 553430176 0.10725522041320801
6 0 1 106 553430176 0.10616922378540039
7 0 1 107 553430176 0.10509204864501953
8 0 1 108 553430176 0.10730433464050293
9 0 1 109 553430176 0.10503172874450684
10 0 1 110 553430176 0.10395359992980957
11 0 1 111 553430176 0.1074368953704834
12 0 1 112 553430176 0.1069185733795166
13 0 1 113 553430176 0.1054987907409668
14 0 1 114 553430176 0.1029806137084961
15 0 1 115 553430176 0.1060178279876709
16 0 1 116 553430176 0.10257816314697266
17 0 1 117 553430176 0.10786986351013184
18 0 1 118 553430176 0.10428142547607422
