16
3 0 1 103 553430176 0.10372757911682129
4 0 1 104 553430176 0.10333538055419922
5 0 1 105 553430176 0.10717511177062988
6 0 1 106 553430176 0.10339188575744629
7 0 1 107 553430176 0.10387778282165527
8 0 1 108 553430176 0.10326933860778809
9 0 1 109 553430176 0.10281229019165039
10 0 1 110 553430176 0.10360503196716309
11 0 1 111 553430176 0.10370230674743652
12 0 1 112 553430176 0.10424947738647461
13 0 1 113 553430176 0.10359358787536621
14 0 1 114 553430176 0.10312438011169434
15 0 1 115 553430176 0.10860490798950195
16 0 1 116 553430176 0.10653209686279297
17 0 1 117 553430176 0.10306143760681152
18 0 1 118 553430176 0.10968255996704102
