16
3 0 1 103 553430176 0.10248088836669922
4 0 1 104 553430176 0.10860562324523926
5 0 1 105 553430176 0.10441040992736816
6 0 1 106 553430176 0.10959577560424805
7 0 1 107 553430176 0.10906481742858887
8 0 1 108 553430176 0.10653901100158691
9 0 1 109 553430176 0.11069512367248535
10 0 1 110 553430176 0.10579729080200195
11 0 1 111 553430176 0.10569596290588379
12 0 1 112 553430176 0.11481332778930664
13 0 1 113 553430176 0.10521936416625977
14 0 1 114 553430176 0.10504508018493652
15 0 1 115 553430176 0.10688257217407227
16 0 1 116 553430176 0.10817098617553711
17 0 1 117 553430176 0.10665249824523926
18 0 1 118 553430176 0.10645890235900879
