16
3 0 1 103 553430176 0.10183191299438477
4 0 1 104 553430176 0.10609006881713867
5 0 1 105 553430176 0.10319900512695312
6 0 1 106 553430176 0.10598182678222656
7 0 1 107 553430176 0.10525012016296387
8 0 1 108 553430176 0.10307145118713379
9 0 1 109 553430176 0.1030111312866211
10 0 1 110 553430176 0.1016702651977539
11 0 1 111 553430176 0.10581040382385254
12 0 1 112 553430176 0.10643863677978516
13 0 1 113 553430176 0.10548520088195801
14 0 1 114 553430176 0.10576534271240234
15 0 1 115 553430176 0.10607743263244629
16 0 1 116 553430176 0.10267782211303711
17 0 1 117 553430176 0.10484528541564941
18 0 1 118 553430176 0.10401701927185059
