16
3 0 1 103 553430176 0.10397124290466309
4 0 1 104 553430176 0.1011800765991211
5 0 1 105 553430176 0.1070404052734375
6 0 1 106 553430176 0.10222768783569336
7 0 1 107 553430176 0.10668039321899414
8 0 1 108 553430176 0.10293412208557129
9 0 1 109 553430176 0.10587763786315918
10 0 1 110 553430176 0.10214352607727051
11 0 1 111 553430176 0.10267376899719238
12 0 1 112 553430176 0.10149192810058594
13 0 1 113 553430176 0.10795807838439941
14 0 1 114 553430176 0.10414719581604004
15 0 1 115 553430176 0.10223984718322754
16 0 1 116 553430176 0.10150480270385742
17 0 1 117 553430176 0.1033940315246582
18 0 1 118 553430176 0.10399127006530762
