16
3 0 1 103 553430176 0.10051703453063965
4 0 1 104 553430176 0.1036829948425293
5 0 1 105 553430176 0.10077023506164551
6 0 1 106 553430176 0.10210037231445312
7 0 1 107 553430176 0.10146522521972656
8 0 1 108 553430176 0.09514594078063965
9 0 1 109 553430176 0.09386229515075684
10 0 1 110 553430176 0.09819293022155762
11 0 1 111 553430176 0.09414529800415039
12 0 1 112 553430176 0.09441304206848145
13 0 1 113 553430176 0.09149360656738281
14 0 1 114 553430176 0.09739184379577637
15 0 1 115 553430176 0.09699892997741699
16 0 1 116 553430176 0.0952308177947998
17 0 1 117 553430176 0.09494423866271973
18 0 1 118 553430176 0.0983269214630127
