16
3 0 1 103 553430176 0.09923577308654785
4 0 1 104 553430176 0.10320544242858887
5 0 1 105 553430176 0.10174798965454102
6 0 1 106 553430176 0.10706210136413574
7 0 1 107 553430176 0.10613799095153809
8 0 1 108 553430176 0.10163593292236328
9 0 1 109 553430176 0.09989023208618164
10 0 1 110 553430176 0.1089329719543457
11 0 1 111 553430176 0.10283613204956055
12 0 1 112 553430176 0.10566878318786621
13 0 1 113 553430176 0.11071419715881348
14 0 1 114 553430176 0.10396909713745117
15 0 1 115 553430176 0.10292935371398926
16 0 1 116 553430176 0.10303306579589844
17 0 1 117 553430176 0.1049814224243164
18 0 1 118 553430176 0.10371589660644531
