16
3 0 1 103 553430176 0.10234975814819336
4 0 1 104 553430176 0.10364937782287598
5 0 1 105 553430176 0.10378789901733398
6 0 1 106 553430176 0.1018974781036377
7 0 1 107 553430176 0.10250282287597656
8 0 1 108 553430176 0.10258293151855469
9 0 1 109 553430176 0.10283184051513672
10 0 1 110 553430176 0.10115480422973633
11 0 1 111 553430176 0.1034400463104248
12 0 1 112 553430176 0.10284018516540527
13 0 1 113 553430176 0.10703754425048828
14 0 1 114 553430176 0.10253262519836426
15 0 1 115 553430176 0.10627985000610352
16 0 1 116 553430176 0.10222506523132324
17 0 1 117 553430176 0.10208988189697266
18 0 1 118 553430176 0.10111522674560547
