16
3 0 1 103 553430176 0.10218572616577148
4 0 1 104 553430176 0.10622334480285645
5 0 1 105 553430176 0.10430002212524414
6 0 1 106 553430176 0.10651302337646484
7 0 1 107 553430176 0.10404467582702637
8 0 1 108 553430176 0.10515522956848145
9 0 1 109 553430176 0.09964299201965332
10 0 1 110 553430176 0.1052088737487793
11 0 1 111 553430176 0.10529351234436035
12 0 1 112 553430176 0.1044764518737793
13 0 1 113 553430176 0.1053919792175293
14 0 1 114 553430176 0.10613083839416504
15 0 1 115 553430176 0.10239958763122559
16 0 1 116 553430176 0.10444998741149902
17 0 1 117 553430176 0.10503530502319336
18 0 1 118 553430176 0.10384511947631836
