16
3 0 1 103 553430176 0.10473084449768066
4 0 1 104 553430176 0.09911227226257324
5 0 1 105 553430176 0.10080122947692871
6 0 1 106 553430176 0.1073920726776123
7 0 1 107 553430176 0.10474944114685059
8 0 1 108 553430176 0.10394001007080078
9 0 1 109 553430176 0.10524582862854004
10 0 1 110 553430176 0.10705399513244629
11 0 1 111 553430176 0.10496234893798828
12 0 1 112 553430176 0.10625910758972168
13 0 1 113 553430176 0.10407304763793945
14 0 1 114 553430176 0.10668778419494629
15 0 1 115 553430176 0.10680222511291504
16 0 1 116 553430176 0.10631537437438965
17 0 1 117 553430176 0.10314416885375977
18 0 1 118 553430176 0.10553908348083496
