16
3 0 1 103 553430176 0.10431766510009766
4 0 1 104 553430176 0.10500955581665039
5 0 1 105 553430176 0.10841751098632812
6 0 1 106 553430176 0.10541820526123047
7 0 1 107 553430176 0.10250329971313477
8 0 1 108 553430176 0.10017681121826172
9 0 1 109 553430176 0.10312581062316895
10 0 1 110 553430176 0.10517573356628418
11 0 1 111 553430176 0.10476899147033691
12 0 1 112 553430176 0.10148835182189941
13 0 1 113 553430176 0.1055901050567627
14 0 1 114 553430176 0.10917806625366211
15 0 1 115 553430176 0.1048588752746582
16 0 1 116 553430176 0.10995721817016602
17 0 1 117 553430176 0.10306763648986816
18 0 1 118 553430176 0.1067802906036377
