16
3 0 1 103 553430176 0.09831047058105469
4 0 1 104 553430176 0.09765267372131348
5 0 1 105 553430176 0.09722304344177246
6 0 1 106 553430176 0.09540772438049316
7 0 1 107 553430176 0.09730982780456543
8 0 1 108 553430176 0.09865164756774902
9 0 1 109 553430176 0.09877204895019531
10 0 1 110 553430176 0.09910297393798828
11 0 1 111 553430176 0.09752464294433594
12 0 1 112 553430176 0.0984041690826416
13 0 1 113 553430176 0.09868574142456055
14 0 1 114 553430176 0.09535980224609375
15 0 1 115 553430176 0.09469723701477051
16 0 1 116 553430176 0.10198545455932617
17 0 1 117 553430176 0.0981440544128418
18 0 1 118 553430176 0.09857511520385742
