16
3 0 1 103 553430176 0.10747218132019043
4 0 1 104 553430176 0.10673713684082031
5 0 1 105 553430176 0.10223793983459473
6 0 1 106 553430176 0.10460543632507324
7 0 1 107 553430176 0.09993314743041992
8 0 1 108 553430176 0.10389971733093262
9 0 1 109 553430176 0.1062929630279541
10 0 1 110 553430176 0.10631656646728516
11 0 1 111 553430176 0.10739994049072266
12 0 1 112 553430176 0.10504484176635742
13 0 1 113 553430176 0.10398411750793457
14 0 1 114 553430176 0.1015005111694336
15 0 1 115 553430176 0.1059257984161377
16 0 1 116 553430176 0.0982666015625
17 0 1 117 553430176 0.10733413696289062
18 0 1 118 553430176 0.11041808128356934
