16
3 0 1 103 553430176 0.10215401649475098
4 0 1 104 553430176 0.10756850242614746
5 0 1 105 553430176 0.1068270206451416
6 0 1 106 553430176 0.10175037384033203
7 0 1 107 553430176 0.09461045265197754
8 0 1 108 553430176 0.10155677795410156
9 0 1 109 553430176 0.10375261306762695
10 0 1 110 553430176 0.10679197311401367
11 0 1 111 553430176 0.1028895378112793
12 0 1 112 553430176 0.10544848442077637
13 0 1 113 553430176 0.09912538528442383
14 0 1 114 553430176 0.10638546943664551
15 0 1 115 553430176 0.10428595542907715
16 0 1 116 553430176 0.10720038414001465
17 0 1 117 553430176 0.1037912368774414
18 0 1 118 553430176 0.10055780410766602
