16
3 0 1 103 553430176 0.10744214057922363
4 0 1 104 553430176 0.10599851608276367
5 0 1 105 553430176 0.10878181457519531
6 0 1 106 553430176 0.0727534294128418
7 0 1 107 553430176 0.11642813682556152
8 0 1 108 553430176 0.13858294486999512
9 0 1 109 553430176 0.12300753593444824
10 0 1 110 553430176 0.10100507736206055
11 0 1 111 553430176 0.10809612274169922
12 0 1 112 553430176 0.11837315559387207
13 0 1 113 553430176 0.1082601547241211
14 0 1 114 553430176 0.10825872421264648
15 0 1 115 553430176 0.10157489776611328
16 0 1 116 553430176 0.10725283622741699
17 0 1 117 553430176 0.10480856895446777
18 0 1 118 553430176 0.10160970687866211
