16
3 0 1 103 553430176 0.0947868824005127
4 0 1 104 553430176 0.0990293025970459
5 0 1 105 553430176 0.09523296356201172
6 0 1 106 553430176 0.09864473342895508
7 0 1 107 553430176 0.09775757789611816
8 0 1 108 553430176 0.0985262393951416
9 0 1 109 553430176 0.09575438499450684
10 0 1 110 553430176 0.0991675853729248
11 0 1 111 553430176 0.09752058982849121
12 0 1 112 553430176 0.1061410903930664
13 0 1 113 553430176 0.1124875545501709
14 0 1 114 553430176 0.10631537437438965
15 0 1 115 553430176 0.1016545295715332
16 0 1 116 553430176 0.09921383857727051
17 0 1 117 553430176 0.09487748146057129
18 0 1 118 553430176 0.0992577075958252
