16
3 0 1 103 553430176 0.10573458671569824
4 0 1 104 553430176 0.10538649559020996
5 0 1 105 553430176 0.11147809028625488
6 0 1 106 553430176 0.10650181770324707
7 0 1 107 553430176 0.10766410827636719
8 0 1 108 553430176 0.10938119888305664
9 0 1 109 553430176 0.1106867790222168
10 0 1 110 553430176 0.10839200019836426
11 0 1 111 553430176 0.1049337387084961
12 0 1 112 553430176 0.10902094841003418
13 0 1 113 553430176 0.1065218448638916
14 0 1 114 553430176 0.11232376098632812
15 0 1 115 553430176 0.10759210586547852
16 0 1 116 553430176 0.10766959190368652
17 0 1 117 553430176 0.10383868217468262
18 0 1 118 553430176 0.10641312599182129
