16
3 0 1 103 553430176 0.10220742225646973
4 0 1 104 553430176 0.10432004928588867
5 0 1 105 553430176 0.1020808219909668
6 0 1 106 553430176 0.10256600379943848
7 0 1 107 553430176 0.10282683372497559
8 0 1 108 553430176 0.09889984130859375
9 0 1 109 553430176 0.0565791130065918
10 0 1 110 553430176 0.10170245170593262
11 0 1 111 553430176 0.10582470893859863
12 0 1 112 553430176 0.10169577598571777
13 0 1 113 553430176 0.10706424713134766
14 0 1 114 553430176 0.10449099540710449
15 0 1 115 553430176 0.10532450675964355
16 0 1 116 553430176 0.09690618515014648
17 0 1 117 553430176 0.09941530227661133
18 0 1 118 553430176 0.099334716796875
