16
3 0 1 103 553430176 0.09929037094116211
4 0 1 104 553430176 0.09496045112609863
5 0 1 105 553430176 0.09506058692932129
6 0 1 106 553430176 0.10139870643615723
7 0 1 107 553430176 0.0984654426574707
8 0 1 108 553430176 0.0948178768157959
9 0 1 109 553430176 0.1049349308013916
10 0 1 110 553430176 0.09749507904052734
11 0 1 111 553430176 0.09838151931762695
12 0 1 112 553430176 0.09568524360656738
13 0 1 113 553430176 0.09981036186218262
14 0 1 114 553430176 0.09457635879516602
15 0 1 115 553430176 0.0985875129699707
16 0 1 116 553430176 0.0957186222076416
17 0 1 117 553430176 0.10823822021484375
18 0 1 118 553430176 0.10486507415771484
