16
3 0 1 103 553430176 0.0989222526550293
4 0 1 104 553430176 0.10194826126098633
5 0 1 105 553430176 0.1026298999786377
6 0 1 106 553430176 0.10246658325195312
7 0 1 107 553430176 0.10220098495483398
8 0 1 108 553430176 0.09778356552124023
9 0 1 109 553430176 0.10285186767578125
10 0 1 110 553430176 0.09818410873413086
11 0 1 111 553430176 0.10269546508789062
12 0 1 112 553430176 0.10198640823364258
13 0 1 113 553430176 0.09885525703430176
14 0 1 114 553430176 0.09931397438049316
15 0 1 115 553430176 0.09807634353637695
16 0 1 116 553430176 0.10210037231445312
17 0 1 117 553430176 0.10266518592834473
18 0 1 118 553430176 0.10265541076660156
