16
3 0 1 103 553430176 0.10240483283996582
4 0 1 104 553430176 0.10161352157592773
5 0 1 105 553430176 0.09812021255493164
6 0 1 106 553430176 0.1028907299041748
7 0 1 107 553430176 0.1018221378326416
8 0 1 108 553430176 0.09485602378845215
9 0 1 109 553430176 0.10246992111206055
10 0 1 110 553430176 0.10207676887512207
11 0 1 111 553430176 0.10749006271362305
12 0 1 112 553430176 0.1099693775177002
13 0 1 113 553430176 0.10578560829162598
14 0 1 114 553430176 0.10503244400024414
15 0 1 115 553430176 0.10291171073913574
16 0 1 116 553430176 0.10831546783447266
17 0 1 117 553430176 0.10708236694335938
18 0 1 118 553430176 0.11173582077026367
