16
3 0 1 103 553430176 0.10336470603942871
4 0 1 104 553430176 0.10142898559570312
5 0 1 105 553430176 0.1028742790222168
6 0 1 106 553430176 0.09792518615722656
7 0 1 107 553430176 0.10247683525085449
8 0 1 108 553430176 0.10249638557434082
9 0 1 109 553430176 0.10319972038269043
10 0 1 110 553430176 0.1092982292175293
11 0 1 111 553430176 0.10523056983947754
12 0 1 112 553430176 0.1028900146484375
13 0 1 113 553430176 0.09919452667236328
14 0 1 114 553430176 0.10247564315795898
15 0 1 115 553430176 0.10496830940246582
16 0 1 116 553430176 0.11214780807495117
17 0 1 117 553430176 0.10784292221069336
18 0 1 118 553430176 0.10490250587463379
