16
3 0 1 103 553430176 0.10321831703186035
4 0 1 104 553430176 0.10484790802001953
5 0 1 105 553430176 0.10177397727966309
6 0 1 106 553430176 0.10546231269836426
7 0 1 107 553430176 0.10288238525390625
8 0 1 108 553430176 0.10262131690979004
9 0 1 109 553430176 0.10237002372741699
10 0 1 110 553430176 0.10593271255493164
11 0 1 111 553430176 0.10706663131713867
12 0 1 112 553430176 0.1030120849609375
13 0 1 113 553430176 0.10802292823791504
14 0 1 114 553430176 0.10140609741210938
15 0 1 115 553430176 0.10320568084716797
16 0 1 116 553430176 0.10309076309204102
17 0 1 117 553430176 0.1027979850769043
18 0 1 118 553430176 0.10354852676391602
