16
3 0 1 103 553430176 0.10237622261047363
4 0 1 104 553430176 0.10262632369995117
5 0 1 105 553430176 0.09907913208007812
6 0 1 106 553430176 0.10205483436584473
7 0 1 107 553430176 0.09918928146362305
8 0 1 108 553430176 0.1031031608581543
9 0 1 109 553430176 0.10189056396484375
10 0 1 110 553430176 0.09929656982421875
11 0 1 111 553430176 0.09894180297851562
12 0 1 112 553430176 0.09920501708984375
13 0 1 113 553430176 0.10249948501586914
14 0 1 114 553430176 0.10250210762023926
15 0 1 115 553430176 0.10221481323242188
16 0 1 116 553430176 0.10250639915466309
17 0 1 117 553430176 0.10265946388244629
18 0 1 118 553430176 0.10282492637634277
