16
3 0 1 103 553430176 0.1075139045715332
4 0 1 104 553430176 0.1070699691772461
5 0 1 105 553430176 0.1028299331665039
6 0 1 106 553430176 0.10465145111083984
7 0 1 107 553430176 0.10227131843566895
8 0 1 108 553430176 0.09961247444152832
9 0 1 109 553430176 0.10181832313537598
10 0 1 110 553430176 0.10445785522460938
11 0 1 111 553430176 0.10414600372314453
12 0 1 112 553430176 0.10294270515441895
13 0 1 113 553430176 0.10196280479431152
14 0 1 114 553430176 0.10328173637390137
15 0 1 115 553430176 0.10489821434020996
16 0 1 116 553430176 0.11390876770019531
17 0 1 117 553430176 0.10583925247192383
18 0 1 118 553430176 0.10624074935913086
