16
3 0 1 103 553430176 0.0980687141418457
4 0 1 104 553430176 0.09796786308288574
5 0 1 105 553430176 0.10239434242248535
6 0 1 106 553430176 0.09856247901916504
7 0 1 107 553430176 0.10157489776611328
8 0 1 108 553430176 0.10011148452758789
9 0 1 109 553430176 0.10083603858947754
10 0 1 110 553430176 0.0969083309173584
11 0 1 111 553430176 0.10207724571228027
12 0 1 112 553430176 0.10027670860290527
13 0 1 113 553430176 0.09865999221801758
14 0 1 114 553430176 0.09882736206054688
15 0 1 115 553430176 0.10172843933105469
16 0 1 116 553430176 0.09840989112854004
17 0 1 117 553430176 0.09839224815368652
18 0 1 118 553430176 0.09486246109008789
