16
3 0 1 103 553430176 0.1001286506652832
4 0 1 104 553430176 0.10038065910339355
5 0 1 105 553430176 0.1027076244354248
6 0 1 106 553430176 0.10168719291687012
7 0 1 107 553430176 0.10601139068603516
8 0 1 108 553430176 0.10496759414672852
9 0 1 109 553430176 0.10166335105895996
10 0 1 110 553430176 0.10297012329101562
11 0 1 111 553430176 0.10682845115661621
12 0 1 112 553430176 0.10389876365661621
13 0 1 113 553430176 0.10448884963989258
14 0 1 114 553430176 0.10332512855529785
15 0 1 115 553430176 0.10465669631958008
16 0 1 116 553430176 0.10532855987548828
17 0 1 117 553430176 0.10244989395141602
18 0 1 118 553430176 0.10554742813110352
