16
3 0 1 103 553430176 0.10212326049804688
4 0 1 104 553430176 0.10553216934204102
5 0 1 105 553430176 0.10487198829650879
6 0 1 106 553430176 0.1023256778717041
7 0 1 107 553430176 0.10135412216186523
8 0 1 108 553430176 0.1049652099609375
9 0 1 109 553430176 0.10351157188415527
10 0 1 110 553430176 0.10286903381347656
11 0 1 111 553430176 0.09833025932312012
12 0 1 112 553430176 0.10227370262145996
13 0 1 113 553430176 0.09847593307495117
14 0 1 114 553430176 0.10291028022766113
15 0 1 115 553430176 0.1024470329284668
16 0 1 116 553430176 0.10243701934814453
17 0 1 117 553430176 0.10260295867919922
18 0 1 118 553430176 0.06719732284545898
