16
3 0 1 103 553430176 0.10381698608398438
4 0 1 104 553430176 0.10147762298583984
5 0 1 105 553430176 0.05715227127075195
6 0 1 106 553430176 0.10782003402709961
7 0 1 107 553430176 0.10278964042663574
8 0 1 108 553430176 0.10193014144897461
9 0 1 109 553430176 0.10321378707885742
10 0 1 110 553430176 0.10766077041625977
11 0 1 111 553430176 0.05701708793640137
12 0 1 112 553430176 0.10195136070251465
13 0 1 113 553430176 0.10579252243041992
14 0 1 114 553430176 0.10708355903625488
15 0 1 115 553430176 0.10413765907287598
16 0 1 116 553430176 0.10335373878479004
17 0 1 117 553430176 0.10387969017028809
18 0 1 118 553430176 0.1023855209350586
