16
3 0 1 103 553430176 0.10365915298461914
4 0 1 104 553430176 0.10703897476196289
5 0 1 105 553430176 0.10061240196228027
6 0 1 106 553430176 0.10475015640258789
7 0 1 107 553430176 0.10294461250305176
8 0 1 108 553430176 0.1020200252532959
9 0 1 109 553430176 0.10265088081359863
10 0 1 110 553430176 0.10295963287353516
11 0 1 111 553430176 0.10815143585205078
12 0 1 112 553430176 0.10431361198425293
13 0 1 113 553430176 0.11049222946166992
14 0 1 114 553430176 0.1067039966583252
15 0 1 115 553430176 0.10447049140930176
16 0 1 116 553430176 0.10159969329833984
17 0 1 117 553430176 0.09909605979919434
18 0 1 118 553430176 0.10649418830871582
