16
3 0 1 103 553430176 0.09832048416137695
4 0 1 104 553430176 0.10309314727783203
5 0 1 105 553430176 0.10253214836120605
6 0 1 106 553430176 0.09900259971618652
7 0 1 107 553430176 0.10156416893005371
8 0 1 108 553430176 0.09854912757873535
9 0 1 109 553430176 0.09818148612976074
10 0 1 110 553430176 0.10441231727600098
11 0 1 111 553430176 0.10121870040893555
12 0 1 112 553430176 0.10132312774658203
13 0 1 113 553430176 0.10147619247436523
14 0 1 114 553430176 0.10231471061706543
15 0 1 115 553430176 0.10116338729858398
16 0 1 116 553430176 0.10218954086303711
17 0 1 117 553430176 0.1016378402709961
18 0 1 118 553430176 0.10231614112854004
