16
3 0 1 103 553430176 0.09564447402954102
4 0 1 104 553430176 0.09848618507385254
5 0 1 105 553430176 0.09503364562988281
6 0 1 106 553430176 0.09262824058532715
7 0 1 107 553430176 0.09473299980163574
8 0 1 108 553430176 0.09799361228942871
9 0 1 109 553430176 0.09492945671081543
10 0 1 110 553430176 0.0994870662689209
11 0 1 111 553430176 0.0955348014831543
12 0 1 112 553430176 0.09920287132263184
13 0 1 113 553430176 0.09454703330993652
14 0 1 114 553430176 0.09604239463806152
15 0 1 115 553430176 0.09947347640991211
16 0 1 116 553430176 0.09598064422607422
17 0 1 117 553430176 0.09531092643737793
18 0 1 118 553430176 0.09834790229797363
