16
3 0 1 103 553430176 0.10602855682373047
4 0 1 104 553430176 0.09785079956054688
5 0 1 105 553430176 0.09606242179870605
6 0 1 106 553430176 0.09801149368286133
7 0 1 107 553430176 0.0934913158416748
8 0 1 108 553430176 0.0960545539855957
9 0 1 109 553430176 0.09595656394958496
10 0 1 110 553430176 0.10382938385009766
11 0 1 111 553430176 0.09585809707641602
12 0 1 112 553430176 0.10679316520690918
13 0 1 113 553430176 0.09902715682983398
14 0 1 114 553430176 0.11354923248291016
15 0 1 115 553430176 0.10496044158935547
16 0 1 116 553430176 0.10515332221984863
17 0 1 117 553430176 0.1101992130279541
18 0 1 118 553430176 0.10468006134033203
