16
3 0 1 103 553430176 0.10546231269836426
4 0 1 104 553430176 0.10561084747314453
5 0 1 105 553430176 0.1036081314086914
6 0 1 106 553430176 0.10338711738586426
7 0 1 107 553430176 0.10296511650085449
8 0 1 108 553430176 0.10049700736999512
9 0 1 109 553430176 0.1038367748260498
10 0 1 110 553430176 0.10176706314086914
11 0 1 111 553430176 0.10430240631103516
12 0 1 112 553430176 0.10453200340270996
13 0 1 113 553430176 0.10255622863769531
14 0 1 114 553430176 0.10285592079162598
15 0 1 115 553430176 0.10548162460327148
16 0 1 116 553430176 0.10023713111877441
17 0 1 117 553430176 0.10748577117919922
18 0 1 118 553430176 0.10221600532531738
