16
3 0 1 103 553430176 0.1060628890991211
4 0 1 104 553430176 0.10200238227844238
5 0 1 105 553430176 0.10141992568969727
6 0 1 106 553430176 0.10184264183044434
7 0 1 107 553430176 0.09847569465637207
8 0 1 108 553430176 0.10745573043823242
9 0 1 109 553430176 0.10330510139465332
10 0 1 110 553430176 0.10398578643798828
11 0 1 111 553430176 0.10586738586425781
12 0 1 112 553430176 0.10423660278320312
13 0 1 113 553430176 0.1057732105255127
14 0 1 114 553430176 0.10116124153137207
15 0 1 115 553430176 0.10233473777770996
16 0 1 116 553430176 0.10454964637756348
17 0 1 117 553430176 0.10001087188720703
18 0 1 118 553430176 0.1040201187133789
