16
3 0 1 103 553430176 0.09872007369995117
4 0 1 104 553430176 0.10248041152954102
5 0 1 105 553430176 0.09704732894897461
6 0 1 106 553430176 0.10997200012207031
7 0 1 107 553430176 0.1137387752532959
8 0 1 108 553430176 0.10619902610778809
9 0 1 109 553430176 0.09874844551086426
10 0 1 110 553430176 0.09898114204406738
11 0 1 111 553430176 0.10100913047790527
12 0 1 112 553430176 0.10282707214355469
13 0 1 113 553430176 0.10279273986816406
14 0 1 114 553430176 0.1035757064819336
15 0 1 115 553430176 0.0993046760559082
16 0 1 116 553430176 0.10202693939208984
17 0 1 117 553430176 0.09967756271362305
18 0 1 118 553430176 0.10285735130310059
