16
3 0 1 103 553430176 0.056231021881103516
4 0 1 104 553430176 0.10483908653259277
5 0 1 105 553430176 0.1042017936706543
6 0 1 106 553430176 0.1028139591217041
7 0 1 107 553430176 0.10230565071105957
8 0 1 108 553430176 0.10204887390136719
9 0 1 109 553430176 0.10318589210510254
10 0 1 110 553430176 0.1058492660522461
11 0 1 111 553430176 0.10210728645324707
12 0 1 112 553430176 0.10855507850646973
13 0 1 113 553430176 0.09871530532836914
14 0 1 114 553430176 0.09913825988769531
15 0 1 115 553430176 0.10541510581970215
16 0 1 116 553430176 0.10284113883972168
17 0 1 117 553430176 0.09927630424499512
18 0 1 118 553430176 0.09980654716491699
