16
3 0 1 103 553430176 0.10769796371459961
4 0 1 104 553430176 0.10217952728271484
5 0 1 105 553430176 0.10303807258605957
6 0 1 106 553430176 0.10703659057617188
7 0 1 107 553430176 0.10378146171569824
8 0 1 108 553430176 0.10753393173217773
9 0 1 109 553430176 0.10275959968566895
10 0 1 110 553430176 0.10829043388366699
11 0 1 111 553430176 0.10608935356140137
12 0 1 112 553430176 0.10986876487731934
13 0 1 113 553430176 0.10787034034729004
14 0 1 114 553430176 0.10612320899963379
15 0 1 115 553430176 0.10751581192016602
16 0 1 116 553430176 0.10743522644042969
17 0 1 117 553430176 0.10491180419921875
18 0 1 118 553430176 0.10760021209716797
