16
3 0 1 103 553430176 0.1019139289855957
4 0 1 104 553430176 0.0983266830444336
5 0 1 105 553430176 0.10690593719482422
6 0 1 106 553430176 0.10303473472595215
7 0 1 107 553430176 0.10288333892822266
8 0 1 108 553430176 0.1028597354888916
9 0 1 109 553430176 0.10296201705932617
10 0 1 110 553430176 0.10176587104797363
11 0 1 111 553430176 0.1037759780883789
12 0 1 112 553430176 0.10271978378295898
13 0 1 113 553430176 0.10220837593078613
14 0 1 114 553430176 0.10827875137329102
15 0 1 115 553430176 0.10972476005554199
16 0 1 116 553430176 0.10655093193054199
17 0 1 117 553430176 0.10677170753479004
18 0 1 118 553430176 0.10306191444396973
