16
3 0 1 103 553430176 0.10697412490844727
4 0 1 104 553430176 0.11185383796691895
5 0 1 105 553430176 0.10265517234802246
6 0 1 106 553430176 0.1059103012084961
7 0 1 107 553430176 0.10968637466430664
8 0 1 108 553430176 0.10268402099609375
9 0 1 109 553430176 0.10301494598388672
10 0 1 110 553430176 0.10857367515563965
11 0 1 111 553430176 0.1028597354888916
12 0 1 112 553430176 0.10640549659729004
13 0 1 113 553430176 0.10226225852966309
14 0 1 114 553430176 0.09824442863464355
15 0 1 115 553430176 0.09918951988220215
16 0 1 116 553430176 0.10159587860107422
17 0 1 117 553430176 0.1022031307220459
18 0 1 118 553430176 0.10287666320800781
