16
3 0 1 103 553430176 0.10132575035095215
4 0 1 104 553430176 0.10432577133178711
5 0 1 105 553430176 0.10120677947998047
6 0 1 106 553430176 0.10629510879516602
7 0 1 107 553430176 0.10530710220336914
8 0 1 108 553430176 0.10642743110656738
9 0 1 109 553430176 0.10494279861450195
10 0 1 110 553430176 0.1059260368347168
11 0 1 111 553430176 0.0988013744354248
12 0 1 112 553430176 0.10293340682983398
13 0 1 113 553430176 0.10273933410644531
14 0 1 114 553430176 0.10495448112487793
15 0 1 115 553430176 0.10659074783325195
16 0 1 116 553430176 0.10200762748718262
17 0 1 117 553430176 0.10570120811462402
18 0 1 118 553430176 0.09981846809387207
