16
3 0 1 103 553430176 0.11367106437683105
4 0 1 104 553430176 0.10780835151672363
5 0 1 105 553430176 0.10497236251831055
6 0 1 106 553430176 0.10628581047058105
7 0 1 107 553430176 0.10326647758483887
8 0 1 108 553430176 0.10785245895385742
9 0 1 109 553430176 0.10137081146240234
10 0 1 110 553430176 0.10991811752319336
11 0 1 111 553430176 0.1061098575592041
12 0 1 112 553430176 0.1067347526550293
13 0 1 113 553430176 0.10667824745178223
14 0 1 114 553430176 0.10276031494140625
15 0 1 115 553430176 0.10275697708129883
16 0 1 116 553430176 0.1024775505065918
17 0 1 117 553430176 0.1032710075378418
18 0 1 118 553430176 0.10357856750488281
