16
3 0 1 103 553430176 0.10153818130493164
4 0 1 104 553430176 0.09529972076416016
5 0 1 105 553430176 0.09894227981567383
6 0 1 106 553430176 0.10302281379699707
7 0 1 107 553430176 0.10035300254821777
8 0 1 108 553430176 0.09924745559692383
9 0 1 109 553430176 0.1058504581451416
10 0 1 110 553430176 0.10648250579833984
11 0 1 111 553430176 0.1077432632446289
12 0 1 112 553430176 0.10666537284851074
13 0 1 113 553430176 0.10802483558654785
14 0 1 114 553430176 0.10872149467468262
15 0 1 115 553430176 0.10757040977478027
16 0 1 116 553430176 0.10462713241577148
17 0 1 117 553430176 0.1015617847442627
18 0 1 118 553430176 0.09076118469238281
