16
3 0 1 103 553430176 0.1485147476196289
4 0 1 104 553430176 0.1272268295288086
5 0 1 105 553430176 0.11899280548095703
6 0 1 106 553430176 0.10728597640991211
7 0 1 107 553430176 0.10906434059143066
8 0 1 108 553430176 0.10645675659179688
9 0 1 109 553430176 0.10093474388122559
10 0 1 110 553430176 0.10360527038574219
11 0 1 111 553430176 0.10508894920349121
12 0 1 112 553430176 0.09908485412597656
13 0 1 113 553430176 0.10407400131225586
14 0 1 114 553430176 0.10645508766174316
15 0 1 115 553430176 0.1044309139251709
16 0 1 116 553430176 0.09469246864318848
17 0 1 117 553430176 0.10140657424926758
18 0 1 118 553430176 0.09766006469726562
