16
3 0 1 103 553430176 0.10434961318969727
4 0 1 104 553430176 0.1033775806427002
5 0 1 105 553430176 0.10801315307617188
6 0 1 106 553430176 0.10660886764526367
7 0 1 107 553430176 0.10659337043762207
8 0 1 108 553430176 0.10898327827453613
9 0 1 109 553430176 0.10596632957458496
10 0 1 110 553430176 0.10492753982543945
11 0 1 111 553430176 0.10553669929504395
12 0 1 112 553430176 0.10596418380737305
13 0 1 113 553430176 0.10422539710998535
14 0 1 114 553430176 0.10392880439758301
15 0 1 115 553430176 0.10778570175170898
16 0 1 116 553430176 0.10654306411743164
17 0 1 117 553430176 0.10660910606384277
18 0 1 118 553430176 0.1020364761352539
