16
3 0 1 103 553430176 0.10794949531555176
4 0 1 104 553430176 0.10840368270874023
5 0 1 105 553430176 0.10636281967163086
6 0 1 106 553430176 0.10591268539428711
7 0 1 107 553430176 0.10801029205322266
8 0 1 108 553430176 0.1059718132019043
9 0 1 109 553430176 0.10762572288513184
10 0 1 110 553430176 0.10748076438903809
11 0 1 111 553430176 0.10695338249206543
12 0 1 112 553430176 0.10720133781433105
13 0 1 113 553430176 0.10345172882080078
14 0 1 114 553430176 0.10416769981384277
15 0 1 115 553430176 0.102386474609375
16 0 1 116 553430176 0.10319113731384277
17 0 1 117 553430176 0.10671186447143555
18 0 1 118 553430176 0.10422039031982422
