16
3 0 1 103 553430176 0.10283327102661133
4 0 1 104 553430176 0.10151147842407227
5 0 1 105 553430176 0.10339784622192383
6 0 1 106 553430176 0.10230159759521484
7 0 1 107 553430176 0.10225844383239746
8 0 1 108 553430176 0.10352778434753418
9 0 1 109 553430176 0.10281896591186523
10 0 1 110 553430176 0.10672211647033691
11 0 1 111 553430176 0.10849547386169434
12 0 1 112 553430176 0.10350227355957031
13 0 1 113 553430176 0.09868955612182617
14 0 1 114 553430176 0.09824275970458984
15 0 1 115 553430176 0.09872937202453613
16 0 1 116 553430176 0.10080409049987793
17 0 1 117 553430176 0.10857510566711426
18 0 1 118 553430176 0.10271978378295898
