16
3 0 1 103 553430176 0.10929632186889648
4 0 1 104 553430176 0.10595393180847168
5 0 1 105 553430176 0.10512495040893555
6 0 1 106 553430176 0.10408425331115723
7 0 1 107 553430176 0.1104118824005127
8 0 1 108 553430176 0.10799956321716309
9 0 1 109 553430176 0.09874844551086426
10 0 1 110 553430176 0.10052299499511719
11 0 1 111 553430176 0.09908866882324219
12 0 1 112 553430176 0.10613012313842773
13 0 1 113 553430176 0.10358500480651855
14 0 1 114 553430176 0.10486102104187012
15 0 1 115 553430176 0.10478615760803223
16 0 1 116 553430176 0.10173821449279785
17 0 1 117 553430176 0.10551190376281738
18 0 1 118 553430176 0.10167455673217773
