16
3 0 1 103 553430176 0.10329294204711914
4 0 1 104 553430176 0.10673761367797852
5 0 1 105 553430176 0.1027381420135498
6 0 1 106 553430176 0.10364508628845215
7 0 1 107 553430176 0.10353660583496094
8 0 1 108 553430176 0.10195016860961914
9 0 1 109 553430176 0.10304784774780273
10 0 1 110 553430176 0.1022956371307373
11 0 1 111 553430176 0.10198235511779785
12 0 1 112 553430176 0.10168242454528809
13 0 1 113 553430176 0.10223841667175293
14 0 1 114 553430176 0.10222053527832031
15 0 1 115 553430176 0.09875798225402832
16 0 1 116 553430176 0.09783697128295898
17 0 1 117 553430176 0.10321831703186035
18 0 1 118 553430176 0.10248684883117676
