16
3 0 1 103 553430176 0.10244941711425781
4 0 1 104 553430176 0.10710453987121582
5 0 1 105 553430176 0.10465502738952637
6 0 1 106 553430176 0.1060945987701416
7 0 1 107 553430176 0.10753154754638672
8 0 1 108 553430176 0.10706830024719238
9 0 1 109 553430176 0.10500526428222656
10 0 1 110 553430176 0.10518479347229004
11 0 1 111 553430176 0.09911537170410156
12 0 1 112 553430176 0.10278058052062988
13 0 1 113 553430176 0.10320329666137695
14 0 1 114 553430176 0.10202479362487793
15 0 1 115 553430176 0.1035921573638916
16 0 1 116 553430176 0.10300302505493164
17 0 1 117 553430176 0.10680031776428223
18 0 1 118 553430176 0.10638976097106934
