16
3 0 1 103 553430176 0.10613799095153809
4 0 1 104 553430176 0.10317802429199219
5 0 1 105 553430176 0.09859061241149902
6 0 1 106 553430176 0.09760046005249023
7 0 1 107 553430176 0.09502243995666504
8 0 1 108 553430176 0.09804701805114746
9 0 1 109 553430176 0.09865379333496094
10 0 1 110 553430176 0.09858322143554688
11 0 1 111 553430176 0.09573197364807129
12 0 1 112 553430176 0.09597396850585938
13 0 1 113 553430176 0.10047054290771484
14 0 1 114 553430176 0.10236811637878418
15 0 1 115 553430176 0.09550261497497559
16 0 1 116 553430176 0.09818744659423828
17 0 1 117 553430176 0.09767961502075195
18 0 1 118 553430176 0.1008749008178711
