16
3 0 1 103 553430176 0.10409879684448242
4 0 1 104 553430176 0.10230469703674316
5 0 1 105 553430176 0.07158517837524414
6 0 1 106 553430176 0.15604257583618164
7 0 1 107 553430176 0.161238431930542
8 0 1 108 553430176 0.12619900703430176
9 0 1 109 553430176 0.10823512077331543
10 0 1 110 553430176 0.10605835914611816
11 0 1 111 553430176 0.1053767204284668
12 0 1 112 553430176 0.1024472713470459
13 0 1 113 553430176 0.1021113395690918
14 0 1 114 553430176 0.10247135162353516
15 0 1 115 553430176 0.09779810905456543
16 0 1 116 553430176 0.10635209083557129
17 0 1 117 553430176 0.10486531257629395
18 0 1 118 553430176 0.09461283683776855
