16
3 0 1 103 553430176 0.09552741050720215
4 0 1 104 553430176 0.09897494316101074
5 0 1 105 553430176 0.09555959701538086
6 0 1 106 553430176 0.09927940368652344
7 0 1 107 553430176 0.098236083984375
8 0 1 108 553430176 0.09864544868469238
9 0 1 109 553430176 0.09302711486816406
10 0 1 110 553430176 0.09575748443603516
11 0 1 111 553430176 0.09826993942260742
12 0 1 112 553430176 0.09828519821166992
13 0 1 113 553430176 0.09805774688720703
14 0 1 114 553430176 0.09608840942382812
15 0 1 115 553430176 0.0947408676147461
16 0 1 116 553430176 0.0982210636138916
17 0 1 117 553430176 0.09794259071350098
18 0 1 118 553430176 0.09866213798522949
