16
3 0 1 103 553430176 0.10857224464416504
4 0 1 104 553430176 0.10098958015441895
5 0 1 105 553430176 0.10299515724182129
6 0 1 106 553430176 0.09782910346984863
7 0 1 107 553430176 0.09762167930603027
8 0 1 108 553430176 0.10177826881408691
9 0 1 109 553430176 0.10200834274291992
10 0 1 110 553430176 0.10245442390441895
11 0 1 111 553430176 0.0974740982055664
12 0 1 112 553430176 0.10181760787963867
13 0 1 113 553430176 0.10251712799072266
14 0 1 114 553430176 0.10248279571533203
15 0 1 115 553430176 0.10180544853210449
16 0 1 116 553430176 0.10413265228271484
17 0 1 117 553430176 0.1024777889251709
18 0 1 118 553430176 0.10483145713806152
