16
3 0 1 103 553430176 0.10932302474975586
4 0 1 104 553430176 0.10802745819091797
5 0 1 105 553430176 0.10299873352050781
6 0 1 106 553430176 0.11006736755371094
7 0 1 107 553430176 0.06713533401489258
8 0 1 108 553430176 0.11092281341552734
9 0 1 109 553430176 0.10760378837585449
10 0 1 110 553430176 0.09513425827026367
11 0 1 111 553430176 0.10174822807312012
12 0 1 112 553430176 0.10265851020812988
13 0 1 113 553430176 0.1016685962677002
14 0 1 114 553430176 0.1015160083770752
15 0 1 115 553430176 0.10251736640930176
16 0 1 116 553430176 0.10095906257629395
17 0 1 117 553430176 0.10097956657409668
18 0 1 118 553430176 0.10072088241577148
