16
3 0 1 103 553430176 0.10494804382324219
4 0 1 104 553430176 0.10358524322509766
5 0 1 105 553430176 0.10456490516662598
6 0 1 106 553430176 0.10419106483459473
7 0 1 107 553430176 0.10243439674377441
8 0 1 108 553430176 0.10288000106811523
9 0 1 109 553430176 0.10198783874511719
10 0 1 110 553430176 0.10378909111022949
11 0 1 111 553430176 0.06015348434448242
12 0 1 112 553430176 0.10307168960571289
13 0 1 113 553430176 0.10635876655578613
14 0 1 114 553430176 0.11467766761779785
15 0 1 115 553430176 0.10476493835449219
16 0 1 116 553430176 0.10338830947875977
17 0 1 117 553430176 0.1026763916015625
18 0 1 118 553430176 0.10528182983398438
