16
3 0 1 103 553430176 0.10370898246765137
4 0 1 104 553430176 0.1050407886505127
5 0 1 105 553430176 0.1050572395324707
6 0 1 106 553430176 0.10595893859863281
7 0 1 107 553430176 0.10470771789550781
8 0 1 108 553430176 0.10713529586791992
9 0 1 109 553430176 0.10668349266052246
10 0 1 110 553430176 0.10622954368591309
11 0 1 111 553430176 0.10569477081298828
12 0 1 112 553430176 0.10524606704711914
13 0 1 113 553430176 0.10514211654663086
14 0 1 114 553430176 0.10683655738830566
15 0 1 115 553430176 0.10384535789489746
16 0 1 116 553430176 0.10698413848876953
17 0 1 117 553430176 0.1087498664855957
18 0 1 118 553430176 0.1057286262512207
