16
3 0 1 103 553430176 0.10145211219787598
4 0 1 104 553430176 0.09811210632324219
5 0 1 105 553430176 0.10490846633911133
6 0 1 106 553430176 0.10064697265625
7 0 1 107 553430176 0.09702539443969727
8 0 1 108 553430176 0.09715533256530762
9 0 1 109 553430176 0.10074281692504883
10 0 1 110 553430176 0.10412907600402832
11 0 1 111 553430176 0.10534787178039551
12 0 1 112 553430176 0.10497927665710449
13 0 1 113 553430176 0.09818220138549805
14 0 1 114 553430176 0.0971224308013916
15 0 1 115 553430176 0.1022024154663086
16 0 1 116 553430176 0.09821963310241699
17 0 1 117 553430176 0.09833550453186035
18 0 1 118 553430176 0.09472227096557617
