16
3 0 1 103 553430176 0.10528016090393066
4 0 1 104 553430176 0.10443782806396484
5 0 1 105 553430176 0.10523200035095215
6 0 1 106 553430176 0.10842204093933105
7 0 1 107 553430176 0.10706543922424316
8 0 1 108 553430176 0.10605740547180176
9 0 1 109 553430176 0.1038205623626709
10 0 1 110 553430176 0.10194587707519531
11 0 1 111 553430176 0.10422778129577637
12 0 1 112 553430176 0.110565185546875
13 0 1 113 553430176 0.1052401065826416
14 0 1 114 553430176 0.10631656646728516
15 0 1 115 553430176 0.10449910163879395
16 0 1 116 553430176 0.10474228858947754
17 0 1 117 553430176 0.1034550666809082
18 0 1 118 553430176 0.11206388473510742
