16
3 0 1 103 553430176 0.09926414489746094
4 0 1 104 553430176 0.10126924514770508
5 0 1 105 553430176 0.10264706611633301
6 0 1 106 553430176 0.10615968704223633
7 0 1 107 553430176 0.09624099731445312
8 0 1 108 553430176 0.10634589195251465
9 0 1 109 553430176 0.10613226890563965
10 0 1 110 553430176 0.09930682182312012
11 0 1 111 553430176 0.10307192802429199
12 0 1 112 553430176 0.10416769981384277
13 0 1 113 553430176 0.10579371452331543
14 0 1 114 553430176 0.09862089157104492
15 0 1 115 553430176 0.09841251373291016
16 0 1 116 553430176 0.0998990535736084
17 0 1 117 553430176 0.10727071762084961
18 0 1 118 553430176 0.10949969291687012
