16
3 0 1 103 553430176 0.10118603706359863
4 0 1 104 553430176 0.10280299186706543
5 0 1 105 553430176 0.10406112670898438
6 0 1 106 553430176 0.10936737060546875
7 0 1 107 553430176 0.10564470291137695
8 0 1 108 553430176 0.10329771041870117
9 0 1 109 553430176 0.10245776176452637
10 0 1 110 553430176 0.10624241828918457
11 0 1 111 553430176 0.1031033992767334
12 0 1 112 553430176 0.10579776763916016
13 0 1 113 553430176 0.10901379585266113
14 0 1 114 553430176 0.10650968551635742
15 0 1 115 553430176 0.11032867431640625
16 0 1 116 553430176 0.10999846458435059
17 0 1 117 553430176 0.10168242454528809
18 0 1 118 553430176 0.10291647911071777
