16
3 0 1 103 553430176 0.1008758544921875
4 0 1 104 553430176 0.09963345527648926
5 0 1 105 553430176 0.09806513786315918
6 0 1 106 553430176 0.09982991218566895
7 0 1 107 553430176 0.10263490676879883
8 0 1 108 553430176 0.10099601745605469
9 0 1 109 553430176 0.10315227508544922
10 0 1 110 553430176 0.09717202186584473
11 0 1 111 553430176 0.10422515869140625
12 0 1 112 553430176 0.10293030738830566
13 0 1 113 553430176 0.10663557052612305
14 0 1 114 553430176 0.10497856140136719
15 0 1 115 553430176 0.09736371040344238
16 0 1 116 553430176 0.10178351402282715
17 0 1 117 553430176 0.10082387924194336
18 0 1 118 553430176 0.09941697120666504
