16
3 0 1 103 553430176 0.0994100570678711
4 0 1 104 553430176 0.10214686393737793
5 0 1 105 553430176 0.10146737098693848
6 0 1 106 553430176 0.1069953441619873
7 0 1 107 553430176 0.10277628898620605
8 0 1 108 553430176 0.10789203643798828
9 0 1 109 553430176 0.1020207405090332
10 0 1 110 553430176 0.1038823127746582
11 0 1 111 553430176 0.10776352882385254
12 0 1 112 553430176 0.10381722450256348
13 0 1 113 553430176 0.09637951850891113
14 0 1 114 553430176 0.10084891319274902
15 0 1 115 553430176 0.10276556015014648
16 0 1 116 553430176 0.09989643096923828
17 0 1 117 553430176 0.1073296070098877
18 0 1 118 553430176 0.1045832633972168
