16
3 0 1 103 553430176 0.10594797134399414
4 0 1 104 553430176 0.10506391525268555
5 0 1 105 553430176 0.10216426849365234
6 0 1 106 553430176 0.10549449920654297
7 0 1 107 553430176 0.10575366020202637
8 0 1 108 553430176 0.10431599617004395
9 0 1 109 553430176 0.10548639297485352
10 0 1 110 553430176 0.10281729698181152
11 0 1 111 553430176 0.1054694652557373
12 0 1 112 553430176 0.10437631607055664
13 0 1 113 553430176 0.10431885719299316
14 0 1 114 553430176 0.10488390922546387
15 0 1 115 553430176 0.10438823699951172
16 0 1 116 553430176 0.10311651229858398
17 0 1 117 553430176 0.10116744041442871
18 0 1 118 553430176 0.10109639167785645
