16
3 0 1 103 553430176 0.10081005096435547
4 0 1 104 553430176 0.10189509391784668
5 0 1 105 553430176 0.10734438896179199
6 0 1 106 553430176 0.1026463508605957
7 0 1 107 553430176 0.10503172874450684
8 0 1 108 553430176 0.10180974006652832
9 0 1 109 553430176 0.10113525390625
10 0 1 110 553430176 0.10275125503540039
11 0 1 111 553430176 0.09932518005371094
12 0 1 112 553430176 0.10120153427124023
13 0 1 113 553430176 0.10201334953308105
14 0 1 114 553430176 0.10673856735229492
15 0 1 115 553430176 0.10283398628234863
16 0 1 116 553430176 0.1075139045715332
17 0 1 117 553430176 0.10846972465515137
18 0 1 118 553430176 0.10180115699768066
