16
3 0 1 103 553430176 0.10370802879333496
4 0 1 104 553430176 0.10650300979614258
5 0 1 105 553430176 0.10387873649597168
6 0 1 106 553430176 0.10567188262939453
7 0 1 107 553430176 0.10524916648864746
8 0 1 108 553430176 0.10732722282409668
9 0 1 109 553430176 0.10538792610168457
10 0 1 110 553430176 0.10627436637878418
11 0 1 111 553430176 0.10485243797302246
12 0 1 112 553430176 0.10533761978149414
13 0 1 113 553430176 0.10571980476379395
14 0 1 114 553430176 0.10433506965637207
15 0 1 115 553430176 0.10506916046142578
16 0 1 116 553430176 0.09776043891906738
17 0 1 117 553430176 0.10505008697509766
18 0 1 118 553430176 0.10407066345214844
