16
3 0 1 103 553430176 0.10212397575378418
4 0 1 104 553430176 0.10630249977111816
5 0 1 105 553430176 0.10247588157653809
6 0 1 106 553430176 0.10294961929321289
7 0 1 107 553430176 0.10355949401855469
8 0 1 108 553430176 0.10631823539733887
9 0 1 109 553430176 0.10288548469543457
10 0 1 110 553430176 0.10773801803588867
11 0 1 111 553430176 0.10566282272338867
12 0 1 112 553430176 0.10361456871032715
13 0 1 113 553430176 0.10180211067199707
14 0 1 114 553430176 0.10265374183654785
15 0 1 115 553430176 0.10188102722167969
16 0 1 116 553430176 0.10289955139160156
17 0 1 117 553430176 0.10714983940124512
18 0 1 118 553430176 0.10410451889038086
