16
3 0 1 103 553430176 0.10185599327087402
4 0 1 104 553430176 0.10572195053100586
5 0 1 105 553430176 0.1006934642791748
6 0 1 106 553430176 0.10474395751953125
7 0 1 107 553430176 0.10863971710205078
8 0 1 108 553430176 0.1055150032043457
9 0 1 109 553430176 0.10197257995605469
10 0 1 110 553430176 0.10158848762512207
11 0 1 111 553430176 0.10203671455383301
12 0 1 112 553430176 0.10207366943359375
13 0 1 113 553430176 0.1023249626159668
14 0 1 114 553430176 0.1027672290802002
15 0 1 115 553430176 0.1034858226776123
16 0 1 116 553430176 0.1026463508605957
17 0 1 117 553430176 0.09928441047668457
18 0 1 118 553430176 0.10164403915405273
