16
3 0 1 103 553430176 0.10231757164001465
4 0 1 104 553430176 0.10173439979553223
5 0 1 105 553430176 0.10173773765563965
6 0 1 106 553430176 0.10126423835754395
7 0 1 107 553430176 0.10207366943359375
8 0 1 108 553430176 0.10772562026977539
9 0 1 109 553430176 0.10484504699707031
10 0 1 110 553430176 0.1038970947265625
11 0 1 111 553430176 0.1024167537689209
12 0 1 112 553430176 0.10214829444885254
13 0 1 113 553430176 0.10725164413452148
14 0 1 114 553430176 0.10547161102294922
15 0 1 115 553430176 0.1058497428894043
16 0 1 116 553430176 0.10411357879638672
17 0 1 117 553430176 0.10627007484436035
18 0 1 118 553430176 0.10224676132202148
