16
3 0 1 103 553430176 0.10585594177246094
4 0 1 104 553430176 0.10746359825134277
5 0 1 105 553430176 0.10578203201293945
6 0 1 106 553430176 0.1047518253326416
7 0 1 107 553430176 0.10566926002502441
8 0 1 108 553430176 0.10444831848144531
9 0 1 109 553430176 0.11259889602661133
10 0 1 110 553430176 0.10612916946411133
11 0 1 111 553430176 0.10770988464355469
12 0 1 112 553430176 0.10736083984375
13 0 1 113 553430176 0.10499143600463867
14 0 1 114 553430176 0.09932065010070801
15 0 1 115 553430176 0.10845494270324707
16 0 1 116 553430176 0.10187792778015137
17 0 1 117 553430176 0.10169768333435059
18 0 1 118 553430176 0.10471868515014648
