16
3 0 1 103 553430176 0.10178208351135254
4 0 1 104 553430176 0.1018836498260498
5 0 1 105 553430176 0.09911155700683594
6 0 1 106 553430176 0.09881997108459473
7 0 1 107 553430176 0.09796333312988281
8 0 1 108 553430176 0.1012732982635498
9 0 1 109 553430176 0.09875369071960449
10 0 1 110 553430176 0.09909796714782715
11 0 1 111 553430176 0.09897112846374512
12 0 1 112 553430176 0.09805822372436523
13 0 1 113 553430176 0.1022946834564209
14 0 1 114 553430176 0.1028592586517334
15 0 1 115 553430176 0.1024167537689209
16 0 1 116 553430176 0.10191512107849121
17 0 1 117 553430176 0.10227608680725098
18 0 1 118 553430176 0.09486937522888184
