16
3 0 1 103 553430176 0.10727715492248535
4 0 1 104 553430176 0.10244202613830566
5 0 1 105 553430176 0.09540772438049316
6 0 1 106 553430176 0.10371637344360352
7 0 1 107 553430176 0.09936237335205078
8 0 1 108 553430176 0.10489916801452637
9 0 1 109 553430176 0.09689116477966309
10 0 1 110 553430176 0.09453725814819336
11 0 1 111 553430176 0.10431528091430664
12 0 1 112 553430176 0.0964512825012207
13 0 1 113 553430176 0.10152387619018555
14 0 1 114 553430176 0.09902310371398926
15 0 1 115 553430176 0.09612488746643066
16 0 1 116 553430176 0.09537482261657715
17 0 1 117 553430176 0.09877753257751465
18 0 1 118 553430176 0.09608864784240723
