16
3 0 1 103 553430176 0.10401773452758789
4 0 1 104 553430176 0.10306978225708008
5 0 1 105 553430176 0.10240626335144043
6 0 1 106 553430176 0.09895157814025879
7 0 1 107 553430176 0.09927988052368164
8 0 1 108 553430176 0.10187029838562012
9 0 1 109 553430176 0.10263371467590332
10 0 1 110 553430176 0.10186147689819336
11 0 1 111 553430176 0.0987699031829834
12 0 1 112 553430176 0.1054985523223877
13 0 1 113 553430176 0.0989387035369873
14 0 1 114 553430176 0.10197973251342773
15 0 1 115 553430176 0.10360312461853027
16 0 1 116 553430176 0.10320544242858887
17 0 1 117 553430176 0.10247135162353516
18 0 1 118 553430176 0.10181307792663574
