16
3 0 1 103 553430176 0.10308599472045898
4 0 1 104 553430176 0.10143089294433594
5 0 1 105 553430176 0.1023402214050293
6 0 1 106 553430176 0.10200810432434082
7 0 1 107 553430176 0.1009511947631836
8 0 1 108 553430176 0.099090576171875
9 0 1 109 553430176 0.10243368148803711
10 0 1 110 553430176 0.1021728515625
11 0 1 111 553430176 0.10610723495483398
12 0 1 112 553430176 0.10199904441833496
13 0 1 113 553430176 0.10159611701965332
14 0 1 114 553430176 0.10221576690673828
15 0 1 115 553430176 0.1018068790435791
16 0 1 116 553430176 0.10200929641723633
17 0 1 117 553430176 0.10754919052124023
18 0 1 118 553430176 0.1025393009185791
