16
3 0 1 103 553430176 0.10244989395141602
4 0 1 104 553430176 0.10013437271118164
5 0 1 105 553430176 0.10298824310302734
6 0 1 106 553430176 0.10280585289001465
7 0 1 107 553430176 0.10252833366394043
8 0 1 108 553430176 0.10117840766906738
9 0 1 109 553430176 0.10216355323791504
10 0 1 110 553430176 0.1031351089477539
11 0 1 111 553430176 0.09920549392700195
12 0 1 112 553430176 0.10538434982299805
13 0 1 113 553430176 0.10293340682983398
14 0 1 114 553430176 0.1007692813873291
15 0 1 115 553430176 0.10324883460998535
16 0 1 116 553430176 0.1002037525177002
17 0 1 117 553430176 0.10296201705932617
18 0 1 118 553430176 0.10267329216003418
