16
3 0 1 103 553430176 0.10558533668518066
4 0 1 104 553430176 0.1016995906829834
5 0 1 105 553430176 0.10408616065979004
6 0 1 106 553430176 0.10308122634887695
7 0 1 107 553430176 0.10472846031188965
8 0 1 108 553430176 0.10276436805725098
9 0 1 109 553430176 0.1055154800415039
10 0 1 110 553430176 0.10190868377685547
11 0 1 111 553430176 0.10594034194946289
12 0 1 112 553430176 0.1041266918182373
13 0 1 113 553430176 0.10385346412658691
14 0 1 114 553430176 0.10459661483764648
15 0 1 115 553430176 0.10112833976745605
16 0 1 116 553430176 0.10592103004455566
17 0 1 117 553430176 0.10480451583862305
18 0 1 118 553430176 0.10272645950317383
