16
3 0 1 103 553430176 0.10713052749633789
4 0 1 104 553430176 0.10324430465698242
5 0 1 105 553430176 0.10391569137573242
6 0 1 106 553430176 0.10468006134033203
7 0 1 107 553430176 0.10559225082397461
8 0 1 108 553430176 0.1062014102935791
9 0 1 109 553430176 0.11424779891967773
10 0 1 110 553430176 0.10271072387695312
11 0 1 111 553430176 0.10723376274108887
12 0 1 112 553430176 0.10645771026611328
13 0 1 113 553430176 0.10631060600280762
14 0 1 114 553430176 0.1073920726776123
15 0 1 115 553430176 0.10905647277832031
16 0 1 116 553430176 0.10714983940124512
17 0 1 117 553430176 0.1042029857635498
18 0 1 118 553430176 0.10529518127441406
