16
3 0 1 103 553430176 0.09870004653930664
4 0 1 104 553430176 0.09787321090698242
5 0 1 105 553430176 0.10244631767272949
6 0 1 106 553430176 0.09810328483581543
7 0 1 107 553430176 0.09905219078063965
8 0 1 108 553430176 0.10130691528320312
9 0 1 109 553430176 0.09853553771972656
10 0 1 110 553430176 0.09903931617736816
11 0 1 111 553430176 0.09498834609985352
12 0 1 112 553430176 0.10192751884460449
13 0 1 113 553430176 0.09911131858825684
14 0 1 114 553430176 0.10133695602416992
15 0 1 115 553430176 0.10315513610839844
16 0 1 116 553430176 0.10142087936401367
17 0 1 117 553430176 0.09650206565856934
18 0 1 118 553430176 0.09761953353881836
