16
3 0 1 103 102011648 0.1050257682800293
4 0 1 104 102011648 0.11259865760803223
5 0 1 105 102011648 0.1086111068725586
6 0 1 106 102011648 0.10378432273864746
7 0 1 107 102011648 0.1063375473022461
8 0 1 108 102011648 0.1080939769744873
9 0 1 109 102011648 0.1047048568725586
10 0 1 110 102011648 0.11695027351379395
11 0 1 111 102011648 0.10526037216186523
12 0 1 112 102011648 0.10487961769104004
13 0 1 113 102011648 0.10706973075866699
14 0 1 114 102011648 0.10484123229980469
15 0 1 115 102011648 0.11385273933410645
16 0 1 116 102011648 0.10483098030090332
17 0 1 117 102011648 0.11149120330810547
18 0 1 118 102011648 0.10981607437133789
