16
3 0 1 103 102011648 0.10582900047302246
4 0 1 104 102011648 0.10441970825195312
5 0 1 105 102011648 0.10452413558959961
6 0 1 106 102011648 0.1050417423248291
7 0 1 107 102011648 0.10507011413574219
8 0 1 108 102011648 0.10658621788024902
9 0 1 109 102011648 0.10525012016296387
10 0 1 110 102011648 0.10180544853210449
11 0 1 111 102011648 0.09804844856262207
12 0 1 112 102011648 0.0955045223236084
13 0 1 113 102011648 0.10110616683959961
14 0 1 114 102011648 0.09856534004211426
15 0 1 115 102011648 0.10175013542175293
16 0 1 116 102011648 0.10225033760070801
17 0 1 117 102011648 0.10902142524719238
18 0 1 118 102011648 0.10571789741516113
