16
3 0 1 103 102011648 0.10471677780151367
4 0 1 104 102011648 0.10345244407653809
5 0 1 105 102011648 0.10424518585205078
6 0 1 106 102011648 0.1032857894897461
7 0 1 107 102011648 0.10397553443908691
8 0 1 108 102011648 0.09946894645690918
9 0 1 109 102011648 0.10151505470275879
10 0 1 110 102011648 0.10332202911376953
11 0 1 111 102011648 0.10341978073120117
12 0 1 112 102011648 0.10176348686218262
13 0 1 113 102011648 0.10219216346740723
14 0 1 114 102011648 0.05499529838562012
15 0 1 115 102011648 0.10454273223876953
16 0 1 116 102011648 0.10438156127929688
17 0 1 117 102011648 0.1056516170501709
18 0 1 118 102011648 0.10196638107299805
