16
3 0 1 103 102011648 0.1016542911529541
4 0 1 104 102011648 0.10196161270141602
5 0 1 105 102011648 0.10204219818115234
6 0 1 106 102011648 0.10269856452941895
7 0 1 107 102011648 0.09862923622131348
8 0 1 108 102011648 0.10132312774658203
9 0 1 109 102011648 0.10179471969604492
10 0 1 110 102011648 0.10238003730773926
11 0 1 111 102011648 0.10160636901855469
12 0 1 112 102011648 0.1023261547088623
13 0 1 113 102011648 0.0978384017944336
14 0 1 114 102011648 0.10241246223449707
15 0 1 115 102011648 0.10419511795043945
16 0 1 116 102011648 0.10503101348876953
17 0 1 117 102011648 0.10434961318969727
18 0 1 118 102011648 0.10546040534973145
