16
3 0 1 103 102011648 0.10208845138549805
4 0 1 104 102011648 0.06787300109863281
5 0 1 105 102011648 0.14261507987976074
6 0 1 106 102011648 0.14330506324768066
7 0 1 107 102011648 0.11685776710510254
8 0 1 108 102011648 0.11301684379577637
9 0 1 109 102011648 0.10132026672363281
10 0 1 110 102011648 0.10115861892700195
11 0 1 111 102011648 0.10222363471984863
12 0 1 112 102011648 0.10225725173950195
13 0 1 113 102011648 0.10135459899902344
14 0 1 114 102011648 0.10415911674499512
15 0 1 115 102011648 0.10474872589111328
16 0 1 116 102011648 0.10373592376708984
17 0 1 117 102011648 0.1023111343383789
18 0 1 118 102011648 0.10169839859008789
