16
3 0 1 103 102011648 0.09845185279846191
4 0 1 104 102011648 0.09829330444335938
5 0 1 105 102011648 0.09702086448669434
6 0 1 106 102011648 0.10194635391235352
7 0 1 107 102011648 0.09796690940856934
8 0 1 108 102011648 0.09467267990112305
9 0 1 109 102011648 0.09549856185913086
10 0 1 110 102011648 0.09800171852111816
11 0 1 111 102011648 0.10478687286376953
12 0 1 112 102011648 0.09835410118103027
13 0 1 113 102011648 0.09709572792053223
14 0 1 114 102011648 0.09824657440185547
15 0 1 115 102011648 0.10407328605651855
16 0 1 116 102011648 0.09561848640441895
17 0 1 117 102011648 0.09743595123291016
18 0 1 118 102011648 0.10083580017089844
