16
3 0 1 103 102011648 0.10853052139282227
4 0 1 104 102011648 0.1029672622680664
5 0 1 105 102011648 0.10456228256225586
6 0 1 106 102011648 0.10771512985229492
7 0 1 107 102011648 0.09686827659606934
8 0 1 108 102011648 0.10061025619506836
9 0 1 109 102011648 0.10428524017333984
10 0 1 110 102011648 0.10450625419616699
11 0 1 111 102011648 0.11028623580932617
12 0 1 112 102011648 0.10204672813415527
13 0 1 113 102011648 0.10427093505859375
14 0 1 114 102011648 0.1017305850982666
15 0 1 115 102011648 0.10363197326660156
16 0 1 116 102011648 0.10661482810974121
17 0 1 117 102011648 0.10216879844665527
18 0 1 118 102011648 0.1037905216217041
