16
3 0 1 103 102011648 0.1071939468383789
4 0 1 104 102011648 0.10534977912902832
5 0 1 105 102011648 0.10548019409179688
6 0 1 106 102011648 0.10402035713195801
7 0 1 107 102011648 0.10268402099609375
8 0 1 108 102011648 0.10216856002807617
9 0 1 109 102011648 0.10270142555236816
10 0 1 110 102011648 0.09763979911804199
11 0 1 111 102011648 0.10118579864501953
12 0 1 112 102011648 0.10225439071655273
13 0 1 113 102011648 0.09879803657531738
14 0 1 114 102011648 0.09905028343200684
15 0 1 115 102011648 0.09871578216552734
16 0 1 116 102011648 0.10233259201049805
17 0 1 117 102011648 0.10637187957763672
18 0 1 118 102011648 0.09811878204345703
