16
3 0 1 103 102011648 0.10593628883361816
4 0 1 104 102011648 0.10965728759765625
5 0 1 105 102011648 0.10559749603271484
6 0 1 106 102011648 0.1018214225769043
7 0 1 107 102011648 0.10757946968078613
8 0 1 108 102011648 0.10517692565917969
9 0 1 109 102011648 0.1044919490814209
10 0 1 110 102011648 0.10326862335205078
11 0 1 111 102011648 0.10395407676696777
12 0 1 112 102011648 0.10343551635742188
13 0 1 113 102011648 0.09747648239135742
14 0 1 114 102011648 0.10707521438598633
15 0 1 115 102011648 0.104156494140625
16 0 1 116 102011648 0.10667943954467773
17 0 1 117 102011648 0.09816455841064453
18 0 1 118 102011648 0.1042165756225586
