16
3 0 1 103 102011648 0.10193848609924316
4 0 1 104 102011648 0.10249710083007812
5 0 1 105 102011648 0.10689425468444824
6 0 1 106 102011648 0.10224461555480957
7 0 1 107 102011648 0.10386848449707031
8 0 1 108 102011648 0.10281085968017578
9 0 1 109 102011648 0.10165619850158691
10 0 1 110 102011648 0.10613799095153809
11 0 1 111 102011648 0.10331463813781738
12 0 1 112 102011648 0.10415339469909668
13 0 1 113 102011648 0.1057138442993164
14 0 1 114 102011648 0.10242795944213867
15 0 1 115 102011648 0.10147237777709961
16 0 1 116 102011648 0.10258746147155762
17 0 1 117 102011648 0.10103249549865723
18 0 1 118 102011648 0.10185003280639648
