16
3 0 1 103 102011648 0.10226774215698242
4 0 1 104 102011648 0.10097122192382812
5 0 1 105 102011648 0.10301661491394043
6 0 1 106 102011648 0.1009066104888916
7 0 1 107 102011648 0.10232758522033691
8 0 1 108 102011648 0.10694622993469238
9 0 1 109 102011648 0.10254049301147461
10 0 1 110 102011648 0.10361862182617188
11 0 1 111 102011648 0.10417318344116211
12 0 1 112 102011648 0.10500311851501465
13 0 1 113 102011648 0.1050267219543457
14 0 1 114 102011648 0.10724925994873047
15 0 1 115 102011648 0.10290050506591797
16 0 1 116 102011648 0.10494875907897949
17 0 1 117 102011648 0.10545969009399414
18 0 1 118 102011648 0.09526658058166504
