16
3 0 1 103 102011648 0.10265803337097168
4 0 1 104 102011648 0.10144376754760742
5 0 1 105 102011648 0.10253310203552246
6 0 1 106 102011648 0.10492134094238281
7 0 1 107 102011648 0.10946321487426758
8 0 1 108 102011648 0.10602807998657227
9 0 1 109 102011648 0.10406041145324707
10 0 1 110 102011648 0.10250520706176758
11 0 1 111 102011648 0.10246682167053223
12 0 1 112 102011648 0.10352802276611328
13 0 1 113 102011648 0.10604381561279297
14 0 1 114 102011648 0.10531449317932129
15 0 1 115 102011648 0.10709452629089355
16 0 1 116 102011648 0.10472750663757324
17 0 1 117 102011648 0.10599350929260254
18 0 1 118 102011648 0.10550904273986816
