16
3 0 1 103 102011648 0.10602903366088867
4 0 1 104 102011648 0.10508108139038086
5 0 1 105 102011648 0.10137414932250977
6 0 1 106 102011648 0.10512161254882812
7 0 1 107 102011648 0.09822702407836914
8 0 1 108 102011648 0.10411238670349121
9 0 1 109 102011648 0.0986642837524414
10 0 1 110 102011648 0.10240697860717773
11 0 1 111 102011648 0.10277080535888672
12 0 1 112 102011648 0.10339689254760742
13 0 1 113 102011648 0.10126018524169922
14 0 1 114 102011648 0.10295462608337402
15 0 1 115 102011648 0.10178399085998535
16 0 1 116 102011648 0.10213708877563477
17 0 1 117 102011648 0.1021571159362793
18 0 1 118 102011648 0.10181498527526855
