16
3 0 1 103 102011648 0.10117483139038086
4 0 1 104 102011648 0.10167312622070312
5 0 1 105 102011648 0.10494852066040039
6 0 1 106 102011648 0.09704017639160156
7 0 1 107 102011648 0.10175299644470215
8 0 1 108 102011648 0.10034489631652832
9 0 1 109 102011648 0.10672903060913086
10 0 1 110 102011648 0.10410881042480469
11 0 1 111 102011648 0.10321378707885742
12 0 1 112 102011648 0.10327911376953125
13 0 1 113 102011648 0.10529470443725586
14 0 1 114 102011648 0.1027987003326416
15 0 1 115 102011648 0.1018991470336914
16 0 1 116 102011648 0.10614705085754395
17 0 1 117 102011648 0.10471844673156738
18 0 1 118 102011648 0.10393977165222168
