16
3 0 1 103 102011648 0.10664844512939453
4 0 1 104 102011648 0.10332608222961426
5 0 1 105 102011648 0.10130763053894043
6 0 1 106 102011648 0.10469412803649902
7 0 1 107 102011648 0.10780596733093262
8 0 1 108 102011648 0.10506510734558105
9 0 1 109 102011648 0.10922908782958984
10 0 1 110 102011648 0.1014871597290039
11 0 1 111 102011648 0.1082611083984375
12 0 1 112 102011648 0.10608434677124023
13 0 1 113 102011648 0.1096196174621582
14 0 1 114 102011648 0.1074821949005127
15 0 1 115 102011648 0.10304832458496094
16 0 1 116 102011648 0.10535240173339844
17 0 1 117 102011648 0.10728812217712402
18 0 1 118 102011648 0.10147333145141602
