16
3 0 1 103 102011648 0.12353920936584473
4 0 1 104 102011648 0.10582160949707031
5 0 1 105 102011648 0.10242366790771484
6 0 1 106 102011648 0.10435628890991211
7 0 1 107 102011648 0.102691650390625
8 0 1 108 102011648 0.09806299209594727
9 0 1 109 102011648 0.10177969932556152
10 0 1 110 102011648 0.10231328010559082
11 0 1 111 102011648 0.10148334503173828
12 0 1 112 102011648 0.10242152214050293
13 0 1 113 102011648 0.09964275360107422
14 0 1 114 102011648 0.10511636734008789
15 0 1 115 102011648 0.10685133934020996
16 0 1 116 102011648 0.10434699058532715
17 0 1 117 102011648 0.10602188110351562
18 0 1 118 102011648 0.10300040245056152
