16
3 0 1 103 102011648 0.0985865592956543
4 0 1 104 102011648 0.1026754379272461
5 0 1 105 102011648 0.10263180732727051
6 0 1 106 102011648 0.09850096702575684
7 0 1 107 102011648 0.09488654136657715
8 0 1 108 102011648 0.10279178619384766
9 0 1 109 102011648 0.10854506492614746
10 0 1 110 102011648 0.1059567928314209
11 0 1 111 102011648 0.10641169548034668
12 0 1 112 102011648 0.10587263107299805
13 0 1 113 102011648 0.10769414901733398
14 0 1 114 102011648 0.10548281669616699
15 0 1 115 102011648 0.055599212646484375
16 0 1 116 102011648 0.10463380813598633
17 0 1 117 102011648 0.10433387756347656
18 0 1 118 102011648 0.1023259162902832
