16
3 0 1 103 102011648 0.10655355453491211
4 0 1 104 102011648 0.10320472717285156
5 0 1 105 102011648 0.10454225540161133
6 0 1 106 102011648 0.1063838005065918
7 0 1 107 102011648 0.10593199729919434
8 0 1 108 102011648 0.10256123542785645
9 0 1 109 102011648 0.10288071632385254
10 0 1 110 102011648 0.10561823844909668
11 0 1 111 102011648 0.1046605110168457
12 0 1 112 102011648 0.10435938835144043
13 0 1 113 102011648 0.10552120208740234
14 0 1 114 102011648 0.10543036460876465
15 0 1 115 102011648 0.10165190696716309
16 0 1 116 102011648 0.09867453575134277
17 0 1 117 102011648 0.10185480117797852
18 0 1 118 102011648 0.09718656539916992
