16
3 0 1 103 102011648 0.10661697387695312
4 0 1 104 102011648 0.10605311393737793
5 0 1 105 102011648 0.09808182716369629
6 0 1 106 102011648 0.10198163986206055
7 0 1 107 102011648 0.09800982475280762
8 0 1 108 102011648 0.10241103172302246
9 0 1 109 102011648 0.10170435905456543
10 0 1 110 102011648 0.10115361213684082
11 0 1 111 102011648 0.1060020923614502
12 0 1 112 102011648 0.10566520690917969
13 0 1 113 102011648 0.10585927963256836
14 0 1 114 102011648 0.0987241268157959
15 0 1 115 102011648 0.09843564033508301
16 0 1 116 102011648 0.1015777587890625
17 0 1 117 102011648 0.10746192932128906
18 0 1 118 102011648 0.10523152351379395
