16
3 0 1 103 102011648 0.11784529685974121
4 0 1 104 102011648 0.09999561309814453
5 0 1 105 102011648 0.10393047332763672
6 0 1 106 102011648 0.1007833480834961
7 0 1 107 102011648 0.10268926620483398
8 0 1 108 102011648 0.0938408374786377
9 0 1 109 102011648 0.10088801383972168
10 0 1 110 102011648 0.10302472114562988
11 0 1 111 102011648 0.0972747802734375
12 0 1 112 102011648 0.10070204734802246
13 0 1 113 102011648 0.09748673439025879
14 0 1 114 102011648 0.10186457633972168
15 0 1 115 102011648 0.10220718383789062
16 0 1 116 102011648 0.09728002548217773
17 0 1 117 102011648 0.10781407356262207
18 0 1 118 102011648 0.10044050216674805
