16
3 0 1 103 102011648 0.0956730842590332
4 0 1 104 102011648 0.10192012786865234
5 0 1 105 102011648 0.09797263145446777
6 0 1 106 102011648 0.10159730911254883
7 0 1 107 102011648 0.09755969047546387
8 0 1 108 102011648 0.09751462936401367
9 0 1 109 102011648 0.09462761878967285
10 0 1 110 102011648 0.09824562072753906
11 0 1 111 102011648 0.09853839874267578
12 0 1 112 102011648 0.09763526916503906
13 0 1 113 102011648 0.09826135635375977
14 0 1 114 102011648 0.10159015655517578
15 0 1 115 102011648 0.08765554428100586
16 0 1 116 102011648 0.09832978248596191
17 0 1 117 102011648 0.09442663192749023
18 0 1 118 102011648 0.09774923324584961
