16
3 0 1 103 102011648 0.10016775131225586
4 0 1 104 102011648 0.10196614265441895
5 0 1 105 102011648 0.1000676155090332
6 0 1 106 102011648 0.10070228576660156
7 0 1 107 102011648 0.10060930252075195
8 0 1 108 102011648 0.10438394546508789
9 0 1 109 102011648 0.09652042388916016
10 0 1 110 102011648 0.0966792106628418
11 0 1 111 102011648 0.10022807121276855
12 0 1 112 102011648 0.1006155014038086
13 0 1 113 102011648 0.10030174255371094
14 0 1 114 102011648 0.10534024238586426
15 0 1 115 102011648 0.10088515281677246
16 0 1 116 102011648 0.10382795333862305
17 0 1 117 102011648 0.10402178764343262
18 0 1 118 102011648 0.10424923896789551
