16
3 0 1 103 102011648 0.10356473922729492
4 0 1 104 102011648 0.10238027572631836
5 0 1 105 102011648 0.10500812530517578
6 0 1 106 102011648 0.10226774215698242
7 0 1 107 102011648 0.10311627388000488
8 0 1 108 102011648 0.10774040222167969
9 0 1 109 102011648 0.10451269149780273
10 0 1 110 102011648 0.10456013679504395
11 0 1 111 102011648 0.10480260848999023
12 0 1 112 102011648 0.10634303092956543
13 0 1 113 102011648 0.10358786582946777
14 0 1 114 102011648 0.10502314567565918
15 0 1 115 102011648 0.10773634910583496
16 0 1 116 102011648 0.10473299026489258
17 0 1 117 102011648 0.1071009635925293
18 0 1 118 102011648 0.10389208793640137
