16
3 0 1 103 102011648 0.1011958122253418
4 0 1 104 102011648 0.09869194030761719
5 0 1 105 102011648 0.09793400764465332
6 0 1 106 102011648 0.10120129585266113
7 0 1 107 102011648 0.10212373733520508
8 0 1 108 102011648 0.10162734985351562
9 0 1 109 102011648 0.10236883163452148
10 0 1 110 102011648 0.10263824462890625
11 0 1 111 102011648 0.10168051719665527
12 0 1 112 102011648 0.1019291877746582
13 0 1 113 102011648 0.10138368606567383
14 0 1 114 102011648 0.10304665565490723
15 0 1 115 102011648 0.10262656211853027
16 0 1 116 102011648 0.10138702392578125
17 0 1 117 102011648 0.10561203956604004
18 0 1 118 102011648 0.10257482528686523
