16
3 0 1 103 102011648 0.10529398918151855
4 0 1 104 102011648 0.10783529281616211
5 0 1 105 102011648 0.10277795791625977
6 0 1 106 102011648 0.09826159477233887
7 0 1 107 102011648 0.10298681259155273
8 0 1 108 102011648 0.10408568382263184
9 0 1 109 102011648 0.10171198844909668
10 0 1 110 102011648 0.10193467140197754
11 0 1 111 102011648 0.09789919853210449
12 0 1 112 102011648 0.10306477546691895
13 0 1 113 102011648 0.10218644142150879
14 0 1 114 102011648 0.10469770431518555
15 0 1 115 102011648 0.09993243217468262
16 0 1 116 102011648 0.10126352310180664
17 0 1 117 102011648 0.10648059844970703
18 0 1 118 102011648 0.10258865356445312
