16
3 0 1 103 102011648 0.1057288646697998
4 0 1 104 102011648 0.10967850685119629
5 0 1 105 102011648 0.10594820976257324
6 0 1 106 102011648 0.10648751258850098
7 0 1 107 102011648 0.10569143295288086
8 0 1 108 102011648 0.10457777976989746
9 0 1 109 102011648 0.09832525253295898
10 0 1 110 102011648 0.1011357307434082
11 0 1 111 102011648 0.09773564338684082
12 0 1 112 102011648 0.09832143783569336
13 0 1 113 102011648 0.1020205020904541
14 0 1 114 102011648 0.09758687019348145
15 0 1 115 102011648 0.10406041145324707
16 0 1 116 102011648 0.1046135425567627
17 0 1 117 102011648 0.0983896255493164
18 0 1 118 102011648 0.09731817245483398
