16
3 0 1 103 102011648 0.05600857734680176
4 0 1 104 102011648 0.10621070861816406
5 0 1 105 102011648 0.1123039722442627
6 0 1 106 102011648 0.11054873466491699
7 0 1 107 102011648 0.10512518882751465
8 0 1 108 102011648 0.10471701622009277
9 0 1 109 102011648 0.10712218284606934
10 0 1 110 102011648 0.10604429244995117
11 0 1 111 102011648 0.10452938079833984
12 0 1 112 102011648 0.10467362403869629
13 0 1 113 102011648 0.10548257827758789
14 0 1 114 102011648 0.1041707992553711
15 0 1 115 102011648 0.10370373725891113
16 0 1 116 102011648 0.10379934310913086
17 0 1 117 102011648 0.10210514068603516
18 0 1 118 102011648 0.10226702690124512
