16
3 0 1 103 102011648 0.10178232192993164
4 0 1 104 102011648 0.10206270217895508
5 0 1 105 102011648 0.1015634536743164
6 0 1 106 102011648 0.10228681564331055
7 0 1 107 102011648 0.1025383472442627
8 0 1 108 102011648 0.10189032554626465
9 0 1 109 102011648 0.10195159912109375
10 0 1 110 102011648 0.10139632225036621
11 0 1 111 102011648 0.10666799545288086
12 0 1 112 102011648 0.1034996509552002
13 0 1 113 102011648 0.10354733467102051
14 0 1 114 102011648 0.10173559188842773
15 0 1 115 102011648 0.09862685203552246
16 0 1 116 102011648 0.10182476043701172
17 0 1 117 102011648 0.10194158554077148
18 0 1 118 102011648 0.10734224319458008
