16
3 0 1 103 102011648 0.10877370834350586
4 0 1 104 102011648 0.10551834106445312
5 0 1 105 102011648 0.10782289505004883
6 0 1 106 102011648 0.10659456253051758
7 0 1 107 102011648 0.10850930213928223
8 0 1 108 102011648 0.10701823234558105
9 0 1 109 102011648 0.10887002944946289
10 0 1 110 102011648 0.10218191146850586
11 0 1 111 102011648 0.10871529579162598
12 0 1 112 102011648 0.10359501838684082
13 0 1 113 102011648 0.10630297660827637
14 0 1 114 102011648 0.1038064956665039
15 0 1 115 102011648 0.10436344146728516
16 0 1 116 102011648 0.10585618019104004
17 0 1 117 102011648 0.10578584671020508
18 0 1 118 102011648 0.10296630859375
