16
3 0 1 103 102011648 0.11181640625
4 0 1 104 102011648 0.10403704643249512
5 0 1 105 102011648 0.11447763442993164
6 0 1 106 102011648 0.1048285961151123
7 0 1 107 102011648 0.10720038414001465
8 0 1 108 102011648 0.11010193824768066
9 0 1 109 102011648 0.10529923439025879
10 0 1 110 102011648 0.1047971248626709
11 0 1 111 102011648 0.10277938842773438
12 0 1 112 102011648 0.11059856414794922
13 0 1 113 102011648 0.11069059371948242
14 0 1 114 102011648 0.1073462963104248
15 0 1 115 102011648 0.10623574256896973
16 0 1 116 102011648 0.10830497741699219
17 0 1 117 102011648 0.10979723930358887
18 0 1 118 102011648 0.10294389724731445
