16
3 0 1 103 102011648 0.10062193870544434
4 0 1 104 102011648 0.09790349006652832
5 0 1 105 102011648 0.09789896011352539
6 0 1 106 102011648 0.10047030448913574
7 0 1 107 102011648 0.10270428657531738
8 0 1 108 102011648 0.09791302680969238
9 0 1 109 102011648 0.09749531745910645
10 0 1 110 102011648 0.1010293960571289
11 0 1 111 102011648 0.09766602516174316
12 0 1 112 102011648 0.10257792472839355
13 0 1 113 102011648 0.09756326675415039
14 0 1 114 102011648 0.0984952449798584
15 0 1 115 102011648 0.09975767135620117
16 0 1 116 102011648 0.09328079223632812
17 0 1 117 102011648 0.10138058662414551
18 0 1 118 102011648 0.09741806983947754
