16
3 0 1 103 102011648 0.10233020782470703
4 0 1 104 102011648 0.10244250297546387
5 0 1 105 102011648 0.10183119773864746
6 0 1 106 102011648 0.1015625
7 0 1 107 102011648 0.10654306411743164
8 0 1 108 102011648 0.10603928565979004
9 0 1 109 102011648 0.10327506065368652
10 0 1 110 102011648 0.10821199417114258
11 0 1 111 102011648 0.10070419311523438
12 0 1 112 102011648 0.10141944885253906
13 0 1 113 102011648 0.10446310043334961
14 0 1 114 102011648 0.1026914119720459
15 0 1 115 102011648 0.10165047645568848
16 0 1 116 102011648 0.10269832611083984
17 0 1 117 102011648 0.10197877883911133
18 0 1 118 102011648 0.10154247283935547
