16
3 0 1 103 102011648 0.10440421104431152
4 0 1 104 102011648 0.10258698463439941
5 0 1 105 102011648 0.10390305519104004
6 0 1 106 102011648 0.09914398193359375
7 0 1 107 102011648 0.10465526580810547
8 0 1 108 102011648 0.10257911682128906
9 0 1 109 102011648 0.10457015037536621
10 0 1 110 102011648 0.1072242259979248
11 0 1 111 102011648 0.10755181312561035
12 0 1 112 102011648 0.10324597358703613
13 0 1 113 102011648 0.10252809524536133
14 0 1 114 102011648 0.10214400291442871
15 0 1 115 102011648 0.10745382308959961
16 0 1 116 102011648 0.10486268997192383
17 0 1 117 102011648 0.10277318954467773
18 0 1 118 102011648 0.09789085388183594
