16
3 0 1 103 102011648 0.09822416305541992
4 0 1 104 102011648 0.10483670234680176
5 0 1 105 102011648 0.1022024154663086
6 0 1 106 102011648 0.10528206825256348
7 0 1 107 102011648 0.09825563430786133
8 0 1 108 102011648 0.09522438049316406
9 0 1 109 102011648 0.10599231719970703
10 0 1 110 102011648 0.10624933242797852
11 0 1 111 102011648 0.10560846328735352
12 0 1 112 102011648 0.10174441337585449
13 0 1 113 102011648 0.10335135459899902
14 0 1 114 102011648 0.09836816787719727
15 0 1 115 102011648 0.09556770324707031
16 0 1 116 102011648 0.10026812553405762
17 0 1 117 102011648 0.10217475891113281
18 0 1 118 102011648 0.10087275505065918
