16
3 0 1 103 102011648 0.10328936576843262
4 0 1 104 102011648 0.10160636901855469
5 0 1 105 102011648 0.10366368293762207
6 0 1 106 102011648 0.11219215393066406
7 0 1 107 102011648 0.1034243106842041
8 0 1 108 102011648 0.11405348777770996
9 0 1 109 102011648 0.10950493812561035
10 0 1 110 102011648 0.09662389755249023
11 0 1 111 102011648 0.09905076026916504
12 0 1 112 102011648 0.10549807548522949
13 0 1 113 102011648 0.10302090644836426
14 0 1 114 102011648 0.11246609687805176
15 0 1 115 102011648 0.10596609115600586
16 0 1 116 102011648 0.10297584533691406
17 0 1 117 102011648 0.10501313209533691
18 0 1 118 102011648 0.10480952262878418
