16
3 0 1 103 102011648 0.10103487968444824
4 0 1 104 102011648 0.09947752952575684
5 0 1 105 102011648 0.1023092269897461
6 0 1 106 102011648 0.10225486755371094
7 0 1 107 102011648 0.1024770736694336
8 0 1 108 102011648 0.10394454002380371
9 0 1 109 102011648 0.11521363258361816
10 0 1 110 102011648 0.09039092063903809
11 0 1 111 102011648 0.11367964744567871
12 0 1 112 102011648 0.09898543357849121
13 0 1 113 102011648 0.10300922393798828
14 0 1 114 102011648 0.09994101524353027
15 0 1 115 102011648 0.10325503349304199
16 0 1 116 102011648 0.10217881202697754
17 0 1 117 102011648 0.11877202987670898
18 0 1 118 102011648 0.1028130054473877
