16
3 0 1 103 102011648 0.10813474655151367
4 0 1 104 102011648 0.10571980476379395
5 0 1 105 102011648 0.10732221603393555
6 0 1 106 102011648 0.10504555702209473
7 0 1 107 102011648 0.10822653770446777
8 0 1 108 102011648 0.1054694652557373
9 0 1 109 102011648 0.10826468467712402
10 0 1 110 102011648 0.10783147811889648
11 0 1 111 102011648 0.10870361328125
12 0 1 112 102011648 0.10634851455688477
13 0 1 113 102011648 0.10326051712036133
14 0 1 114 102011648 0.10587215423583984
15 0 1 115 102011648 0.10377693176269531
16 0 1 116 102011648 0.10688900947570801
17 0 1 117 102011648 0.11346077919006348
18 0 1 118 102011648 0.10558724403381348
