16
3 0 1 103 102011648 0.10230112075805664
4 0 1 104 102011648 0.10193610191345215
5 0 1 105 102011648 0.10725283622741699
6 0 1 106 102011648 0.10154318809509277
7 0 1 107 102011648 0.10167193412780762
8 0 1 108 102011648 0.09878849983215332
9 0 1 109 102011648 0.10808086395263672
10 0 1 110 102011648 0.10972738265991211
11 0 1 111 102011648 0.10628104209899902
12 0 1 112 102011648 0.1057429313659668
13 0 1 113 102011648 0.10659456253051758
14 0 1 114 102011648 0.10415339469909668
15 0 1 115 102011648 0.09825873374938965
16 0 1 116 102011648 0.09880447387695312
17 0 1 117 102011648 0.10161662101745605
18 0 1 118 102011648 0.1068570613861084
