16
3 0 1 103 102011648 0.09576630592346191
4 0 1 104 102011648 0.0958871841430664
5 0 1 105 102011648 0.09767889976501465
6 0 1 106 102011648 0.0999000072479248
7 0 1 107 102011648 0.0986628532409668
8 0 1 108 102011648 0.10597491264343262
9 0 1 109 102011648 0.09852313995361328
10 0 1 110 102011648 0.10068821907043457
11 0 1 111 102011648 0.057364463806152344
12 0 1 112 102011648 0.10605001449584961
13 0 1 113 102011648 0.10367536544799805
14 0 1 114 102011648 0.0987391471862793
15 0 1 115 102011648 0.10118436813354492
16 0 1 116 102011648 0.10232853889465332
17 0 1 117 102011648 0.09816622734069824
18 0 1 118 102011648 0.09845709800720215
