16
3 0 1 103 102011648 0.0985872745513916
4 0 1 104 102011648 0.09852933883666992
5 0 1 105 102011648 0.05815458297729492
6 0 1 106 102011648 0.10189390182495117
7 0 1 107 102011648 0.10545778274536133
8 0 1 108 102011648 0.10190343856811523
9 0 1 109 102011648 0.10162687301635742
10 0 1 110 102011648 0.09853720664978027
11 0 1 111 102011648 0.10655021667480469
12 0 1 112 102011648 0.1063687801361084
13 0 1 113 102011648 0.10715270042419434
14 0 1 114 102011648 0.10500812530517578
15 0 1 115 102011648 0.10299205780029297
16 0 1 116 102011648 0.055739641189575195
17 0 1 117 102011648 0.10507369041442871
18 0 1 118 102011648 0.10307955741882324
