16
3 0 1 103 102011648 0.10421133041381836
4 0 1 104 102011648 0.10011172294616699
5 0 1 105 102011648 0.10126900672912598
6 0 1 106 102011648 0.10600018501281738
7 0 1 107 102011648 0.10664248466491699
8 0 1 108 102011648 0.10713601112365723
9 0 1 109 102011648 0.10166549682617188
10 0 1 110 102011648 0.1067662239074707
11 0 1 111 102011648 0.10761737823486328
12 0 1 112 102011648 0.10199308395385742
13 0 1 113 102011648 0.10358691215515137
14 0 1 114 102011648 0.10355877876281738
15 0 1 115 102011648 0.10486721992492676
16 0 1 116 102011648 0.10267448425292969
17 0 1 117 102011648 0.10614347457885742
18 0 1 118 102011648 0.10573744773864746
