16
3 0 1 103 102011648 0.10253405570983887
4 0 1 104 102011648 0.10367202758789062
5 0 1 105 102011648 0.10006570816040039
6 0 1 106 102011648 0.10308432579040527
7 0 1 107 102011648 0.10232758522033691
8 0 1 108 102011648 0.10531187057495117
9 0 1 109 102011648 0.10515904426574707
10 0 1 110 102011648 0.10405492782592773
11 0 1 111 102011648 0.10622620582580566
12 0 1 112 102011648 0.10612225532531738
13 0 1 113 102011648 0.1027524471282959
14 0 1 114 102011648 0.10570526123046875
15 0 1 115 102011648 0.10111618041992188
16 0 1 116 102011648 0.1029975414276123
17 0 1 117 102011648 0.10603880882263184
18 0 1 118 102011648 0.1043860912322998
