16
3 0 1 103 102011648 0.10507583618164062
4 0 1 104 102011648 0.10495638847351074
5 0 1 105 102011648 0.10629415512084961
6 0 1 106 102011648 0.10193967819213867
7 0 1 107 102011648 0.10401201248168945
8 0 1 108 102011648 0.10736823081970215
9 0 1 109 102011648 0.1042778491973877
10 0 1 110 102011648 0.10398602485656738
11 0 1 111 102011648 0.10352778434753418
12 0 1 112 102011648 0.10431766510009766
13 0 1 113 102011648 0.09803509712219238
14 0 1 114 102011648 0.10227036476135254
15 0 1 115 102011648 0.09877824783325195
16 0 1 116 102011648 0.1071012020111084
17 0 1 117 102011648 0.10600090026855469
18 0 1 118 102011648 0.1013956069946289
