16
3 0 1 103 102011648 0.10401630401611328
4 0 1 104 102011648 0.10408258438110352
5 0 1 105 102011648 0.10371994972229004
6 0 1 106 102011648 0.1064443588256836
7 0 1 107 102011648 0.10347867012023926
8 0 1 108 102011648 0.10429143905639648
9 0 1 109 102011648 0.10276293754577637
10 0 1 110 102011648 0.10185098648071289
11 0 1 111 102011648 0.10265588760375977
12 0 1 112 102011648 0.10461974143981934
13 0 1 113 102011648 0.10278105735778809
14 0 1 114 102011648 0.10202789306640625
15 0 1 115 102011648 0.09824490547180176
16 0 1 116 102011648 0.10765743255615234
17 0 1 117 102011648 0.10769844055175781
18 0 1 118 102011648 0.10617923736572266
