16
3 0 1 103 102011648 0.10806131362915039
4 0 1 104 102011648 0.10540437698364258
5 0 1 105 102011648 0.10483360290527344
6 0 1 106 102011648 0.10796928405761719
7 0 1 107 102011648 0.09927082061767578
8 0 1 108 102011648 0.1006934642791748
9 0 1 109 102011648 0.10461044311523438
10 0 1 110 102011648 0.09852719306945801
11 0 1 111 102011648 0.10199785232543945
12 0 1 112 102011648 0.10918021202087402
13 0 1 113 102011648 0.10459756851196289
14 0 1 114 102011648 0.1070702075958252
15 0 1 115 102011648 0.10780620574951172
16 0 1 116 102011648 0.10466361045837402
17 0 1 117 102011648 0.10769152641296387
18 0 1 118 102011648 0.10495758056640625
