16
3 0 1 103 102011648 0.10559535026550293
4 0 1 104 102011648 0.10650229454040527
5 0 1 105 102011648 0.10504817962646484
6 0 1 106 102011648 0.10833072662353516
7 0 1 107 102011648 0.11436247825622559
8 0 1 108 102011648 0.10536432266235352
9 0 1 109 102011648 0.10593271255493164
10 0 1 110 102011648 0.1132354736328125
11 0 1 111 102011648 0.10707354545593262
12 0 1 112 102011648 0.10993838310241699
13 0 1 113 102011648 0.11338424682617188
14 0 1 114 102011648 0.10615134239196777
15 0 1 115 102011648 0.10529088973999023
16 0 1 116 102011648 0.10530543327331543
17 0 1 117 102011648 0.10637378692626953
18 0 1 118 102011648 0.1026160717010498
