16
3 0 1 103 102011648 0.10385537147521973
4 0 1 104 102011648 0.10542631149291992
5 0 1 105 102011648 0.10466122627258301
6 0 1 106 102011648 0.10449600219726562
7 0 1 107 102011648 0.10517311096191406
8 0 1 108 102011648 0.10492420196533203
9 0 1 109 102011648 0.10583043098449707
10 0 1 110 102011648 0.10474300384521484
11 0 1 111 102011648 0.10655450820922852
12 0 1 112 102011648 0.1063225269317627
13 0 1 113 102011648 0.7218704223632812
14 0 1 114 102011648 0.11060738563537598
15 0 1 115 102011648 0.12509965896606445
16 0 1 116 102011648 0.11898612976074219
17 0 1 117 102011648 0.1107785701751709
18 0 1 118 102011648 0.10802197456359863
