16
3 0 1 103 102011648 0.09849953651428223
4 0 1 104 102011648 0.0991058349609375
5 0 1 105 102011648 0.1019737720489502
6 0 1 106 102011648 0.10204482078552246
7 0 1 107 102011648 0.10111427307128906
8 0 1 108 102011648 0.0980384349822998
9 0 1 109 102011648 0.10192584991455078
10 0 1 110 102011648 0.09584522247314453
11 0 1 111 102011648 0.09838032722473145
12 0 1 112 102011648 0.10254478454589844
13 0 1 113 102011648 0.10181546211242676
14 0 1 114 102011648 0.10208487510681152
15 0 1 115 102011648 0.10554146766662598
16 0 1 116 102011648 0.10320806503295898
17 0 1 117 102011648 0.10230231285095215
18 0 1 118 102011648 0.10190248489379883
