16
3 0 1 103 102011648 0.10104012489318848
4 0 1 104 102011648 0.10187768936157227
5 0 1 105 102011648 0.10766053199768066
6 0 1 106 102011648 0.10043144226074219
7 0 1 107 102011648 0.10420989990234375
8 0 1 108 102011648 0.10626935958862305
9 0 1 109 102011648 0.10917782783508301
10 0 1 110 102011648 0.10359525680541992
11 0 1 111 102011648 0.10181713104248047
12 0 1 112 102011648 0.11037039756774902
13 0 1 113 102011648 0.10612630844116211
14 0 1 114 102011648 0.10806131362915039
15 0 1 115 102011648 0.1052393913269043
16 0 1 116 102011648 0.10497832298278809
17 0 1 117 102011648 0.10686969757080078
18 0 1 118 102011648 0.10608077049255371
