16
3 0 1 103 102011648 0.09901952743530273
4 0 1 104 102011648 0.09827923774719238
5 0 1 105 102011648 0.1024773120880127
6 0 1 106 102011648 0.1022653579711914
7 0 1 107 102011648 0.10139250755310059
8 0 1 108 102011648 0.10217738151550293
9 0 1 109 102011648 0.10714149475097656
10 0 1 110 102011648 0.1103050708770752
11 0 1 111 102011648 0.1099553108215332
12 0 1 112 102011648 0.10519909858703613
13 0 1 113 102011648 0.10209846496582031
14 0 1 114 102011648 0.1067655086517334
15 0 1 115 102011648 0.10717391967773438
16 0 1 116 102011648 0.10713076591491699
17 0 1 117 102011648 0.10604071617126465
18 0 1 118 102011648 0.10605478286743164
