16
3 0 1 103 102011648 0.10223197937011719
4 0 1 104 102011648 0.09877896308898926
5 0 1 105 102011648 0.10079073905944824
6 0 1 106 102011648 0.10240864753723145
7 0 1 107 102011648 0.10216712951660156
8 0 1 108 102011648 0.11098289489746094
9 0 1 109 102011648 0.10361909866333008
10 0 1 110 102011648 0.1065976619720459
11 0 1 111 102011648 0.11253213882446289
12 0 1 112 102011648 0.10495352745056152
13 0 1 113 102011648 0.1094522476196289
14 0 1 114 102011648 0.10628151893615723
15 0 1 115 102011648 0.11070895195007324
16 0 1 116 102011648 0.10518407821655273
17 0 1 117 102011648 0.10551166534423828
18 0 1 118 102011648 0.10477113723754883
