16
3 0 1 103 102011648 0.10342025756835938
4 0 1 104 102011648 0.09503316879272461
5 0 1 105 102011648 0.09995412826538086
6 0 1 106 102011648 0.10012602806091309
7 0 1 107 102011648 0.0944817066192627
8 0 1 108 102011648 0.09455156326293945
9 0 1 109 102011648 0.10238361358642578
10 0 1 110 102011648 0.09441542625427246
11 0 1 111 102011648 0.09832572937011719
12 0 1 112 102011648 0.09816861152648926
13 0 1 113 102011648 0.10207796096801758
14 0 1 114 102011648 0.09738349914550781
15 0 1 115 102011648 0.09764337539672852
16 0 1 116 102011648 0.1030128002166748
17 0 1 117 102011648 0.10269451141357422
18 0 1 118 102011648 0.10605454444885254
