16
3 0 1 103 102011648 0.10268282890319824
4 0 1 104 102011648 0.10585427284240723
5 0 1 105 102011648 0.10689759254455566
6 0 1 106 102011648 0.10497856140136719
7 0 1 107 102011648 0.10343551635742188
8 0 1 108 102011648 0.10309171676635742
9 0 1 109 102011648 0.10289597511291504
10 0 1 110 102011648 0.10225319862365723
11 0 1 111 102011648 0.10591769218444824
12 0 1 112 102011648 0.10459375381469727
13 0 1 113 102011648 0.10441398620605469
14 0 1 114 102011648 0.10427498817443848
15 0 1 115 102011648 0.10321426391601562
16 0 1 116 102011648 0.10642886161804199
17 0 1 117 102011648 0.10624074935913086
18 0 1 118 102011648 0.1063692569732666
