16
3 0 1 103 102011648 0.09856915473937988
4 0 1 104 102011648 0.09808516502380371
5 0 1 105 102011648 0.09829831123352051
6 0 1 106 102011648 0.10408854484558105
7 0 1 107 102011648 0.10198116302490234
8 0 1 108 102011648 0.09948348999023438
9 0 1 109 102011648 0.10403299331665039
10 0 1 110 102011648 0.10613584518432617
11 0 1 111 102011648 0.1083524227142334
12 0 1 112 102011648 0.10179734230041504
13 0 1 113 102011648 0.10206007957458496
14 0 1 114 102011648 0.10442352294921875
15 0 1 115 102011648 0.09746932983398438
16 0 1 116 102011648 0.09871244430541992
17 0 1 117 102011648 0.10154199600219727
18 0 1 118 102011648 0.10281229019165039
