16
3 0 1 103 102011648 0.10438418388366699
4 0 1 104 102011648 0.1048581600189209
5 0 1 105 102011648 0.10628032684326172
6 0 1 106 102011648 0.10359930992126465
7 0 1 107 102011648 0.10572099685668945
8 0 1 108 102011648 0.10394430160522461
9 0 1 109 102011648 0.10504460334777832
10 0 1 110 102011648 0.10339999198913574
11 0 1 111 102011648 0.10286688804626465
12 0 1 112 102011648 0.10528182983398438
13 0 1 113 102011648 0.10695099830627441
14 0 1 114 102011648 0.10214662551879883
15 0 1 115 102011648 0.10360527038574219
16 0 1 116 102011648 0.10274815559387207
17 0 1 117 102011648 0.10072660446166992
18 0 1 118 102011648 0.10497379302978516
