16
3 0 1 103 102011648 0.1018986701965332
4 0 1 104 102011648 0.10633492469787598
5 0 1 105 102011648 0.05540323257446289
6 0 1 106 102011648 0.10696530342102051
7 0 1 107 102011648 0.10688972473144531
8 0 1 108 102011648 0.10623574256896973
9 0 1 109 102011648 0.10287737846374512
10 0 1 110 102011648 0.1050713062286377
11 0 1 111 102011648 0.10536956787109375
12 0 1 112 102011648 0.10899996757507324
13 0 1 113 102011648 0.11173605918884277
14 0 1 114 102011648 0.10782980918884277
15 0 1 115 102011648 0.11031603813171387
16 0 1 116 102011648 0.1140892505645752
17 0 1 117 102011648 0.1053154468536377
18 0 1 118 102011648 0.1048426628112793
