16
3 0 1 103 102011648 0.10820674896240234
4 0 1 104 102011648 0.07243990898132324
5 0 1 105 102011648 0.13875484466552734
6 0 1 106 102011648 0.0967249870300293
7 0 1 107 102011648 0.1202707290649414
8 0 1 108 102011648 0.10503578186035156
9 0 1 109 102011648 0.11231040954589844
10 0 1 110 102011648 0.11563777923583984
11 0 1 111 102011648 0.11514663696289062
12 0 1 112 102011648 0.11327075958251953
13 0 1 113 102011648 0.10258889198303223
14 0 1 114 102011648 0.10658979415893555
15 0 1 115 102011648 0.10709571838378906
16 0 1 116 102011648 0.10578131675720215
17 0 1 117 102011648 0.1052854061126709
18 0 1 118 102011648 0.0961766242980957
