16
3 0 1 103 102011648 0.09917044639587402
4 0 1 104 102011648 0.10137629508972168
5 0 1 105 102011648 0.10203671455383301
6 0 1 106 102011648 0.10155630111694336
7 0 1 107 102011648 0.0988316535949707
8 0 1 108 102011648 0.1064755916595459
9 0 1 109 102011648 0.10750961303710938
10 0 1 110 102011648 0.10182833671569824
11 0 1 111 102011648 0.10539937019348145
12 0 1 112 102011648 0.10328483581542969
13 0 1 113 102011648 0.1055910587310791
14 0 1 114 102011648 0.10398077964782715
15 0 1 115 102011648 0.10357284545898438
16 0 1 116 102011648 0.1048433780670166
17 0 1 117 102011648 0.10211825370788574
18 0 1 118 102011648 0.10174822807312012
