16
3 0 1 103 102011648 0.10559344291687012
4 0 1 104 102011648 0.09942221641540527
5 0 1 105 102011648 0.0984046459197998
6 0 1 106 102011648 0.10309815406799316
7 0 1 107 102011648 0.10098814964294434
8 0 1 108 102011648 0.10222125053405762
9 0 1 109 102011648 0.10307598114013672
10 0 1 110 102011648 0.10596084594726562
11 0 1 111 102011648 0.10238313674926758
12 0 1 112 102011648 0.10289931297302246
13 0 1 113 102011648 0.09894895553588867
14 0 1 114 102011648 0.10209083557128906
15 0 1 115 102011648 0.10985541343688965
16 0 1 116 102011648 0.10415816307067871
17 0 1 117 102011648 0.10667157173156738
18 0 1 118 102011648 0.10658526420593262
