16
3 0 1 103 102011648 0.09857892990112305
4 0 1 104 102011648 0.09833884239196777
5 0 1 105 102011648 0.10181164741516113
6 0 1 106 102011648 0.10180091857910156
7 0 1 107 102011648 0.1016395092010498
8 0 1 108 102011648 0.0988152027130127
9 0 1 109 102011648 0.09560370445251465
10 0 1 110 102011648 0.09911203384399414
11 0 1 111 102011648 0.09479808807373047
12 0 1 112 102011648 0.1022806167602539
13 0 1 113 102011648 0.09848213195800781
14 0 1 114 102011648 0.09775447845458984
15 0 1 115 102011648 0.09756660461425781
16 0 1 116 102011648 0.10258769989013672
17 0 1 117 102011648 0.09794950485229492
18 0 1 118 102011648 0.0975046157836914
