16
3 0 1 103 102011648 0.10202383995056152
4 0 1 104 102011648 0.09808683395385742
5 0 1 105 102011648 0.10211300849914551
6 0 1 106 102011648 0.09830760955810547
7 0 1 107 102011648 0.09762120246887207
8 0 1 108 102011648 0.05608654022216797
9 0 1 109 102011648 0.10163521766662598
10 0 1 110 102011648 0.10240912437438965
11 0 1 111 102011648 0.10198521614074707
12 0 1 112 102011648 0.098602294921875
13 0 1 113 102011648 0.09928750991821289
14 0 1 114 102011648 0.10270404815673828
15 0 1 115 102011648 0.10233092308044434
16 0 1 116 102011648 0.09901642799377441
17 0 1 117 102011648 0.10124492645263672
18 0 1 118 102011648 0.10239028930664062
