16
3 0 1 103 102011648 0.10198020935058594
4 0 1 104 102011648 0.10195779800415039
5 0 1 105 102011648 0.10382533073425293
6 0 1 106 102011648 0.10372257232666016
7 0 1 107 102011648 0.0987248420715332
8 0 1 108 102011648 0.10133957862854004
9 0 1 109 102011648 0.10202503204345703
10 0 1 110 102011648 0.10594820976257324
11 0 1 111 102011648 0.10240459442138672
12 0 1 112 102011648 0.10625457763671875
13 0 1 113 102011648 0.10201787948608398
14 0 1 114 102011648 0.09771513938903809
15 0 1 115 102011648 0.10449385643005371
16 0 1 116 102011648 0.10832405090332031
17 0 1 117 102011648 0.10277247428894043
18 0 1 118 102011648 0.10267519950866699
