16
3 0 1 103 102011648 0.10437130928039551
4 0 1 104 102011648 0.10762786865234375
5 0 1 105 102011648 0.10518741607666016
6 0 1 106 102011648 0.10573220252990723
7 0 1 107 102011648 0.10593080520629883
8 0 1 108 102011648 0.10989594459533691
9 0 1 109 102011648 0.10432672500610352
10 0 1 110 102011648 0.10795879364013672
11 0 1 111 102011648 0.10496068000793457
12 0 1 112 102011648 0.1017303466796875
13 0 1 113 102011648 0.10385608673095703
14 0 1 114 102011648 0.10470438003540039
15 0 1 115 102011648 0.10699295997619629
16 0 1 116 102011648 0.1035616397857666
17 0 1 117 102011648 0.10376667976379395
18 0 1 118 102011648 0.10004186630249023
