16
3 0 1 103 102011648 0.10426950454711914
4 0 1 104 102011648 0.10641717910766602
5 0 1 105 102011648 0.09936690330505371
6 0 1 106 102011648 0.10428881645202637
7 0 1 107 102011648 0.10613274574279785
8 0 1 108 102011648 0.10752177238464355
9 0 1 109 102011648 0.10631227493286133
10 0 1 110 102011648 0.10549545288085938
11 0 1 111 102011648 0.09944438934326172
12 0 1 112 102011648 0.10780715942382812
13 0 1 113 102011648 0.10634636878967285
14 0 1 114 102011648 0.10533499717712402
15 0 1 115 102011648 0.1031959056854248
16 0 1 116 102011648 0.10573458671569824
17 0 1 117 102011648 0.11841464042663574
18 0 1 118 102011648 0.10211467742919922
