16
3 0 1 103 102011648 0.10451531410217285
4 0 1 104 102011648 0.10217142105102539
5 0 1 105 102011648 0.10190176963806152
6 0 1 106 102011648 0.10080313682556152
7 0 1 107 102011648 0.10200667381286621
8 0 1 108 102011648 0.10036587715148926
9 0 1 109 102011648 0.10316920280456543
10 0 1 110 102011648 0.09832644462585449
11 0 1 111 102011648 0.10140514373779297
12 0 1 112 102011648 0.1041107177734375
13 0 1 113 102011648 0.10274887084960938
14 0 1 114 102011648 0.09827232360839844
15 0 1 115 102011648 0.10143876075744629
16 0 1 116 102011648 0.0991969108581543
17 0 1 117 102011648 0.10196137428283691
18 0 1 118 102011648 0.09833121299743652
