16
3 0 1 103 102011648 0.10461068153381348
4 0 1 104 102011648 0.10312628746032715
5 0 1 105 102011648 0.10576319694519043
6 0 1 106 102011648 0.10228610038757324
7 0 1 107 102011648 0.1142270565032959
8 0 1 108 102011648 0.10902070999145508
9 0 1 109 102011648 0.10565328598022461
10 0 1 110 102011648 0.10386967658996582
11 0 1 111 102011648 0.1049494743347168
12 0 1 112 102011648 0.10621953010559082
13 0 1 113 102011648 0.10470151901245117
14 0 1 114 102011648 0.10635805130004883
15 0 1 115 102011648 0.10777425765991211
16 0 1 116 102011648 0.1063683032989502
17 0 1 117 102011648 0.10543584823608398
18 0 1 118 102011648 0.1047830581665039
