16
3 0 1 103 102011648 0.10110330581665039
4 0 1 104 102011648 0.10313534736633301
5 0 1 105 102011648 0.10185980796813965
6 0 1 106 102011648 0.10210466384887695
7 0 1 107 102011648 0.10237979888916016
8 0 1 108 102011648 0.10266637802124023
9 0 1 109 102011648 0.10233712196350098
10 0 1 110 102011648 0.10451698303222656
11 0 1 111 102011648 0.10461139678955078
12 0 1 112 102011648 0.10306644439697266
13 0 1 113 102011648 0.10225534439086914
14 0 1 114 102011648 0.10255289077758789
15 0 1 115 102011648 0.1015939712524414
16 0 1 116 102011648 0.10313987731933594
17 0 1 117 102011648 0.09906697273254395
18 0 1 118 102011648 0.10035490989685059
