16
3 0 1 103 102011648 0.11214637756347656
4 0 1 104 102011648 0.10589122772216797
5 0 1 105 102011648 0.11071586608886719
6 0 1 106 102011648 0.10514974594116211
7 0 1 107 102011648 0.10693526268005371
8 0 1 108 102011648 0.10462808609008789
9 0 1 109 102011648 0.10825514793395996
10 0 1 110 102011648 0.10768342018127441
11 0 1 111 102011648 0.10339689254760742
12 0 1 112 102011648 0.10718536376953125
13 0 1 113 102011648 0.10638117790222168
14 0 1 114 102011648 0.10662651062011719
15 0 1 115 102011648 0.10860061645507812
16 0 1 116 102011648 0.1071939468383789
17 0 1 117 102011648 0.10623550415039062
18 0 1 118 102011648 0.10637998580932617
