16
3 0 1 103 102011648 0.12183022499084473
4 0 1 104 102011648 0.1362016201019287
5 0 1 105 102011648 0.12332415580749512
6 0 1 106 102011648 0.11182475090026855
7 0 1 107 102011648 0.10125613212585449
8 0 1 108 102011648 0.10532712936401367
9 0 1 109 102011648 0.10358929634094238
10 0 1 110 102011648 0.10684609413146973
11 0 1 111 102011648 0.10600757598876953
12 0 1 112 102011648 0.1273353099822998
13 0 1 113 102011648 0.1124122142791748
14 0 1 114 102011648 0.10854029655456543
15 0 1 115 102011648 0.10736227035522461
16 0 1 116 102011648 0.09866023063659668
17 0 1 117 102011648 0.09898924827575684
18 0 1 118 102011648 0.10262656211853027
