16
3 0 1 103 102011648 0.10398674011230469
4 0 1 104 102011648 0.11418819427490234
5 0 1 105 102011648 0.11114072799682617
6 0 1 106 102011648 0.10558104515075684
7 0 1 107 102011648 0.10588526725769043
8 0 1 108 102011648 0.10850238800048828
9 0 1 109 102011648 0.10822296142578125
10 0 1 110 102011648 0.10213232040405273
11 0 1 111 102011648 0.09800052642822266
12 0 1 112 102011648 0.10863661766052246
13 0 1 113 102011648 0.10097146034240723
14 0 1 114 102011648 0.11296892166137695
15 0 1 115 102011648 0.10474228858947754
16 0 1 116 102011648 0.10536766052246094
17 0 1 117 102011648 0.10502886772155762
18 0 1 118 102011648 0.1052544116973877
