16
3 0 1 103 102011648 0.10478687286376953
4 0 1 104 102011648 0.09919095039367676
5 0 1 105 102011648 0.10195684432983398
6 0 1 106 102011648 0.09583234786987305
7 0 1 107 102011648 0.09891915321350098
8 0 1 108 102011648 0.10142946243286133
9 0 1 109 102011648 0.09894919395446777
10 0 1 110 102011648 0.10175228118896484
11 0 1 111 102011648 0.1027531623840332
12 0 1 112 102011648 0.10251402854919434
13 0 1 113 102011648 0.10241436958312988
14 0 1 114 102011648 0.0949866771697998
15 0 1 115 102011648 0.09858489036560059
16 0 1 116 102011648 0.10269927978515625
17 0 1 117 102011648 0.09584498405456543
18 0 1 118 102011648 0.10229754447937012
