16
3 0 1 103 102011648 0.10269308090209961
4 0 1 104 102011648 0.10059618949890137
5 0 1 105 102011648 0.09744715690612793
6 0 1 106 102011648 0.1011359691619873
7 0 1 107 102011648 0.10570383071899414
8 0 1 108 102011648 0.09862780570983887
9 0 1 109 102011648 0.10154914855957031
10 0 1 110 102011648 0.09926891326904297
11 0 1 111 102011648 0.09736323356628418
12 0 1 112 102011648 0.09658694267272949
13 0 1 113 102011648 0.10166549682617188
14 0 1 114 102011648 0.09804153442382812
15 0 1 115 102011648 0.09849834442138672
16 0 1 116 102011648 0.09742355346679688
17 0 1 117 102011648 0.10196495056152344
18 0 1 118 102011648 0.10084295272827148
