16
3 0 1 103 102011648 0.10475564002990723
4 0 1 104 102011648 0.0975198745727539
5 0 1 105 102011648 0.1022500991821289
6 0 1 106 102011648 0.10455679893493652
7 0 1 107 102011648 0.09804582595825195
8 0 1 108 102011648 0.1062765121459961
9 0 1 109 102011648 0.10905241966247559
10 0 1 110 102011648 0.10262584686279297
11 0 1 111 102011648 0.10457158088684082
12 0 1 112 102011648 0.10739326477050781
13 0 1 113 102011648 0.10180830955505371
14 0 1 114 102011648 0.10401582717895508
15 0 1 115 102011648 0.10248231887817383
16 0 1 116 102011648 0.10213828086853027
17 0 1 117 102011648 0.10019898414611816
18 0 1 118 102011648 0.09995698928833008
