16
3 0 1 103 102011648 0.1017460823059082
4 0 1 104 102011648 0.10226726531982422
5 0 1 105 102011648 0.10559511184692383
6 0 1 106 102011648 0.10590243339538574
7 0 1 107 102011648 0.09930014610290527
8 0 1 108 102011648 0.09797358512878418
9 0 1 109 102011648 0.0990760326385498
10 0 1 110 102011648 0.10210657119750977
11 0 1 111 102011648 0.10223627090454102
12 0 1 112 102011648 0.10706329345703125
13 0 1 113 102011648 0.10547876358032227
14 0 1 114 102011648 0.10491824150085449
15 0 1 115 102011648 0.1053159236907959
16 0 1 116 102011648 0.10567975044250488
17 0 1 117 102011648 0.10649371147155762
18 0 1 118 102011648 0.1043710708618164
