16
3 0 1 103 102011648 0.10159540176391602
4 0 1 104 102011648 0.10111856460571289
5 0 1 105 102011648 0.0987541675567627
6 0 1 106 102011648 0.1028745174407959
7 0 1 107 102011648 0.0985269546508789
8 0 1 108 102011648 0.10436224937438965
9 0 1 109 102011648 0.10580563545227051
10 0 1 110 102011648 0.1063847541809082
11 0 1 111 102011648 0.10552597045898438
12 0 1 112 102011648 0.10505223274230957
13 0 1 113 102011648 0.10425162315368652
14 0 1 114 102011648 0.10534143447875977
15 0 1 115 102011648 0.10462617874145508
16 0 1 116 102011648 0.10453176498413086
17 0 1 117 102011648 0.10546731948852539
18 0 1 118 102011648 0.1023721694946289
