16
3 0 1 103 102011648 0.10206127166748047
4 0 1 104 102011648 0.1018218994140625
5 0 1 105 102011648 0.09880900382995605
6 0 1 106 102011648 0.10111498832702637
7 0 1 107 102011648 0.1065225601196289
8 0 1 108 102011648 0.10201621055603027
9 0 1 109 102011648 0.10724735260009766
10 0 1 110 102011648 0.10125851631164551
11 0 1 111 102011648 0.09756994247436523
12 0 1 112 102011648 0.09784078598022461
13 0 1 113 102011648 0.09833168983459473
14 0 1 114 102011648 0.09829354286193848
15 0 1 115 102011648 0.1066741943359375
16 0 1 116 102011648 0.0991065502166748
17 0 1 117 102011648 0.10632467269897461
18 0 1 118 102011648 0.10427546501159668
