16
3 0 1 103 102011648 0.09514856338500977
4 0 1 104 102011648 0.09826970100402832
5 0 1 105 102011648 0.10679078102111816
6 0 1 106 102011648 0.10680699348449707
7 0 1 107 102011648 0.10739398002624512
8 0 1 108 102011648 0.10422635078430176
9 0 1 109 102011648 0.10175585746765137
10 0 1 110 102011648 0.10131144523620605
11 0 1 111 102011648 0.10215115547180176
12 0 1 112 102011648 0.10218548774719238
13 0 1 113 102011648 0.10173702239990234
14 0 1 114 102011648 0.10713696479797363
15 0 1 115 102011648 0.10545921325683594
16 0 1 116 102011648 0.1056969165802002
17 0 1 117 102011648 0.10160112380981445
18 0 1 118 102011648 0.10344457626342773
