16
3 0 1 103 102011648 0.10551881790161133
4 0 1 104 102011648 0.10244870185852051
5 0 1 105 102011648 0.09897089004516602
6 0 1 106 102011648 0.10247063636779785
7 0 1 107 102011648 0.10259342193603516
8 0 1 108 102011648 0.10686159133911133
9 0 1 109 102011648 0.1044316291809082
10 0 1 110 102011648 0.1057889461517334
11 0 1 111 102011648 0.10562825202941895
12 0 1 112 102011648 0.10064172744750977
13 0 1 113 102011648 0.10257792472839355
14 0 1 114 102011648 0.10100507736206055
15 0 1 115 102011648 0.10206246376037598
16 0 1 116 102011648 0.10698080062866211
17 0 1 117 102011648 0.10572361946105957
18 0 1 118 102011648 0.10261321067810059
