16
3 0 1 103 102011648 0.10251975059509277
4 0 1 104 102011648 0.10186600685119629
5 0 1 105 102011648 0.10723304748535156
6 0 1 106 102011648 0.10360360145568848
7 0 1 107 102011648 0.10171294212341309
8 0 1 108 102011648 0.10249853134155273
9 0 1 109 102011648 0.10387945175170898
10 0 1 110 102011648 0.11383318901062012
11 0 1 111 102011648 0.10467696189880371
12 0 1 112 102011648 0.10628581047058105
13 0 1 113 102011648 0.10767698287963867
14 0 1 114 102011648 0.10416269302368164
15 0 1 115 102011648 0.10176682472229004
16 0 1 116 102011648 0.10240602493286133
17 0 1 117 102011648 0.10194015502929688
18 0 1 118 102011648 0.10275864601135254
