16
3 0 1 103 102011648 0.10384345054626465
4 0 1 104 102011648 0.10613393783569336
5 0 1 105 102011648 0.1063838005065918
6 0 1 106 102011648 0.1051025390625
7 0 1 107 102011648 0.10217809677124023
8 0 1 108 102011648 0.09999966621398926
9 0 1 109 102011648 0.10726761817932129
10 0 1 110 102011648 0.10963630676269531
11 0 1 111 102011648 0.1067349910736084
12 0 1 112 102011648 0.10584568977355957
13 0 1 113 102011648 0.10578107833862305
14 0 1 114 102011648 0.10393810272216797
15 0 1 115 102011648 0.10784053802490234
16 0 1 116 102011648 0.10631108283996582
17 0 1 117 102011648 0.10528779029846191
18 0 1 118 102011648 0.10633230209350586
