16
3 0 1 103 102011648 0.10338902473449707
4 0 1 104 102011648 0.10555028915405273
5 0 1 105 102011648 0.10604619979858398
6 0 1 106 102011648 0.10581684112548828
7 0 1 107 102011648 0.11243891716003418
8 0 1 108 102011648 0.10521650314331055
9 0 1 109 102011648 0.10135006904602051
10 0 1 110 102011648 0.09904170036315918
11 0 1 111 102011648 0.10803627967834473
12 0 1 112 102011648 0.10627889633178711
13 0 1 113 102011648 0.10796260833740234
14 0 1 114 102011648 0.10618472099304199
15 0 1 115 102011648 0.10319972038269043
16 0 1 116 102011648 0.10553503036499023
17 0 1 117 102011648 0.11519551277160645
18 0 1 118 102011648 0.10587096214294434
