16
3 0 1 103 102011648 0.10142350196838379
4 0 1 104 102011648 0.10195207595825195
5 0 1 105 102011648 0.10150790214538574
6 0 1 106 102011648 0.10116314888000488
7 0 1 107 102011648 0.09847736358642578
8 0 1 108 102011648 0.10203266143798828
9 0 1 109 102011648 0.10117936134338379
10 0 1 110 102011648 0.10082149505615234
11 0 1 111 102011648 0.10219264030456543
12 0 1 112 102011648 0.09764814376831055
13 0 1 113 102011648 0.10105347633361816
14 0 1 114 102011648 0.10548281669616699
15 0 1 115 102011648 0.10100483894348145
16 0 1 116 102011648 0.10194253921508789
17 0 1 117 102011648 0.10123443603515625
18 0 1 118 102011648 0.10204553604125977
