16
3 0 1 103 102011648 0.10419797897338867
4 0 1 104 102011648 0.10151934623718262
5 0 1 105 102011648 0.10623383522033691
6 0 1 106 102011648 0.10124421119689941
7 0 1 107 102011648 0.056664228439331055
8 0 1 108 102011648 0.10513067245483398
9 0 1 109 102011648 0.10411810874938965
10 0 1 110 102011648 0.10004448890686035
11 0 1 111 102011648 0.10436725616455078
12 0 1 112 102011648 0.10495448112487793
13 0 1 113 102011648 0.10614895820617676
14 0 1 114 102011648 0.10327529907226562
15 0 1 115 102011648 0.11263442039489746
16 0 1 116 102011648 0.10658979415893555
17 0 1 117 102011648 0.10824251174926758
18 0 1 118 102011648 0.11422181129455566
