16
3 0 1 103 102011648 0.09876418113708496
4 0 1 104 102011648 0.09822940826416016
5 0 1 105 102011648 0.0983271598815918
6 0 1 106 102011648 0.10278153419494629
7 0 1 107 102011648 0.10213279724121094
8 0 1 108 102011648 0.10252928733825684
9 0 1 109 102011648 0.1019597053527832
10 0 1 110 102011648 0.09911441802978516
11 0 1 111 102011648 0.10261273384094238
12 0 1 112 102011648 0.10226631164550781
13 0 1 113 102011648 0.1025846004486084
14 0 1 114 102011648 0.09838414192199707
15 0 1 115 102011648 0.09879755973815918
16 0 1 116 102011648 0.10178017616271973
17 0 1 117 102011648 0.09862947463989258
18 0 1 118 102011648 0.10244059562683105
