16
3 0 1 103 102011648 0.10622096061706543
4 0 1 104 102011648 0.10335040092468262
5 0 1 105 102011648 0.10465097427368164
6 0 1 106 102011648 0.10213303565979004
7 0 1 107 102011648 0.10166239738464355
8 0 1 108 102011648 0.10181260108947754
9 0 1 109 102011648 0.10208582878112793
10 0 1 110 102011648 0.10705780982971191
11 0 1 111 102011648 0.10486745834350586
12 0 1 112 102011648 0.10269904136657715
13 0 1 113 102011648 0.10103344917297363
14 0 1 114 102011648 0.10705995559692383
15 0 1 115 102011648 0.10683155059814453
16 0 1 116 102011648 0.10651493072509766
17 0 1 117 102011648 0.1052703857421875
18 0 1 118 102011648 0.10501813888549805
