16
3 0 1 103 102011648 0.09980106353759766
4 0 1 104 102011648 0.09964513778686523
5 0 1 105 102011648 0.10031580924987793
6 0 1 106 102011648 0.10303664207458496
7 0 1 107 102011648 0.10571455955505371
8 0 1 108 102011648 0.09571552276611328
9 0 1 109 102011648 0.1043846607208252
10 0 1 110 102011648 0.10447812080383301
11 0 1 111 102011648 0.09339070320129395
12 0 1 112 102011648 0.10195422172546387
13 0 1 113 102011648 0.10335588455200195
14 0 1 114 102011648 0.097747802734375
15 0 1 115 102011648 0.0973045825958252
16 0 1 116 102011648 0.09502363204956055
17 0 1 117 102011648 0.09736776351928711
18 0 1 118 102011648 0.10085892677307129
