16
3 0 1 103 102011648 0.1029512882232666
4 0 1 104 102011648 0.10214829444885254
5 0 1 105 102011648 0.10355019569396973
6 0 1 106 102011648 0.10309028625488281
7 0 1 107 102011648 0.10302400588989258
8 0 1 108 102011648 0.10268878936767578
9 0 1 109 102011648 0.10364270210266113
10 0 1 110 102011648 0.1026146411895752
11 0 1 111 102011648 0.10315585136413574
12 0 1 112 102011648 0.10368108749389648
13 0 1 113 102011648 0.10242104530334473
14 0 1 114 102011648 0.10346484184265137
15 0 1 115 102011648 0.10700345039367676
16 0 1 116 102011648 0.10684347152709961
17 0 1 117 102011648 0.10335946083068848
18 0 1 118 102011648 0.1034708023071289
