16
3 0 1 103 102011648 0.10665369033813477
4 0 1 104 102011648 0.10628485679626465
5 0 1 105 102011648 0.11209630966186523
6 0 1 106 102011648 0.10552215576171875
7 0 1 107 102011648 0.11429238319396973
8 0 1 108 102011648 0.10475826263427734
9 0 1 109 102011648 0.10599875450134277
10 0 1 110 102011648 0.11481237411499023
11 0 1 111 102011648 0.10461020469665527
12 0 1 112 102011648 0.1023259162902832
13 0 1 113 102011648 0.10717654228210449
14 0 1 114 102011648 0.10363006591796875
15 0 1 115 102011648 0.10657286643981934
16 0 1 116 102011648 0.10254144668579102
17 0 1 117 102011648 0.10559868812561035
18 0 1 118 102011648 0.10328555107116699
