16
3 0 1 103 102011648 0.10482335090637207
4 0 1 104 102011648 0.10488510131835938
5 0 1 105 102011648 0.10530328750610352
6 0 1 106 102011648 0.10489058494567871
7 0 1 107 102011648 0.05729174613952637
8 0 1 108 102011648 0.10276317596435547
9 0 1 109 102011648 0.1054694652557373
10 0 1 110 102011648 0.1049339771270752
11 0 1 111 102011648 0.10260844230651855
12 0 1 112 102011648 0.09847784042358398
13 0 1 113 102011648 0.10496640205383301
14 0 1 114 102011648 0.10596847534179688
15 0 1 115 102011648 0.10224533081054688
16 0 1 116 102011648 0.10439753532409668
17 0 1 117 102011648 0.10252165794372559
18 0 1 118 102011648 0.1058509349822998
