16
3 0 1 103 102011648 0.09825706481933594
4 0 1 104 102011648 0.1016838550567627
5 0 1 105 102011648 0.10115456581115723
6 0 1 106 102011648 0.10182857513427734
7 0 1 107 102011648 0.1020975112915039
8 0 1 108 102011648 0.10685229301452637
9 0 1 109 102011648 0.09789896011352539
10 0 1 110 102011648 0.10457944869995117
11 0 1 111 102011648 0.09890198707580566
12 0 1 112 102011648 0.10508084297180176
13 0 1 113 102011648 0.10744094848632812
14 0 1 114 102011648 0.10220122337341309
15 0 1 115 102011648 0.10258841514587402
16 0 1 116 102011648 0.10560870170593262
17 0 1 117 102011648 0.10517072677612305
18 0 1 118 102011648 0.10169315338134766
