16
3 0 1 103 102011648 0.10116052627563477
4 0 1 104 102011648 0.10170698165893555
5 0 1 105 102011648 0.10132360458374023
6 0 1 106 102011648 0.10172605514526367
7 0 1 107 102011648 0.1013944149017334
8 0 1 108 102011648 0.10156750679016113
9 0 1 109 102011648 0.10214805603027344
10 0 1 110 102011648 0.10172414779663086
11 0 1 111 102011648 0.10180830955505371
12 0 1 112 102011648 0.1017756462097168
13 0 1 113 102011648 0.10105633735656738
14 0 1 114 102011648 0.10187578201293945
15 0 1 115 102011648 0.10162711143493652
16 0 1 116 102011648 0.1016077995300293
17 0 1 117 102011648 0.09700608253479004
18 0 1 118 102011648 0.10150694847106934
