16
3 0 1 103 102011648 0.10740828514099121
4 0 1 104 102011648 0.10540390014648438
5 0 1 105 102011648 0.10354733467102051
6 0 1 106 102011648 0.10328125953674316
7 0 1 107 102011648 0.10189414024353027
8 0 1 108 102011648 0.10191488265991211
9 0 1 109 102011648 0.10222363471984863
10 0 1 110 102011648 0.10265755653381348
11 0 1 111 102011648 0.1054222583770752
12 0 1 112 102011648 0.10285019874572754
13 0 1 113 102011648 0.1016697883605957
14 0 1 114 102011648 0.10456132888793945
15 0 1 115 102011648 0.10520815849304199
16 0 1 116 102011648 0.10346436500549316
17 0 1 117 102011648 0.10834050178527832
18 0 1 118 102011648 0.10492396354675293
