16
3 0 1 103 102011648 0.1024925708770752
4 0 1 104 102011648 0.0984337329864502
5 0 1 105 102011648 0.0988919734954834
6 0 1 106 102011648 0.0981454849243164
7 0 1 107 102011648 0.0980215072631836
8 0 1 108 102011648 0.09852337837219238
9 0 1 109 102011648 0.10435223579406738
10 0 1 110 102011648 0.1020350456237793
11 0 1 111 102011648 0.10137653350830078
12 0 1 112 102011648 0.09839510917663574
13 0 1 113 102011648 0.10059809684753418
14 0 1 114 102011648 0.09762883186340332
15 0 1 115 102011648 0.10231852531433105
16 0 1 116 102011648 0.0982508659362793
17 0 1 117 102011648 0.09787869453430176
18 0 1 118 102011648 0.09766101837158203
