16
3 0 1 103 102011648 0.10167789459228516
4 0 1 104 102011648 0.10001158714294434
5 0 1 105 102011648 0.10270476341247559
6 0 1 106 102011648 0.09727716445922852
7 0 1 107 102011648 0.10203409194946289
8 0 1 108 102011648 0.10028386116027832
9 0 1 109 102011648 0.10163021087646484
10 0 1 110 102011648 0.09853744506835938
11 0 1 111 102011648 0.09892010688781738
12 0 1 112 102011648 0.1059422492980957
13 0 1 113 102011648 0.10147452354431152
14 0 1 114 102011648 0.10294628143310547
15 0 1 115 102011648 0.10668373107910156
16 0 1 116 102011648 0.10468482971191406
17 0 1 117 102011648 0.10448741912841797
18 0 1 118 102011648 0.09724688529968262
