16
3 0 1 103 102011648 0.10293269157409668
4 0 1 104 102011648 0.10532498359680176
5 0 1 105 102011648 0.10460782051086426
6 0 1 106 102011648 0.10763144493103027
7 0 1 107 102011648 0.09940004348754883
8 0 1 108 102011648 0.10525250434875488
9 0 1 109 102011648 0.1039421558380127
10 0 1 110 102011648 0.10366320610046387
11 0 1 111 102011648 0.10428071022033691
12 0 1 112 102011648 0.10563206672668457
13 0 1 113 102011648 0.10594296455383301
14 0 1 114 102011648 0.10640478134155273
15 0 1 115 102011648 0.10191559791564941
16 0 1 116 102011648 0.10527634620666504
17 0 1 117 102011648 0.10361027717590332
18 0 1 118 102011648 0.10525894165039062
