16
3 0 1 103 102011648 0.10140848159790039
4 0 1 104 102011648 0.1015007495880127
5 0 1 105 102011648 0.10129046440124512
6 0 1 106 102011648 0.10116958618164062
7 0 1 107 102011648 0.09809494018554688
8 0 1 108 102011648 0.10668611526489258
9 0 1 109 102011648 0.1023111343383789
10 0 1 110 102011648 0.1043846607208252
11 0 1 111 102011648 0.10126280784606934
12 0 1 112 102011648 0.11546850204467773
13 0 1 113 102011648 0.11066007614135742
14 0 1 114 102011648 0.10437917709350586
15 0 1 115 102011648 0.10433125495910645
16 0 1 116 102011648 0.10200667381286621
17 0 1 117 102011648 0.10586190223693848
18 0 1 118 102011648 0.10251045227050781
