16
3 0 1 103 102011648 0.10262680053710938
4 0 1 104 102011648 0.10201478004455566
5 0 1 105 102011648 0.10578608512878418
6 0 1 106 102011648 0.10721063613891602
7 0 1 107 102011648 0.10193228721618652
8 0 1 108 102011648 0.10548281669616699
9 0 1 109 102011648 0.10575222969055176
10 0 1 110 102011648 0.10559988021850586
11 0 1 111 102011648 0.10421228408813477
12 0 1 112 102011648 0.10007500648498535
13 0 1 113 102011648 0.10510563850402832
14 0 1 114 102011648 0.1047208309173584
15 0 1 115 102011648 0.09939432144165039
16 0 1 116 102011648 0.10418057441711426
17 0 1 117 102011648 0.105499267578125
18 0 1 118 102011648 0.1028294563293457
