16
3 0 1 103 102011648 0.10238265991210938
4 0 1 104 102011648 0.10117173194885254
5 0 1 105 102011648 0.10358834266662598
6 0 1 106 102011648 0.1011197566986084
7 0 1 107 102011648 0.10463213920593262
8 0 1 108 102011648 0.10586690902709961
9 0 1 109 102011648 0.10341191291809082
10 0 1 110 102011648 0.10432744026184082
11 0 1 111 102011648 0.10366392135620117
12 0 1 112 102011648 0.10400009155273438
13 0 1 113 102011648 0.10647225379943848
14 0 1 114 102011648 0.10143423080444336
15 0 1 115 102011648 0.10237622261047363
16 0 1 116 102011648 0.10265207290649414
17 0 1 117 102011648 0.10688996315002441
18 0 1 118 102011648 0.10857987403869629
