16
3 0 1 103 102011648 0.10215997695922852
4 0 1 104 102011648 0.10210061073303223
5 0 1 105 102011648 0.10134649276733398
6 0 1 106 102011648 0.10221576690673828
7 0 1 107 102011648 0.09938406944274902
8 0 1 108 102011648 0.09825849533081055
9 0 1 109 102011648 0.0979917049407959
10 0 1 110 102011648 0.10137486457824707
11 0 1 111 102011648 0.1096348762512207
12 0 1 112 102011648 0.10630035400390625
13 0 1 113 102011648 0.10439896583557129
14 0 1 114 102011648 0.10949230194091797
15 0 1 115 102011648 0.10262560844421387
16 0 1 116 102011648 0.09936308860778809
17 0 1 117 102011648 0.10689806938171387
18 0 1 118 102011648 0.10194802284240723
