16
3 0 1 103 102011648 0.10346078872680664
4 0 1 104 102011648 0.10167717933654785
5 0 1 105 102011648 0.10207414627075195
6 0 1 106 102011648 0.10147571563720703
7 0 1 107 102011648 0.10258722305297852
8 0 1 108 102011648 0.10246539115905762
9 0 1 109 102011648 0.10254383087158203
10 0 1 110 102011648 0.1022641658782959
11 0 1 111 102011648 0.10186076164245605
12 0 1 112 102011648 0.10191798210144043
13 0 1 113 102011648 0.10208368301391602
14 0 1 114 102011648 0.10402297973632812
15 0 1 115 102011648 0.10286211967468262
16 0 1 116 102011648 0.10705757141113281
17 0 1 117 102011648 0.10608482360839844
18 0 1 118 102011648 0.10475325584411621
