16
3 0 1 103 102011648 0.10256433486938477
4 0 1 104 102011648 0.1017756462097168
5 0 1 105 102011648 0.09861636161804199
6 0 1 106 102011648 0.10103845596313477
7 0 1 107 102011648 0.1023871898651123
8 0 1 108 102011648 0.09982538223266602
9 0 1 109 102011648 0.10163331031799316
10 0 1 110 102011648 0.10378813743591309
11 0 1 111 102011648 0.09856057167053223
12 0 1 112 102011648 0.10010576248168945
13 0 1 113 102011648 0.10281538963317871
14 0 1 114 102011648 0.1035757064819336
15 0 1 115 102011648 0.09996294975280762
16 0 1 116 102011648 0.0984189510345459
17 0 1 117 102011648 0.10400533676147461
18 0 1 118 102011648 0.1017301082611084
