16
3 0 1 103 102011648 0.10273337364196777
4 0 1 104 102011648 0.1035776138305664
5 0 1 105 102011648 0.10627150535583496
6 0 1 106 102011648 0.10619211196899414
7 0 1 107 102011648 0.10708737373352051
8 0 1 108 102011648 0.10515284538269043
9 0 1 109 102011648 0.10468411445617676
10 0 1 110 102011648 0.11155843734741211
11 0 1 111 102011648 0.10673141479492188
12 0 1 112 102011648 0.1040964126586914
13 0 1 113 102011648 0.10555052757263184
14 0 1 114 102011648 0.10726666450500488
15 0 1 115 102011648 0.11425232887268066
16 0 1 116 102011648 0.10598182678222656
17 0 1 117 102011648 0.10529756546020508
18 0 1 118 102011648 0.10657119750976562
