16
3 0 1 103 102011648 0.09818649291992188
4 0 1 104 102011648 0.10250496864318848
5 0 1 105 102011648 0.10271644592285156
6 0 1 106 102011648 0.09744048118591309
7 0 1 107 102011648 0.10761594772338867
8 0 1 108 102011648 0.10397219657897949
9 0 1 109 102011648 0.09823131561279297
10 0 1 110 102011648 0.10234880447387695
11 0 1 111 102011648 0.10230231285095215
12 0 1 112 102011648 0.09865140914916992
13 0 1 113 102011648 0.09913754463195801
14 0 1 114 102011648 0.10257363319396973
15 0 1 115 102011648 0.09810400009155273
16 0 1 116 102011648 0.09788990020751953
17 0 1 117 102011648 0.10231208801269531
18 0 1 118 102011648 0.1021432876586914
