16
3 0 1 103 102011648 0.10797524452209473
4 0 1 104 102011648 0.10727453231811523
5 0 1 105 102011648 0.10628008842468262
6 0 1 106 102011648 0.10529494285583496
7 0 1 107 102011648 0.10588669776916504
8 0 1 108 102011648 0.09861207008361816
9 0 1 109 102011648 0.10214900970458984
10 0 1 110 102011648 0.09820938110351562
11 0 1 111 102011648 0.10522770881652832
12 0 1 112 102011648 0.10864424705505371
13 0 1 113 102011648 0.10485959053039551
14 0 1 114 102011648 0.10312652587890625
15 0 1 115 102011648 0.1019587516784668
16 0 1 116 102011648 0.10136723518371582
17 0 1 117 102011648 0.09872674942016602
18 0 1 118 102011648 0.09879040718078613
