16
3 0 1 103 102011648 0.10223245620727539
4 0 1 104 102011648 0.1071479320526123
5 0 1 105 102011648 0.10371112823486328
6 0 1 106 102011648 0.10653233528137207
7 0 1 107 102011648 0.10204124450683594
8 0 1 108 102011648 0.10003781318664551
9 0 1 109 102011648 0.1024329662322998
10 0 1 110 102011648 0.1018531322479248
11 0 1 111 102011648 0.1021261215209961
12 0 1 112 102011648 0.09867262840270996
13 0 1 113 102011648 0.09934425354003906
14 0 1 114 102011648 0.10096907615661621
15 0 1 115 102011648 0.10599541664123535
16 0 1 116 102011648 0.10607266426086426
17 0 1 117 102011648 0.10196208953857422
18 0 1 118 102011648 0.10212278366088867
