16
3 0 1 103 102011648 0.09877943992614746
4 0 1 104 102011648 0.10124993324279785
5 0 1 105 102011648 0.10031700134277344
6 0 1 106 102011648 0.10182571411132812
7 0 1 107 102011648 0.09539651870727539
8 0 1 108 102011648 0.101531982421875
9 0 1 109 102011648 0.10191178321838379
10 0 1 110 102011648 0.09875011444091797
11 0 1 111 102011648 0.09830403327941895
12 0 1 112 102011648 0.10148215293884277
13 0 1 113 102011648 0.10178661346435547
14 0 1 114 102011648 0.10231328010559082
15 0 1 115 102011648 0.09860968589782715
16 0 1 116 102011648 0.1016390323638916
17 0 1 117 102011648 0.05724811553955078
18 0 1 118 102011648 0.10188508033752441
