16
3 0 1 103 102011648 0.09732460975646973
4 0 1 104 102011648 0.09839200973510742
5 0 1 105 102011648 0.10087871551513672
6 0 1 106 102011648 0.09837079048156738
7 0 1 107 102011648 0.09521293640136719
8 0 1 108 102011648 0.09927988052368164
9 0 1 109 102011648 0.09880399703979492
10 0 1 110 102011648 0.10119748115539551
11 0 1 111 102011648 0.09777092933654785
12 0 1 112 102011648 0.09844422340393066
13 0 1 113 102011648 0.10093045234680176
14 0 1 114 102011648 0.09826779365539551
15 0 1 115 102011648 0.09446167945861816
16 0 1 116 102011648 0.10150980949401855
17 0 1 117 102011648 0.10155272483825684
18 0 1 118 102011648 0.09760117530822754
