16
3 0 1 103 102011648 0.10696220397949219
4 0 1 104 102011648 0.10504579544067383
5 0 1 105 102011648 0.10591554641723633
6 0 1 106 102011648 0.10485005378723145
7 0 1 107 102011648 0.10139179229736328
8 0 1 108 102011648 0.1023097038269043
9 0 1 109 102011648 0.10436606407165527
10 0 1 110 102011648 0.1077876091003418
11 0 1 111 102011648 0.10565996170043945
12 0 1 112 102011648 0.10559487342834473
13 0 1 113 102011648 0.10271763801574707
14 0 1 114 102011648 0.10569882392883301
15 0 1 115 102011648 0.10228705406188965
16 0 1 116 102011648 0.10396194458007812
17 0 1 117 102011648 0.10815119743347168
18 0 1 118 102011648 0.10612249374389648
