16
3 0 1 103 102011648 0.10210919380187988
4 0 1 104 102011648 0.10200071334838867
5 0 1 105 102011648 0.10179948806762695
6 0 1 106 102011648 0.10147452354431152
7 0 1 107 102011648 0.10221695899963379
8 0 1 108 102011648 0.09801483154296875
9 0 1 109 102011648 0.10184693336486816
10 0 1 110 102011648 0.10190963745117188
11 0 1 111 102011648 0.10223269462585449
12 0 1 112 102011648 0.10203742980957031
13 0 1 113 102011648 0.10184073448181152
14 0 1 114 102011648 0.10138440132141113
15 0 1 115 102011648 0.10150146484375
16 0 1 116 102011648 0.10116457939147949
17 0 1 117 102011648 0.10153412818908691
18 0 1 118 102011648 0.10524535179138184
