16
3 0 1 103 102011648 0.10694599151611328
4 0 1 104 102011648 0.10770034790039062
5 0 1 105 102011648 0.10762882232666016
6 0 1 106 102011648 0.10558176040649414
7 0 1 107 102011648 0.10753393173217773
8 0 1 108 102011648 0.11490106582641602
9 0 1 109 102011648 0.10832524299621582
10 0 1 110 102011648 0.11493563652038574
11 0 1 111 102011648 0.11107015609741211
12 0 1 112 102011648 0.10776925086975098
13 0 1 113 102011648 0.10790276527404785
14 0 1 114 102011648 0.10754084587097168
15 0 1 115 102011648 0.10756278038024902
16 0 1 116 102011648 0.10816693305969238
17 0 1 117 102011648 0.10601544380187988
18 0 1 118 102011648 0.1106417179107666
