16
3 0 1 103 102011648 0.10071277618408203
4 0 1 104 102011648 0.10493969917297363
5 0 1 105 102011648 0.10541486740112305
6 0 1 106 102011648 0.10738158226013184
7 0 1 107 102011648 0.10575675964355469
8 0 1 108 102011648 0.10235023498535156
9 0 1 109 102011648 0.1027228832244873
10 0 1 110 102011648 0.10525012016296387
11 0 1 111 102011648 0.11399674415588379
12 0 1 112 102011648 0.10588431358337402
13 0 1 113 102011648 0.11407923698425293
14 0 1 114 102011648 0.10306811332702637
15 0 1 115 102011648 0.10410571098327637
16 0 1 116 102011648 0.10321736335754395
17 0 1 117 102011648 0.10425424575805664
18 0 1 118 102011648 0.10867857933044434
