16
3 0 1 103 102011648 0.10204267501831055
4 0 1 104 102011648 0.10250282287597656
5 0 1 105 102011648 0.10343647003173828
6 0 1 106 102011648 0.10375666618347168
7 0 1 107 102011648 0.10430550575256348
8 0 1 108 102011648 0.11099553108215332
9 0 1 109 102011648 0.09683513641357422
10 0 1 110 102011648 0.10120654106140137
11 0 1 111 102011648 0.10230803489685059
12 0 1 112 102011648 0.10433363914489746
13 0 1 113 102011648 0.10120439529418945
14 0 1 114 102011648 0.10972428321838379
15 0 1 115 102011648 0.10154247283935547
16 0 1 116 102011648 0.10126852989196777
17 0 1 117 102011648 0.09776973724365234
18 0 1 118 102011648 0.10064554214477539
