16
3 0 1 103 102011648 0.10065698623657227
4 0 1 104 102011648 0.1001591682434082
5 0 1 105 102011648 0.10210347175598145
6 0 1 106 102011648 0.09656643867492676
7 0 1 107 102011648 0.09699511528015137
8 0 1 108 102011648 0.09725666046142578
9 0 1 109 102011648 0.10026884078979492
10 0 1 110 102011648 0.10001683235168457
11 0 1 111 102011648 0.10065364837646484
12 0 1 112 102011648 0.10020184516906738
13 0 1 113 102011648 0.10078644752502441
14 0 1 114 102011648 0.10029006004333496
15 0 1 115 102011648 0.09392118453979492
16 0 1 116 102011648 0.10024309158325195
17 0 1 117 102011648 0.10067939758300781
18 0 1 118 102011648 0.09736084938049316
