16
3 0 1 103 102011648 0.10611200332641602
4 0 1 104 102011648 0.1154472827911377
5 0 1 105 102011648 0.10877203941345215
6 0 1 106 102011648 0.11553955078125
7 0 1 107 102011648 0.10515165328979492
8 0 1 108 102011648 0.10415506362915039
9 0 1 109 102011648 0.10273432731628418
10 0 1 110 102011648 0.10101675987243652
11 0 1 111 102011648 0.10428452491760254
12 0 1 112 102011648 0.10285282135009766
13 0 1 113 102011648 0.10436511039733887
14 0 1 114 102011648 0.10311245918273926
15 0 1 115 102011648 0.10524487495422363
16 0 1 116 102011648 0.11265397071838379
17 0 1 117 102011648 0.10566353797912598
18 0 1 118 102011648 0.10937213897705078
