16
3 0 1 103 102011648 0.10243058204650879
4 0 1 104 102011648 0.10231781005859375
5 0 1 105 102011648 0.10472726821899414
6 0 1 106 102011648 0.10423159599304199
7 0 1 107 102011648 0.1037135124206543
8 0 1 108 102011648 0.1046442985534668
9 0 1 109 102011648 0.10527777671813965
10 0 1 110 102011648 0.10551261901855469
11 0 1 111 102011648 0.10460996627807617
12 0 1 112 102011648 0.10468578338623047
13 0 1 113 102011648 0.10217523574829102
14 0 1 114 102011648 0.11572408676147461
15 0 1 115 102011648 0.10545039176940918
16 0 1 116 102011648 0.10512971878051758
17 0 1 117 102011648 0.10552740097045898
18 0 1 118 102011648 0.10494422912597656
