16
3 0 1 103 102011648 0.1016225814819336
4 0 1 104 102011648 0.10240983963012695
5 0 1 105 102011648 0.10108804702758789
6 0 1 106 102011648 0.10178542137145996
7 0 1 107 102011648 0.10117006301879883
8 0 1 108 102011648 0.10192131996154785
9 0 1 109 102011648 0.10060858726501465
10 0 1 110 102011648 0.1020195484161377
11 0 1 111 102011648 0.10152173042297363
12 0 1 112 102011648 0.10211658477783203
13 0 1 113 102011648 0.09836149215698242
14 0 1 114 102011648 0.10233473777770996
15 0 1 115 102011648 0.10180878639221191
16 0 1 116 102011648 0.1017141342163086
17 0 1 117 102011648 0.10716366767883301
18 0 1 118 102011648 0.10164642333984375
