16
3 0 1 103 102011648 0.10159516334533691
4 0 1 104 102011648 0.10180020332336426
5 0 1 105 102011648 0.1014862060546875
6 0 1 106 102011648 0.10166740417480469
7 0 1 107 102011648 0.10225343704223633
8 0 1 108 102011648 0.10171246528625488
9 0 1 109 102011648 0.10214805603027344
10 0 1 110 102011648 0.10077857971191406
11 0 1 111 102011648 0.10101556777954102
12 0 1 112 102011648 0.09845733642578125
13 0 1 113 102011648 0.10111784934997559
14 0 1 114 102011648 0.09218358993530273
15 0 1 115 102011648 0.10178756713867188
16 0 1 116 102011648 0.10221290588378906
17 0 1 117 102011648 0.10216903686523438
18 0 1 118 102011648 0.10960125923156738
