16
3 0 1 103 102011648 0.10740828514099121
4 0 1 104 102011648 0.10694503784179688
5 0 1 105 102011648 0.10812044143676758
6 0 1 106 102011648 0.10180163383483887
7 0 1 107 102011648 0.10186576843261719
8 0 1 108 102011648 0.09949111938476562
9 0 1 109 102011648 0.09939122200012207
10 0 1 110 102011648 0.09787464141845703
11 0 1 111 102011648 0.10645270347595215
12 0 1 112 102011648 0.10805511474609375
13 0 1 113 102011648 0.10710573196411133
14 0 1 114 102011648 0.09788250923156738
15 0 1 115 102011648 0.10360145568847656
16 0 1 116 102011648 0.1019904613494873
17 0 1 117 102011648 0.10197615623474121
18 0 1 118 102011648 0.10883593559265137
