16
3 0 1 103 102011648 0.10261726379394531
4 0 1 104 102011648 0.10212349891662598
5 0 1 105 102011648 0.09879231452941895
6 0 1 106 102011648 0.09848523139953613
7 0 1 107 102011648 0.09929633140563965
8 0 1 108 102011648 0.09776115417480469
9 0 1 109 102011648 0.09905290603637695
10 0 1 110 102011648 0.09851884841918945
11 0 1 111 102011648 0.10219264030456543
12 0 1 112 102011648 0.09893798828125
13 0 1 113 102011648 0.09246945381164551
14 0 1 114 102011648 0.09881973266601562
15 0 1 115 102011648 0.09853935241699219
16 0 1 116 102011648 0.10109663009643555
17 0 1 117 102011648 0.09641337394714355
18 0 1 118 102011648 0.10332274436950684
