16
3 0 1 103 102011648 0.10700607299804688
4 0 1 104 102011648 0.10492873191833496
5 0 1 105 102011648 0.10746049880981445
6 0 1 106 102011648 0.10313820838928223
7 0 1 107 102011648 0.10547828674316406
8 0 1 108 102011648 0.10517644882202148
9 0 1 109 102011648 0.1071622371673584
10 0 1 110 102011648 0.10633635520935059
11 0 1 111 102011648 0.10616540908813477
12 0 1 112 102011648 0.10569524765014648
13 0 1 113 102011648 0.1026768684387207
14 0 1 114 102011648 0.10504579544067383
15 0 1 115 102011648 0.10607600212097168
16 0 1 116 102011648 0.10207104682922363
17 0 1 117 102011648 0.09912347793579102
18 0 1 118 102011648 0.10548639297485352
