16
3 0 1 103 102011648 0.10499358177185059
4 0 1 104 102011648 0.10242247581481934
5 0 1 105 102011648 0.10534119606018066
6 0 1 106 102011648 0.10414624214172363
7 0 1 107 102011648 0.10404205322265625
8 0 1 108 102011648 0.10302972793579102
9 0 1 109 102011648 0.10126304626464844
10 0 1 110 102011648 0.10339999198913574
11 0 1 111 102011648 0.10475778579711914
12 0 1 112 102011648 0.10083651542663574
13 0 1 113 102011648 0.10186958312988281
14 0 1 114 102011648 0.11081814765930176
15 0 1 115 102011648 0.09907412528991699
16 0 1 116 102011648 0.10503315925598145
17 0 1 117 102011648 0.10103034973144531
18 0 1 118 102011648 0.10182046890258789
