16
3 0 1 103 102011648 0.10293149948120117
4 0 1 104 102011648 0.1038210391998291
5 0 1 105 102011648 0.10326242446899414
6 0 1 106 102011648 0.10516977310180664
7 0 1 107 102011648 0.10533642768859863
8 0 1 108 102011648 0.10417294502258301
9 0 1 109 102011648 0.10453462600708008
10 0 1 110 102011648 0.09809589385986328
11 0 1 111 102011648 0.1018834114074707
12 0 1 112 102011648 0.10115480422973633
13 0 1 113 102011648 0.10219287872314453
14 0 1 114 102011648 0.10200715065002441
15 0 1 115 102011648 0.10135722160339355
16 0 1 116 102011648 0.10250377655029297
17 0 1 117 102011648 0.10205602645874023
18 0 1 118 102011648 0.10205221176147461
