16
3 0 1 103 102011648 0.10225939750671387
4 0 1 104 102011648 0.10742926597595215
5 0 1 105 102011648 0.10309004783630371
6 0 1 106 102011648 0.09760808944702148
7 0 1 107 102011648 0.10180115699768066
8 0 1 108 102011648 0.10699224472045898
9 0 1 109 102011648 0.10343003273010254
10 0 1 110 102011648 0.1082603931427002
11 0 1 111 102011648 0.10305047035217285
12 0 1 112 102011648 0.10407805442810059
13 0 1 113 102011648 0.10537862777709961
14 0 1 114 102011648 0.10668730735778809
15 0 1 115 102011648 0.0908210277557373
16 0 1 116 102011648 0.10725045204162598
17 0 1 117 102011648 0.10417461395263672
18 0 1 118 102011648 0.10517525672912598
