16
3 0 1 103 102011648 0.10684466361999512
4 0 1 104 102011648 0.11281132698059082
5 0 1 105 102011648 0.10523176193237305
6 0 1 106 102011648 0.10503983497619629
7 0 1 107 102011648 0.10756230354309082
8 0 1 108 102011648 0.1072072982788086
9 0 1 109 102011648 0.10457444190979004
10 0 1 110 102011648 0.10378623008728027
11 0 1 111 102011648 0.105010986328125
12 0 1 112 102011648 0.10352540016174316
13 0 1 113 102011648 0.11157798767089844
14 0 1 114 102011648 0.10644745826721191
15 0 1 115 102011648 0.10574078559875488
16 0 1 116 102011648 0.1059882640838623
17 0 1 117 102011648 0.10448026657104492
18 0 1 118 102011648 0.1085810661315918
