16
3 0 1 103 102011648 0.10761022567749023
4 0 1 104 102011648 0.10727930068969727
5 0 1 105 102011648 0.10398030281066895
6 0 1 106 102011648 0.10898089408874512
7 0 1 107 102011648 0.1066141128540039
8 0 1 108 102011648 0.10572052001953125
9 0 1 109 102011648 0.057301998138427734
10 0 1 110 102011648 0.10770916938781738
11 0 1 111 102011648 0.1050872802734375
12 0 1 112 102011648 0.1031196117401123
13 0 1 113 102011648 0.10718011856079102
14 0 1 114 102011648 0.10527753829956055
15 0 1 115 102011648 0.10991024971008301
16 0 1 116 102011648 0.10589075088500977
17 0 1 117 102011648 0.10782146453857422
18 0 1 118 102011648 0.10748744010925293
