16
3 0 1 103 102011648 0.10395288467407227
4 0 1 104 102011648 0.10718226432800293
5 0 1 105 102011648 0.10591793060302734
6 0 1 106 102011648 0.10156655311584473
7 0 1 107 102011648 0.10280227661132812
8 0 1 108 102011648 0.10208964347839355
9 0 1 109 102011648 0.10363054275512695
10 0 1 110 102011648 0.1107642650604248
11 0 1 111 102011648 0.10508346557617188
12 0 1 112 102011648 0.11002063751220703
13 0 1 113 102011648 0.10494661331176758
14 0 1 114 102011648 0.10957002639770508
15 0 1 115 102011648 0.1058509349822998
16 0 1 116 102011648 0.10661554336547852
17 0 1 117 102011648 0.10349607467651367
18 0 1 118 102011648 0.10837030410766602
