16
3 0 1 103 102011648 0.11746597290039062
4 0 1 104 102011648 0.10509014129638672
5 0 1 105 102011648 0.10716795921325684
6 0 1 106 102011648 0.1043100357055664
7 0 1 107 102011648 0.10514140129089355
8 0 1 108 102011648 0.10535430908203125
9 0 1 109 102011648 0.10457229614257812
10 0 1 110 102011648 0.10505056381225586
11 0 1 111 102011648 0.10811734199523926
12 0 1 112 102011648 0.11233973503112793
13 0 1 113 102011648 0.10477900505065918
14 0 1 114 102011648 0.11890888214111328
15 0 1 115 102011648 0.10473227500915527
16 0 1 116 102011648 0.10735082626342773
17 0 1 117 102011648 0.10639691352844238
18 0 1 118 102011648 0.10547113418579102
