16
3 0 1 103 102011648 0.09862756729125977
4 0 1 104 102011648 0.1000356674194336
5 0 1 105 102011648 0.09853577613830566
6 0 1 106 102011648 0.10640668869018555
7 0 1 107 102011648 0.10199928283691406
8 0 1 108 102011648 0.10123920440673828
9 0 1 109 102011648 0.09869813919067383
10 0 1 110 102011648 0.10615205764770508
11 0 1 111 102011648 0.10181760787963867
12 0 1 112 102011648 0.1056516170501709
13 0 1 113 102011648 0.10424518585205078
14 0 1 114 102011648 0.09810853004455566
15 0 1 115 102011648 0.10367441177368164
16 0 1 116 102011648 0.10014104843139648
17 0 1 117 102011648 0.09820675849914551
18 0 1 118 102011648 0.09838509559631348
