16
3 0 1 103 102011648 0.09572482109069824
4 0 1 104 102011648 0.09441542625427246
5 0 1 105 102011648 0.10626816749572754
6 0 1 106 102011648 0.10168671607971191
7 0 1 107 102011648 0.09795856475830078
8 0 1 108 102011648 0.09760713577270508
9 0 1 109 102011648 0.09731221199035645
10 0 1 110 102011648 0.09922289848327637
11 0 1 111 102011648 0.0942375659942627
12 0 1 112 102011648 0.102874755859375
13 0 1 113 102011648 0.09506869316101074
14 0 1 114 102011648 0.10320091247558594
15 0 1 115 102011648 0.09837055206298828
16 0 1 116 102011648 0.09457707405090332
17 0 1 117 102011648 0.09824872016906738
18 0 1 118 102011648 0.09837603569030762
