16
3 0 1 103 102011648 0.1004023551940918
4 0 1 104 102011648 0.1016390323638916
5 0 1 105 102011648 0.09903645515441895
6 0 1 106 102011648 0.1069800853729248
7 0 1 107 102011648 0.10470890998840332
8 0 1 108 102011648 0.10031509399414062
9 0 1 109 102011648 0.10149717330932617
10 0 1 110 102011648 0.11009597778320312
11 0 1 111 102011648 0.1028132438659668
12 0 1 112 102011648 0.10268497467041016
13 0 1 113 102011648 0.11052942276000977
14 0 1 114 102011648 0.10257458686828613
15 0 1 115 102011648 0.1034247875213623
16 0 1 116 102011648 0.10302066802978516
17 0 1 117 102011648 0.10369229316711426
18 0 1 118 102011648 0.10586309432983398
