16
3 0 1 103 102011648 0.09796595573425293
4 0 1 104 102011648 0.10768389701843262
5 0 1 105 102011648 0.10131263732910156
6 0 1 106 102011648 0.10682010650634766
7 0 1 107 102011648 0.09844255447387695
8 0 1 108 102011648 0.09862852096557617
9 0 1 109 102011648 0.10418176651000977
10 0 1 110 102011648 0.09997344017028809
11 0 1 111 102011648 0.10129094123840332
12 0 1 112 102011648 0.10234713554382324
13 0 1 113 102011648 0.10234498977661133
14 0 1 114 102011648 0.10555028915405273
15 0 1 115 102011648 0.10287690162658691
16 0 1 116 102011648 0.0984501838684082
17 0 1 117 102011648 0.10202288627624512
18 0 1 118 102011648 0.10154342651367188
