16
3 0 1 103 102011648 0.10356569290161133
4 0 1 104 102011648 0.09804177284240723
5 0 1 105 102011648 0.10071301460266113
6 0 1 106 102011648 0.10030436515808105
7 0 1 107 102011648 0.0981292724609375
8 0 1 108 102011648 0.09839749336242676
9 0 1 109 102011648 0.10269594192504883
10 0 1 110 102011648 0.10190200805664062
11 0 1 111 102011648 0.10242772102355957
12 0 1 112 102011648 0.09798645973205566
13 0 1 113 102011648 0.10544586181640625
14 0 1 114 102011648 0.10295915603637695
15 0 1 115 102011648 0.10440254211425781
16 0 1 116 102011648 0.09864568710327148
17 0 1 117 102011648 0.10053443908691406
18 0 1 118 102011648 0.10158300399780273
