16
3 0 1 103 102011648 0.058667659759521484
4 0 1 104 102011648 0.10177445411682129
5 0 1 105 102011648 0.10258173942565918
6 0 1 106 102011648 0.10322046279907227
7 0 1 107 102011648 0.10081744194030762
8 0 1 108 102011648 0.10350561141967773
9 0 1 109 102011648 0.10207104682922363
10 0 1 110 102011648 0.10294651985168457
11 0 1 111 102011648 0.10245513916015625
12 0 1 112 102011648 0.1033942699432373
13 0 1 113 102011648 0.10271143913269043
14 0 1 114 102011648 0.10187745094299316
15 0 1 115 102011648 0.10222935676574707
16 0 1 116 102011648 0.1021578311920166
17 0 1 117 102011648 0.10310745239257812
18 0 1 118 102011648 0.10236668586730957
