16
3 0 1 103 102011648 0.10172629356384277
4 0 1 104 102011648 0.10233592987060547
5 0 1 105 102011648 0.10271739959716797
6 0 1 106 102011648 0.102630615234375
7 0 1 107 102011648 0.10258054733276367
8 0 1 108 102011648 0.10155272483825684
9 0 1 109 102011648 0.10273170471191406
10 0 1 110 102011648 0.10204958915710449
11 0 1 111 102011648 0.10290050506591797
12 0 1 112 102011648 0.1080467700958252
13 0 1 113 102011648 0.09986400604248047
14 0 1 114 102011648 0.10243511199951172
15 0 1 115 102011648 0.10525822639465332
16 0 1 116 102011648 0.10412907600402832
17 0 1 117 102011648 0.10581636428833008
18 0 1 118 102011648 0.1075739860534668
