16
3 0 1 103 102011648 0.10609221458435059
4 0 1 104 102011648 0.10777449607849121
5 0 1 105 102011648 0.0997767448425293
6 0 1 106 102011648 0.1050727367401123
7 0 1 107 102011648 0.10253000259399414
8 0 1 108 102011648 0.10306358337402344
9 0 1 109 102011648 0.1051936149597168
10 0 1 110 102011648 0.1020503044128418
11 0 1 111 102011648 0.10468363761901855
12 0 1 112 102011648 0.10024189949035645
13 0 1 113 102011648 0.10498499870300293
14 0 1 114 102011648 0.1058964729309082
15 0 1 115 102011648 0.10279726982116699
16 0 1 116 102011648 0.10355162620544434
17 0 1 117 102011648 0.1051185131072998
18 0 1 118 102011648 0.10456585884094238
