16
3 0 1 103 102011648 0.11334085464477539
4 0 1 104 102011648 0.10193634033203125
5 0 1 105 102011648 0.1073296070098877
6 0 1 106 102011648 0.10576963424682617
7 0 1 107 102011648 0.10745787620544434
8 0 1 108 102011648 0.10714340209960938
9 0 1 109 102011648 0.11045193672180176
10 0 1 110 102011648 0.10472798347473145
11 0 1 111 102011648 0.11217689514160156
12 0 1 112 102011648 0.10317754745483398
13 0 1 113 102011648 0.11099672317504883
14 0 1 114 102011648 0.1049947738647461
15 0 1 115 102011648 0.10421228408813477
16 0 1 116 102011648 0.11832237243652344
17 0 1 117 102011648 0.10406661033630371
18 0 1 118 102011648 0.1047205924987793
