16
3 0 1 103 102011648 0.1030585765838623
4 0 1 104 102011648 0.10418200492858887
5 0 1 105 102011648 0.10031414031982422
6 0 1 106 102011648 0.10707378387451172
7 0 1 107 102011648 0.0999746322631836
8 0 1 108 102011648 0.10250735282897949
9 0 1 109 102011648 0.10583662986755371
10 0 1 110 102011648 0.10435104370117188
11 0 1 111 102011648 0.10260343551635742
12 0 1 112 102011648 0.10540604591369629
13 0 1 113 102011648 0.0978999137878418
14 0 1 114 102011648 0.10224533081054688
15 0 1 115 102011648 0.10250997543334961
16 0 1 116 102011648 0.10227060317993164
17 0 1 117 102011648 0.09550642967224121
18 0 1 118 102011648 0.10219383239746094
