16
3 0 1 103 102011648 0.11033153533935547
4 0 1 104 102011648 0.10509181022644043
5 0 1 105 102011648 0.10605359077453613
6 0 1 106 102011648 0.1064763069152832
7 0 1 107 102011648 0.10503625869750977
8 0 1 108 102011648 0.1079716682434082
9 0 1 109 102011648 0.10468554496765137
10 0 1 110 102011648 0.10362029075622559
11 0 1 111 102011648 0.10555720329284668
12 0 1 112 102011648 0.1020960807800293
13 0 1 113 102011648 0.10395574569702148
14 0 1 114 102011648 0.10245990753173828
15 0 1 115 102011648 0.09790849685668945
16 0 1 116 102011648 0.09866023063659668
17 0 1 117 102011648 0.10190892219543457
18 0 1 118 102011648 0.10107660293579102
