16
3 0 1 103 102011648 0.0980989933013916
4 0 1 104 102011648 0.09885001182556152
5 0 1 105 102011648 0.10242199897766113
6 0 1 106 102011648 0.10591435432434082
7 0 1 107 102011648 0.10537123680114746
8 0 1 108 102011648 0.11341142654418945
9 0 1 109 102011648 0.10545897483825684
10 0 1 110 102011648 0.10540151596069336
11 0 1 111 102011648 0.11426568031311035
12 0 1 112 102011648 0.10690855979919434
13 0 1 113 102011648 0.10242152214050293
14 0 1 114 102011648 0.10529375076293945
15 0 1 115 102011648 0.10609960556030273
16 0 1 116 102011648 0.09816980361938477
17 0 1 117 102011648 0.10233378410339355
18 0 1 118 102011648 0.09847807884216309
