16
3 0 1 103 102011648 0.10110616683959961
4 0 1 104 102011648 0.10007262229919434
5 0 1 105 102011648 0.10142064094543457
6 0 1 106 102011648 0.09927153587341309
7 0 1 107 102011648 0.10190367698669434
8 0 1 108 102011648 0.10215473175048828
9 0 1 109 102011648 0.09965157508850098
10 0 1 110 102011648 0.1039125919342041
11 0 1 111 102011648 0.10460925102233887
12 0 1 112 102011648 0.10342240333557129
13 0 1 113 102011648 0.10392427444458008
14 0 1 114 102011648 0.10439705848693848
15 0 1 115 102011648 0.1036829948425293
16 0 1 116 102011648 0.10197138786315918
17 0 1 117 102011648 0.10406374931335449
18 0 1 118 102011648 0.10478353500366211
