16
3 0 1 103 102011648 0.10524606704711914
4 0 1 104 102011648 0.10183453559875488
5 0 1 105 102011648 0.05810737609863281
6 0 1 106 102011648 0.10193681716918945
7 0 1 107 102011648 0.09902167320251465
8 0 1 108 102011648 0.10352849960327148
9 0 1 109 102011648 0.10465192794799805
10 0 1 110 102011648 0.10247421264648438
11 0 1 111 102011648 0.10309624671936035
12 0 1 112 102011648 0.10423755645751953
13 0 1 113 102011648 0.10315155982971191
14 0 1 114 102011648 0.10756373405456543
15 0 1 115 102011648 0.10667562484741211
16 0 1 116 102011648 0.10751819610595703
17 0 1 117 102011648 0.1008157730102539
18 0 1 118 102011648 0.10471391677856445
