16
3 0 1 103 102011648 0.0985260009765625
4 0 1 104 102011648 0.1040186882019043
5 0 1 105 102011648 0.1007847785949707
6 0 1 106 102011648 0.1018531322479248
7 0 1 107 102011648 0.09973716735839844
8 0 1 108 102011648 0.10234785079956055
9 0 1 109 102011648 0.09289050102233887
10 0 1 110 102011648 0.09741687774658203
11 0 1 111 102011648 0.09770846366882324
12 0 1 112 102011648 0.1045083999633789
13 0 1 113 102011648 0.10114502906799316
14 0 1 114 102011648 0.10152816772460938
15 0 1 115 102011648 0.09757018089294434
16 0 1 116 102011648 0.09960627555847168
17 0 1 117 102011648 0.09841275215148926
18 0 1 118 102011648 0.10538005828857422
