16
3 0 1 103 102011648 0.10211753845214844
4 0 1 104 102011648 0.09910368919372559
5 0 1 105 102011648 0.09833693504333496
6 0 1 106 102011648 0.10121536254882812
7 0 1 107 102011648 0.09926557540893555
8 0 1 108 102011648 0.10231828689575195
9 0 1 109 102011648 0.10216116905212402
10 0 1 110 102011648 0.09814143180847168
11 0 1 111 102011648 0.10204362869262695
12 0 1 112 102011648 0.10387492179870605
13 0 1 113 102011648 0.10224723815917969
14 0 1 114 102011648 0.09849834442138672
15 0 1 115 102011648 0.09910011291503906
16 0 1 116 102011648 0.07048535346984863
17 0 1 117 102011648 0.11961150169372559
18 0 1 118 102011648 0.14417219161987305
