16
3 0 1 103 102011648 0.10332322120666504
4 0 1 104 102011648 0.10336709022521973
5 0 1 105 102011648 0.10303211212158203
6 0 1 106 102011648 0.10623693466186523
7 0 1 107 102011648 0.10335922241210938
8 0 1 108 102011648 0.10516834259033203
9 0 1 109 102011648 0.10228347778320312
10 0 1 110 102011648 0.10570740699768066
11 0 1 111 102011648 0.09970760345458984
12 0 1 112 102011648 0.10529756546020508
13 0 1 113 102011648 0.10296034812927246
14 0 1 114 102011648 0.10724353790283203
15 0 1 115 102011648 0.1044762134552002
16 0 1 116 102011648 0.10506963729858398
17 0 1 117 102011648 0.1054844856262207
18 0 1 118 102011648 0.10271692276000977
