16
3 0 1 103 102011648 0.16794323921203613
4 0 1 104 102011648 0.1454484462738037
5 0 1 105 102011648 0.12037920951843262
6 0 1 106 102011648 0.10605978965759277
7 0 1 107 102011648 0.09706735610961914
8 0 1 108 102011648 0.09957313537597656
9 0 1 109 102011648 0.10846805572509766
10 0 1 110 102011648 0.10198616981506348
11 0 1 111 102011648 0.10291528701782227
12 0 1 112 102011648 0.1051337718963623
13 0 1 113 102011648 0.10169148445129395
14 0 1 114 102011648 0.11617803573608398
15 0 1 115 102011648 0.09929656982421875
16 0 1 116 102011648 0.10736632347106934
17 0 1 117 102011648 0.10519599914550781
18 0 1 118 102011648 0.10074591636657715
