16
3 0 1 103 102011648 0.10607457160949707
4 0 1 104 102011648 0.1014854907989502
5 0 1 105 102011648 0.09815359115600586
6 0 1 106 102011648 0.10163688659667969
7 0 1 107 102011648 0.09843945503234863
8 0 1 108 102011648 0.10179996490478516
9 0 1 109 102011648 0.10232210159301758
10 0 1 110 102011648 0.09805035591125488
11 0 1 111 102011648 0.10609579086303711
12 0 1 112 102011648 0.10143280029296875
13 0 1 113 102011648 0.10414290428161621
14 0 1 114 102011648 0.10301899909973145
15 0 1 115 102011648 0.1076970100402832
16 0 1 116 102011648 0.1060643196105957
17 0 1 117 102011648 0.10407781600952148
18 0 1 118 102011648 0.10920500755310059
