16
3 0 1 103 102011648 0.10749053955078125
4 0 1 104 102011648 0.10194873809814453
5 0 1 105 102011648 0.09716796875
6 0 1 106 102011648 0.09811115264892578
7 0 1 107 102011648 0.0976111888885498
8 0 1 108 102011648 0.10223245620727539
9 0 1 109 102011648 0.09853935241699219
10 0 1 110 102011648 0.10466647148132324
11 0 1 111 102011648 0.10080289840698242
12 0 1 112 102011648 0.10102272033691406
13 0 1 113 102011648 0.10154056549072266
14 0 1 114 102011648 0.10164237022399902
15 0 1 115 102011648 0.10114169120788574
16 0 1 116 102011648 0.10066437721252441
17 0 1 117 102011648 0.10182309150695801
18 0 1 118 102011648 0.10196185111999512
