16
3 0 1 103 102011648 0.09873342514038086
4 0 1 104 102011648 0.0977621078491211
5 0 1 105 102011648 0.10229659080505371
6 0 1 106 102011648 0.10235738754272461
7 0 1 107 102011648 0.09992408752441406
8 0 1 108 102011648 0.0979456901550293
9 0 1 109 102011648 0.09946846961975098
10 0 1 110 102011648 0.10099077224731445
11 0 1 111 102011648 0.10104107856750488
12 0 1 112 102011648 0.10228419303894043
13 0 1 113 102011648 0.09829235076904297
14 0 1 114 102011648 0.10267853736877441
15 0 1 115 102011648 0.09779787063598633
16 0 1 116 102011648 0.09501981735229492
17 0 1 117 102011648 0.09926462173461914
18 0 1 118 102011648 0.10199356079101562
