16
3 0 1 103 102011648 0.10553264617919922
4 0 1 104 102011648 0.10575556755065918
5 0 1 105 102011648 0.10685014724731445
6 0 1 106 102011648 0.10744953155517578
7 0 1 107 102011648 0.10742831230163574
8 0 1 108 102011648 0.10674715042114258
9 0 1 109 102011648 0.10112667083740234
10 0 1 110 102011648 0.10293912887573242
11 0 1 111 102011648 0.10224509239196777
12 0 1 112 102011648 0.10305500030517578
13 0 1 113 102011648 0.1028742790222168
14 0 1 114 102011648 0.10522174835205078
15 0 1 115 102011648 0.09879040718078613
16 0 1 116 102011648 0.09938478469848633
17 0 1 117 102011648 0.10357832908630371
18 0 1 118 102011648 0.1011357307434082
