16
3 0 1 103 102011648 0.09572839736938477
4 0 1 104 102011648 0.09892082214355469
5 0 1 105 102011648 0.09514069557189941
6 0 1 106 102011648 0.05575418472290039
7 0 1 107 102011648 0.10570311546325684
8 0 1 108 102011648 0.10597944259643555
9 0 1 109 102011648 0.09876680374145508
10 0 1 110 102011648 0.09813570976257324
11 0 1 111 102011648 0.09800267219543457
12 0 1 112 102011648 0.10210704803466797
13 0 1 113 102011648 0.10108351707458496
14 0 1 114 102011648 0.10194277763366699
15 0 1 115 102011648 0.10195708274841309
16 0 1 116 102011648 0.09861111640930176
17 0 1 117 102011648 0.097991943359375
18 0 1 118 102011648 0.05834317207336426
