16
3 0 1 103 102011648 0.10930299758911133
4 0 1 104 102011648 0.10982894897460938
5 0 1 105 102011648 0.10525393486022949
6 0 1 106 102011648 0.10369253158569336
7 0 1 107 102011648 0.10168957710266113
8 0 1 108 102011648 0.10176873207092285
9 0 1 109 102011648 0.09759211540222168
10 0 1 110 102011648 0.10189294815063477
11 0 1 111 102011648 0.10648822784423828
12 0 1 112 102011648 0.10179996490478516
13 0 1 113 102011648 0.10831022262573242
14 0 1 114 102011648 0.10518717765808105
15 0 1 115 102011648 0.1163787841796875
16 0 1 116 102011648 0.10503911972045898
17 0 1 117 102011648 0.10529613494873047
18 0 1 118 102011648 0.10501313209533691
