16
3 0 1 103 102011648 0.10173773765563965
4 0 1 104 102011648 0.09701967239379883
5 0 1 105 102011648 0.09777164459228516
6 0 1 106 102011648 0.10084986686706543
7 0 1 107 102011648 0.10088348388671875
8 0 1 108 102011648 0.1016390323638916
9 0 1 109 102011648 0.10027432441711426
10 0 1 110 102011648 0.10383844375610352
11 0 1 111 102011648 0.10088849067687988
12 0 1 112 102011648 0.09663105010986328
13 0 1 113 102011648 0.10059523582458496
14 0 1 114 102011648 0.10039854049682617
15 0 1 115 102011648 0.10158061981201172
16 0 1 116 102011648 0.10003495216369629
17 0 1 117 102011648 0.10088396072387695
18 0 1 118 102011648 0.10512089729309082
