16
3 0 1 103 102011648 0.10774469375610352
4 0 1 104 102011648 0.10761284828186035
5 0 1 105 102011648 0.11392426490783691
6 0 1 106 102011648 0.10657811164855957
7 0 1 107 102011648 0.0987694263458252
8 0 1 108 102011648 0.10438656806945801
9 0 1 109 102011648 0.10281753540039062
10 0 1 110 102011648 0.10226798057556152
11 0 1 111 102011648 0.10347676277160645
12 0 1 112 102011648 0.10662317276000977
13 0 1 113 102011648 0.10145401954650879
14 0 1 114 102011648 0.10228705406188965
15 0 1 115 102011648 0.10238194465637207
16 0 1 116 102011648 0.10945677757263184
17 0 1 117 102011648 0.10254406929016113
18 0 1 118 102011648 0.10250306129455566
