16
3 0 1 103 102011648 0.10258626937866211
4 0 1 104 102011648 0.11158227920532227
5 0 1 105 102011648 0.10473346710205078
6 0 1 106 102011648 0.10417771339416504
7 0 1 107 102011648 0.10642862319946289
8 0 1 108 102011648 0.10589861869812012
9 0 1 109 102011648 0.10741209983825684
10 0 1 110 102011648 0.10179352760314941
11 0 1 111 102011648 0.10129737854003906
12 0 1 112 102011648 0.10206055641174316
13 0 1 113 102011648 0.1027669906616211
14 0 1 114 102011648 0.11328768730163574
15 0 1 115 102011648 0.10874009132385254
16 0 1 116 102011648 0.10614466667175293
17 0 1 117 102011648 0.09791874885559082
18 0 1 118 102011648 0.10242986679077148
