16
3 0 1 103 102011648 0.1015462875366211
4 0 1 104 102011648 0.10202908515930176
5 0 1 105 102011648 0.10496783256530762
6 0 1 106 102011648 0.10255837440490723
7 0 1 107 102011648 0.10624361038208008
8 0 1 108 102011648 0.10289192199707031
9 0 1 109 102011648 0.11284160614013672
10 0 1 110 102011648 0.10367131233215332
11 0 1 111 102011648 0.10873270034790039
12 0 1 112 102011648 0.10041975975036621
13 0 1 113 102011648 0.11295223236083984
14 0 1 114 102011648 0.10262179374694824
15 0 1 115 102011648 0.10592174530029297
16 0 1 116 102011648 0.10700416564941406
17 0 1 117 102011648 0.10784077644348145
18 0 1 118 102011648 0.10084700584411621
