16
3 0 1 103 102011648 0.1013789176940918
4 0 1 104 102011648 0.10616803169250488
5 0 1 105 102011648 0.10141754150390625
6 0 1 106 102011648 0.10428214073181152
7 0 1 107 102011648 0.10281181335449219
8 0 1 108 102011648 0.10222578048706055
9 0 1 109 102011648 0.10262465476989746
10 0 1 110 102011648 0.10742783546447754
11 0 1 111 102011648 0.10178327560424805
12 0 1 112 102011648 0.10735368728637695
13 0 1 113 102011648 0.10700368881225586
14 0 1 114 102011648 0.10420870780944824
15 0 1 115 102011648 0.1036520004272461
16 0 1 116 102011648 0.10153031349182129
17 0 1 117 102011648 0.10622763633728027
18 0 1 118 102011648 0.10263419151306152
