16
3 0 1 103 102011648 0.09871292114257812
4 0 1 104 102011648 0.10271072387695312
5 0 1 105 102011648 0.09804534912109375
6 0 1 106 102011648 0.101348876953125
7 0 1 107 102011648 0.10611200332641602
8 0 1 108 102011648 0.1152808666229248
9 0 1 109 102011648 0.10673737525939941
10 0 1 110 102011648 0.10417699813842773
11 0 1 111 102011648 0.10601162910461426
12 0 1 112 102011648 0.11787700653076172
13 0 1 113 102011648 0.1065971851348877
14 0 1 114 102011648 0.10590410232543945
15 0 1 115 102011648 0.09855103492736816
16 0 1 116 102011648 0.09328913688659668
17 0 1 117 102011648 0.10231852531433105
18 0 1 118 102011648 0.11192536354064941
