16
3 0 1 103 102011648 0.09994053840637207
4 0 1 104 102011648 0.10472702980041504
5 0 1 105 102011648 0.10770702362060547
6 0 1 106 102011648 0.10371518135070801
7 0 1 107 102011648 0.10106754302978516
8 0 1 108 102011648 0.10197710990905762
9 0 1 109 102011648 0.10072135925292969
10 0 1 110 102011648 0.0970907211303711
11 0 1 111 102011648 0.09992718696594238
12 0 1 112 102011648 0.10680866241455078
13 0 1 113 102011648 0.1034555435180664
14 0 1 114 102011648 0.10649466514587402
15 0 1 115 102011648 0.10581302642822266
16 0 1 116 102011648 0.10397720336914062
17 0 1 117 102011648 0.10359811782836914
18 0 1 118 102011648 0.1009972095489502
