16
3 0 1 103 102011648 0.09845805168151855
4 0 1 104 102011648 0.10193037986755371
5 0 1 105 102011648 0.09830880165100098
6 0 1 106 102011648 0.10208249092102051
7 0 1 107 102011648 0.10077452659606934
8 0 1 108 102011648 0.10197091102600098
9 0 1 109 102011648 0.10232734680175781
10 0 1 110 102011648 0.10258936882019043
11 0 1 111 102011648 0.10202145576477051
12 0 1 112 102011648 0.10157966613769531
13 0 1 113 102011648 0.10208463668823242
14 0 1 114 102011648 0.1015632152557373
15 0 1 115 102011648 0.09902310371398926
16 0 1 116 102011648 0.10158467292785645
17 0 1 117 102011648 0.09584546089172363
18 0 1 118 102011648 0.10221171379089355
