16
3 0 1 103 102011648 0.10596728324890137
4 0 1 104 102011648 0.10657167434692383
5 0 1 105 102011648 0.10168075561523438
6 0 1 106 102011648 0.10272645950317383
7 0 1 107 102011648 0.104156494140625
8 0 1 108 102011648 0.10503101348876953
9 0 1 109 102011648 0.10229635238647461
10 0 1 110 102011648 0.10593795776367188
11 0 1 111 102011648 0.10453629493713379
12 0 1 112 102011648 0.10382461547851562
13 0 1 113 102011648 0.10285425186157227
14 0 1 114 102011648 0.10627865791320801
15 0 1 115 102011648 0.10186886787414551
16 0 1 116 102011648 0.10449671745300293
17 0 1 117 102011648 0.10772323608398438
18 0 1 118 102011648 0.10718154907226562
