16
3 0 1 103 102011648 0.09782552719116211
4 0 1 104 102011648 0.10116934776306152
5 0 1 105 102011648 0.09876847267150879
6 0 1 106 102011648 0.10438895225524902
7 0 1 107 102011648 0.09850859642028809
8 0 1 108 102011648 0.09820985794067383
9 0 1 109 102011648 0.09557271003723145
10 0 1 110 102011648 0.09015154838562012
11 0 1 111 102011648 0.09726619720458984
12 0 1 112 102011648 0.10381102561950684
13 0 1 113 102011648 0.09463906288146973
14 0 1 114 102011648 0.10059237480163574
15 0 1 115 102011648 0.09821677207946777
16 0 1 116 102011648 0.09969067573547363
17 0 1 117 102011648 0.1032400131225586
18 0 1 118 102011648 0.09902596473693848
