16
3 0 1 103 102011648 0.10132598876953125
4 0 1 104 102011648 0.10295915603637695
5 0 1 105 102011648 0.10215973854064941
6 0 1 106 102011648 0.09813356399536133
7 0 1 107 102011648 0.10755276679992676
8 0 1 108 102011648 0.10204124450683594
9 0 1 109 102011648 0.1065976619720459
10 0 1 110 102011648 0.10630536079406738
11 0 1 111 102011648 0.10608720779418945
12 0 1 112 102011648 0.09952259063720703
13 0 1 113 102011648 0.10438966751098633
14 0 1 114 102011648 0.10229325294494629
15 0 1 115 102011648 0.09874582290649414
16 0 1 116 102011648 0.10778498649597168
17 0 1 117 102011648 0.10541892051696777
18 0 1 118 102011648 0.10587906837463379
