16
3 0 1 103 102011648 0.10661959648132324
4 0 1 104 102011648 0.10647726058959961
5 0 1 105 102011648 0.10554766654968262
6 0 1 106 102011648 0.1059417724609375
7 0 1 107 102011648 0.10276103019714355
8 0 1 108 102011648 0.10213327407836914
9 0 1 109 102011648 0.09915757179260254
10 0 1 110 102011648 0.10195660591125488
11 0 1 111 102011648 0.0980222225189209
12 0 1 112 102011648 0.10269045829772949
13 0 1 113 102011648 0.09816551208496094
14 0 1 114 102011648 0.10242223739624023
15 0 1 115 102011648 0.09762692451477051
16 0 1 116 102011648 0.10138392448425293
17 0 1 117 102011648 0.09937405586242676
18 0 1 118 102011648 0.09844756126403809
