16
3 0 1 103 102011648 0.10520315170288086
4 0 1 104 102011648 0.10434532165527344
5 0 1 105 102011648 0.1000826358795166
6 0 1 106 102011648 0.10106492042541504
7 0 1 107 102011648 0.10126996040344238
8 0 1 108 102011648 0.10440540313720703
9 0 1 109 102011648 0.1018221378326416
10 0 1 110 102011648 0.10180258750915527
11 0 1 111 102011648 0.10386013984680176
12 0 1 112 102011648 0.09722232818603516
13 0 1 113 102011648 0.10413241386413574
14 0 1 114 102011648 0.10361051559448242
15 0 1 115 102011648 0.10311722755432129
16 0 1 116 102011648 0.1045677661895752
17 0 1 117 102011648 0.10498857498168945
18 0 1 118 102011648 0.10486316680908203
