16
3 0 1 103 102011648 0.10420775413513184
4 0 1 104 102011648 0.10574150085449219
5 0 1 105 102011648 0.10580039024353027
6 0 1 106 102011648 0.10372781753540039
7 0 1 107 102011648 0.1040802001953125
8 0 1 108 102011648 0.1041567325592041
9 0 1 109 102011648 0.10118436813354492
10 0 1 110 102011648 0.10148930549621582
11 0 1 111 102011648 0.10212397575378418
12 0 1 112 102011648 0.1022942066192627
13 0 1 113 102011648 0.10145831108093262
14 0 1 114 102011648 0.10187935829162598
15 0 1 115 102011648 0.10880827903747559
16 0 1 116 102011648 0.11034393310546875
17 0 1 117 102011648 0.0997321605682373
18 0 1 118 102011648 0.10850906372070312
