16
3 0 1 103 102011648 0.1041252613067627
4 0 1 104 102011648 0.10499286651611328
5 0 1 105 102011648 0.10271668434143066
6 0 1 106 102011648 0.10169601440429688
7 0 1 107 102011648 0.10593581199645996
8 0 1 108 102011648 0.11518692970275879
9 0 1 109 102011648 0.10482621192932129
10 0 1 110 102011648 0.10409069061279297
11 0 1 111 102011648 0.10740137100219727
12 0 1 112 102011648 0.10276460647583008
13 0 1 113 102011648 0.10265469551086426
14 0 1 114 102011648 0.10561585426330566
15 0 1 115 102011648 0.10298705101013184
16 0 1 116 102011648 0.10545825958251953
17 0 1 117 102011648 0.10301327705383301
18 0 1 118 102011648 0.1047213077545166
