16
3 0 1 103 102011648 0.10422182083129883
4 0 1 104 102011648 0.1045987606048584
5 0 1 105 102011648 0.1048438549041748
6 0 1 106 102011648 0.10449481010437012
7 0 1 107 102011648 0.10187959671020508
8 0 1 108 102011648 0.10648250579833984
9 0 1 109 102011648 0.1075599193572998
10 0 1 110 102011648 0.10202789306640625
11 0 1 111 102011648 0.10686922073364258
12 0 1 112 102011648 0.10298824310302734
13 0 1 113 102011648 0.10543155670166016
14 0 1 114 102011648 0.10631895065307617
15 0 1 115 102011648 0.10290789604187012
16 0 1 116 102011648 0.09872174263000488
17 0 1 117 102011648 0.10121893882751465
18 0 1 118 102011648 0.09859561920166016
