16
3 0 1 103 102011648 0.10633039474487305
4 0 1 104 102011648 0.10227704048156738
5 0 1 105 102011648 0.10258674621582031
6 0 1 106 102011648 0.10229182243347168
7 0 1 107 102011648 0.10235357284545898
8 0 1 108 102011648 0.0980675220489502
9 0 1 109 102011648 0.1014404296875
10 0 1 110 102011648 0.10718369483947754
11 0 1 111 102011648 0.10294365882873535
12 0 1 112 102011648 0.09902310371398926
13 0 1 113 102011648 0.10092616081237793
14 0 1 114 102011648 0.10535120964050293
15 0 1 115 102011648 0.10089564323425293
16 0 1 116 102011648 0.10271191596984863
17 0 1 117 102011648 0.10389137268066406
18 0 1 118 102011648 0.0980067253112793
