16
3 0 1 103 102011648 0.10584735870361328
4 0 1 104 102011648 0.11197876930236816
5 0 1 105 102011648 0.1108098030090332
6 0 1 106 102011648 0.10516595840454102
7 0 1 107 102011648 0.09912323951721191
8 0 1 108 102011648 0.09886860847473145
9 0 1 109 102011648 0.10246777534484863
10 0 1 110 102011648 0.10075116157531738
11 0 1 111 102011648 0.09875226020812988
12 0 1 112 102011648 0.10139060020446777
13 0 1 113 102011648 0.09932303428649902
14 0 1 114 102011648 0.10230064392089844
15 0 1 115 102011648 0.09927535057067871
16 0 1 116 102011648 0.10158395767211914
17 0 1 117 102011648 0.10634899139404297
18 0 1 118 102011648 0.10527992248535156
