16
3 0 1 103 102011648 0.10774397850036621
4 0 1 104 102011648 0.10764741897583008
5 0 1 105 102011648 0.10761594772338867
6 0 1 106 102011648 0.10653877258300781
7 0 1 107 102011648 0.10795783996582031
8 0 1 108 102011648 0.10609841346740723
9 0 1 109 102011648 0.10646867752075195
10 0 1 110 102011648 0.10665130615234375
11 0 1 111 102011648 0.10771560668945312
12 0 1 112 102011648 0.10388684272766113
13 0 1 113 102011648 0.10721302032470703
14 0 1 114 102011648 0.10486650466918945
15 0 1 115 102011648 0.11388087272644043
16 0 1 116 102011648 0.10505437850952148
17 0 1 117 102011648 0.1053321361541748
18 0 1 118 102011648 0.10647892951965332
