16
3 0 1 103 102011648 0.10742688179016113
4 0 1 104 102011648 0.10208940505981445
5 0 1 105 102011648 0.10427379608154297
6 0 1 106 102011648 0.10573458671569824
7 0 1 107 102011648 0.10261321067810059
8 0 1 108 102011648 0.10254192352294922
9 0 1 109 102011648 0.10743570327758789
10 0 1 110 102011648 0.10367107391357422
11 0 1 111 102011648 0.10305237770080566
12 0 1 112 102011648 0.11897110939025879
13 0 1 113 102011648 0.10477423667907715
14 0 1 114 102011648 0.10559535026550293
15 0 1 115 102011648 0.10645914077758789
16 0 1 116 102011648 0.1039590835571289
17 0 1 117 102011648 0.10401725769042969
18 0 1 118 102011648 0.10598897933959961
