16
3 0 1 103 102011648 0.1055762767791748
4 0 1 104 102011648 0.1061716079711914
5 0 1 105 102011648 0.1064603328704834
6 0 1 106 102011648 0.10914444923400879
7 0 1 107 102011648 0.10512232780456543
8 0 1 108 102011648 0.10342574119567871
9 0 1 109 102011648 0.10483026504516602
10 0 1 110 102011648 0.11042594909667969
11 0 1 111 102011648 0.10809540748596191
12 0 1 112 102011648 0.10579466819763184
13 0 1 113 102011648 0.1041710376739502
14 0 1 114 102011648 0.1061246395111084
15 0 1 115 102011648 0.10599374771118164
16 0 1 116 102011648 0.10611510276794434
17 0 1 117 102011648 0.1041879653930664
18 0 1 118 102011648 0.10512542724609375
