16
3 0 1 103 102011648 0.10228514671325684
4 0 1 104 102011648 0.10384416580200195
5 0 1 105 102011648 0.10238885879516602
6 0 1 106 102011648 0.09853029251098633
7 0 1 107 102011648 0.10030007362365723
8 0 1 108 102011648 0.09559893608093262
9 0 1 109 102011648 0.10369205474853516
10 0 1 110 102011648 0.1039278507232666
11 0 1 111 102011648 0.09865450859069824
12 0 1 112 102011648 0.1003885269165039
13 0 1 113 102011648 0.09538793563842773
14 0 1 114 102011648 0.0989525318145752
15 0 1 115 102011648 0.09779071807861328
16 0 1 116 102011648 0.09842967987060547
17 0 1 117 102011648 0.09859991073608398
18 0 1 118 102011648 0.09857916831970215
