16
3 0 1 103 102011648 0.10818219184875488
4 0 1 104 102011648 0.10605978965759277
5 0 1 105 102011648 0.10594892501831055
6 0 1 106 102011648 0.10966610908508301
7 0 1 107 102011648 0.10561800003051758
8 0 1 108 102011648 0.10115432739257812
9 0 1 109 102011648 0.11271977424621582
10 0 1 110 102011648 0.10471177101135254
11 0 1 111 102011648 0.11267375946044922
12 0 1 112 102011648 0.10226726531982422
13 0 1 113 102011648 0.10376858711242676
14 0 1 114 102011648 0.10523343086242676
15 0 1 115 102011648 0.10310959815979004
16 0 1 116 102011648 0.10327482223510742
17 0 1 117 102011648 0.10612082481384277
18 0 1 118 102011648 0.10670924186706543
