16
3 0 1 103 102011648 0.10258841514587402
4 0 1 104 102011648 0.10249519348144531
5 0 1 105 102011648 0.09912300109863281
6 0 1 106 102011648 0.10199093818664551
7 0 1 107 102011648 0.09658169746398926
8 0 1 108 102011648 0.1035914421081543
9 0 1 109 102011648 0.10591006278991699
10 0 1 110 102011648 0.10273933410644531
11 0 1 111 102011648 0.10465312004089355
12 0 1 112 102011648 0.09814023971557617
13 0 1 113 102011648 0.10060954093933105
14 0 1 114 102011648 0.10030817985534668
15 0 1 115 102011648 0.1057884693145752
16 0 1 116 102011648 0.10219502449035645
17 0 1 117 102011648 0.10527753829956055
18 0 1 118 102011648 0.10153365135192871
