16
3 0 1 103 102011648 0.10957717895507812
4 0 1 104 102011648 0.10258984565734863
5 0 1 105 102011648 0.10272741317749023
6 0 1 106 102011648 0.10252618789672852
7 0 1 107 102011648 0.1039736270904541
8 0 1 108 102011648 0.10211896896362305
9 0 1 109 102011648 0.10401725769042969
10 0 1 110 102011648 0.10595512390136719
11 0 1 111 102011648 0.10146689414978027
12 0 1 112 102011648 0.10174393653869629
13 0 1 113 102011648 0.1026310920715332
14 0 1 114 102011648 0.10244011878967285
15 0 1 115 102011648 0.10198593139648438
16 0 1 116 102011648 0.10238289833068848
17 0 1 117 102011648 0.10180187225341797
18 0 1 118 102011648 0.1064755916595459
