16
3 0 1 103 102011648 0.10169005393981934
4 0 1 104 102011648 0.09688687324523926
5 0 1 105 102011648 0.0972452163696289
6 0 1 106 102011648 0.09733200073242188
7 0 1 107 102011648 0.10052919387817383
8 0 1 108 102011648 0.09735369682312012
9 0 1 109 102011648 0.10051655769348145
10 0 1 110 102011648 0.0947873592376709
11 0 1 111 102011648 0.0973663330078125
12 0 1 112 102011648 0.09713482856750488
13 0 1 113 102011648 0.10141396522521973
14 0 1 114 102011648 0.10095500946044922
15 0 1 115 102011648 0.1007528305053711
16 0 1 116 102011648 0.10123276710510254
17 0 1 117 102011648 0.1008462905883789
18 0 1 118 102011648 0.09766626358032227
