16
3 0 1 103 102011648 0.10124802589416504
4 0 1 104 102011648 0.10184931755065918
5 0 1 105 102011648 0.10409808158874512
6 0 1 106 102011648 0.10217690467834473
7 0 1 107 102011648 0.10251855850219727
8 0 1 108 102011648 0.10614919662475586
9 0 1 109 102011648 0.10098719596862793
10 0 1 110 102011648 0.1007084846496582
11 0 1 111 102011648 0.10466647148132324
12 0 1 112 102011648 0.10233426094055176
13 0 1 113 102011648 0.10315895080566406
14 0 1 114 102011648 0.10673689842224121
15 0 1 115 102011648 0.10373473167419434
16 0 1 116 102011648 0.11183881759643555
17 0 1 117 102011648 0.10284757614135742
18 0 1 118 102011648 0.10130000114440918
