16
3 0 1 103 102011648 0.1042485237121582
4 0 1 104 102011648 0.10682940483093262
5 0 1 105 102011648 0.10654091835021973
6 0 1 106 102011648 0.10690712928771973
7 0 1 107 102011648 0.10644245147705078
8 0 1 108 102011648 0.09832906723022461
9 0 1 109 102011648 0.10228848457336426
10 0 1 110 102011648 0.09862089157104492
11 0 1 111 102011648 0.10214853286743164
12 0 1 112 102011648 0.1002955436706543
13 0 1 113 102011648 0.1063985824584961
14 0 1 114 102011648 0.10247921943664551
15 0 1 115 102011648 0.1100163459777832
16 0 1 116 102011648 0.10312056541442871
17 0 1 117 102011648 0.10643196105957031
18 0 1 118 102011648 0.1104745864868164
