16
3 0 1 103 102011648 0.10234975814819336
4 0 1 104 102011648 0.10194587707519531
5 0 1 105 102011648 0.10205578804016113
6 0 1 106 102011648 0.10734128952026367
7 0 1 107 102011648 0.10560727119445801
8 0 1 108 102011648 0.10588312149047852
9 0 1 109 102011648 0.10340476036071777
10 0 1 110 102011648 0.10076594352722168
11 0 1 111 102011648 0.1059267520904541
12 0 1 112 102011648 0.10414457321166992
13 0 1 113 102011648 0.10481953620910645
14 0 1 114 102011648 0.10764455795288086
15 0 1 115 102011648 0.10534811019897461
16 0 1 116 102011648 0.10017919540405273
17 0 1 117 102011648 0.10549569129943848
18 0 1 118 102011648 0.10484123229980469
