16
3 0 1 103 102011648 0.10407495498657227
4 0 1 104 102011648 0.10887694358825684
5 0 1 105 102011648 0.10810971260070801
6 0 1 106 102011648 0.09423637390136719
7 0 1 107 102011648 0.10391998291015625
8 0 1 108 102011648 0.10156106948852539
9 0 1 109 102011648 0.07386064529418945
10 0 1 110 102011648 0.1178579330444336
11 0 1 111 102011648 0.13244271278381348
12 0 1 112 102011648 0.11536645889282227
13 0 1 113 102011648 0.11023974418640137
14 0 1 114 102011648 0.060530662536621094
15 0 1 115 102011648 0.10747528076171875
16 0 1 116 102011648 0.10837459564208984
17 0 1 117 102011648 0.10499310493469238
18 0 1 118 102011648 0.10233879089355469
