16
3 0 1 103 102011648 0.10266447067260742
4 0 1 104 102011648 0.10170173645019531
5 0 1 105 102011648 0.10264778137207031
6 0 1 106 102011648 0.1027517318725586
7 0 1 107 102011648 0.10177254676818848
8 0 1 108 102011648 0.10316944122314453
9 0 1 109 102011648 0.10193490982055664
10 0 1 110 102011648 0.10265755653381348
11 0 1 111 102011648 0.10132098197937012
12 0 1 112 102011648 0.10717225074768066
13 0 1 113 102011648 0.10748982429504395
14 0 1 114 102011648 0.10702824592590332
15 0 1 115 102011648 0.1038522720336914
16 0 1 116 102011648 0.10388636589050293
17 0 1 117 102011648 0.10530328750610352
18 0 1 118 102011648 0.10473465919494629
