16
3 0 1 103 102011648 0.10358738899230957
4 0 1 104 102011648 0.10437750816345215
5 0 1 105 102011648 0.10225367546081543
6 0 1 106 102011648 0.10214543342590332
7 0 1 107 102011648 0.10590648651123047
8 0 1 108 102011648 0.05784440040588379
9 0 1 109 102011648 0.10199451446533203
10 0 1 110 102011648 0.107757568359375
11 0 1 111 102011648 0.10247993469238281
12 0 1 112 102011648 0.10637116432189941
13 0 1 113 102011648 0.1019132137298584
14 0 1 114 102011648 0.1013486385345459
15 0 1 115 102011648 0.10084176063537598
16 0 1 116 102011648 0.10355973243713379
17 0 1 117 102011648 0.1026449203491211
18 0 1 118 102011648 0.10463571548461914
