16
3 0 1 103 102011648 0.0982670783996582
4 0 1 104 102011648 0.09824776649475098
5 0 1 105 102011648 0.10236835479736328
6 0 1 106 102011648 0.10152602195739746
7 0 1 107 102011648 0.10655450820922852
8 0 1 108 102011648 0.10536909103393555
9 0 1 109 102011648 0.10495710372924805
10 0 1 110 102011648 0.10399937629699707
11 0 1 111 102011648 0.10737395286560059
12 0 1 112 102011648 0.10625219345092773
13 0 1 113 102011648 0.1022946834564209
14 0 1 114 102011648 0.10991311073303223
15 0 1 115 102011648 0.10493683815002441
16 0 1 116 102011648 0.05856013298034668
17 0 1 117 102011648 0.10415530204772949
18 0 1 118 102011648 0.10521602630615234
