16
3 0 1 103 102011648 0.10541629791259766
4 0 1 104 102011648 0.10533428192138672
5 0 1 105 102011648 0.10727858543395996
6 0 1 106 102011648 0.10465049743652344
7 0 1 107 102011648 0.1049203872680664
8 0 1 108 102011648 0.10620379447937012
9 0 1 109 102011648 0.10716819763183594
10 0 1 110 102011648 0.10387945175170898
11 0 1 111 102011648 0.11105895042419434
12 0 1 112 102011648 0.10477638244628906
13 0 1 113 102011648 0.1042928695678711
14 0 1 114 102011648 0.10207390785217285
15 0 1 115 102011648 0.10272908210754395
16 0 1 116 102011648 0.10735750198364258
17 0 1 117 102011648 0.10307526588439941
18 0 1 118 102011648 0.10468673706054688
