16
3 0 1 103 102011648 0.09934806823730469
4 0 1 104 102011648 0.10153937339782715
5 0 1 105 102011648 0.10212969779968262
6 0 1 106 102011648 0.09864544868469238
7 0 1 107 102011648 0.1028594970703125
8 0 1 108 102011648 0.09457564353942871
9 0 1 109 102011648 0.0977022647857666
10 0 1 110 102011648 0.09531664848327637
11 0 1 111 102011648 0.09751129150390625
12 0 1 112 102011648 0.09299397468566895
13 0 1 113 102011648 0.09853720664978027
14 0 1 114 102011648 0.10207462310791016
15 0 1 115 102011648 0.09843635559082031
16 0 1 116 102011648 0.10165619850158691
17 0 1 117 102011648 0.09462690353393555
18 0 1 118 102011648 0.09726142883300781
