16
3 0 1 103 102011648 0.10432934761047363
4 0 1 104 102011648 0.05803704261779785
5 0 1 105 102011648 0.09742927551269531
6 0 1 106 102011648 0.10150909423828125
7 0 1 107 102011648 0.1031942367553711
8 0 1 108 102011648 0.10198664665222168
9 0 1 109 102011648 0.10141468048095703
10 0 1 110 102011648 0.10129451751708984
11 0 1 111 102011648 0.10218572616577148
12 0 1 112 102011648 0.10493874549865723
13 0 1 113 102011648 0.10188746452331543
14 0 1 114 102011648 0.10442113876342773
15 0 1 115 102011648 0.10288524627685547
16 0 1 116 102011648 0.061661481857299805
17 0 1 117 102011648 0.10228776931762695
18 0 1 118 102011648 0.1044924259185791
