16
3 0 1 103 102011648 0.10752677917480469
4 0 1 104 102011648 0.10423970222473145
5 0 1 105 102011648 0.1066124439239502
6 0 1 106 102011648 0.10722637176513672
7 0 1 107 102011648 0.10421490669250488
8 0 1 108 102011648 0.10567212104797363
9 0 1 109 102011648 0.10479307174682617
10 0 1 110 102011648 0.10335564613342285
11 0 1 111 102011648 0.10315942764282227
12 0 1 112 102011648 0.10587954521179199
13 0 1 113 102011648 0.1058804988861084
14 0 1 114 102011648 0.1059420108795166
15 0 1 115 102011648 0.1055593490600586
16 0 1 116 102011648 0.10632014274597168
17 0 1 117 102011648 0.11212277412414551
18 0 1 118 102011648 0.10580754280090332
