16
3 0 1 103 102011648 0.10618472099304199
4 0 1 104 102011648 0.10285639762878418
5 0 1 105 102011648 0.10337710380554199
6 0 1 106 102011648 0.10356450080871582
7 0 1 107 102011648 0.10288715362548828
8 0 1 108 102011648 0.10221576690673828
9 0 1 109 102011648 0.10359930992126465
10 0 1 110 102011648 0.10915708541870117
11 0 1 111 102011648 0.1084127426147461
12 0 1 112 102011648 0.10755443572998047
13 0 1 113 102011648 0.10632538795471191
14 0 1 114 102011648 0.1060018539428711
15 0 1 115 102011648 0.10432553291320801
16 0 1 116 102011648 0.10782241821289062
17 0 1 117 102011648 0.1069495677947998
18 0 1 118 102011648 0.10675954818725586
