16
3 0 1 103 102011648 0.1038980484008789
4 0 1 104 102011648 0.10321164131164551
5 0 1 105 102011648 0.10421514511108398
6 0 1 106 102011648 0.10045647621154785
7 0 1 107 102011648 0.10394501686096191
8 0 1 108 102011648 0.10526037216186523
9 0 1 109 102011648 0.10051536560058594
10 0 1 110 102011648 0.09730839729309082
11 0 1 111 102011648 0.10135364532470703
12 0 1 112 102011648 0.10033988952636719
13 0 1 113 102011648 0.10405349731445312
14 0 1 114 102011648 0.10261750221252441
15 0 1 115 102011648 0.10490155220031738
16 0 1 116 102011648 0.10370874404907227
17 0 1 117 102011648 0.10355949401855469
18 0 1 118 102011648 0.10441446304321289
