16
3 0 1 103 102011648 0.1004934310913086
4 0 1 104 102011648 0.10311698913574219
5 0 1 105 102011648 0.1035623550415039
6 0 1 106 102011648 0.10148453712463379
7 0 1 107 102011648 0.10245060920715332
8 0 1 108 102011648 0.1017768383026123
9 0 1 109 102011648 0.10020565986633301
10 0 1 110 102011648 0.1020512580871582
11 0 1 111 102011648 0.09683465957641602
12 0 1 112 102011648 0.10167431831359863
13 0 1 113 102011648 0.10386967658996582
14 0 1 114 102011648 0.10597753524780273
15 0 1 115 102011648 0.11263394355773926
16 0 1 116 102011648 0.1007537841796875
17 0 1 117 102011648 0.10002541542053223
18 0 1 118 102011648 0.09722709655761719
