16
3 0 1 103 102011648 0.10613059997558594
4 0 1 104 102011648 0.09816694259643555
5 0 1 105 102011648 0.09911608695983887
6 0 1 106 102011648 0.10158133506774902
7 0 1 107 102011648 0.10069775581359863
8 0 1 108 102011648 0.1044929027557373
9 0 1 109 102011648 0.09793591499328613
10 0 1 110 102011648 0.09758734703063965
11 0 1 111 102011648 0.10198712348937988
12 0 1 112 102011648 0.09851408004760742
13 0 1 113 102011648 0.10387706756591797
14 0 1 114 102011648 0.10592436790466309
15 0 1 115 102011648 0.09797382354736328
16 0 1 116 102011648 0.09740972518920898
17 0 1 117 102011648 0.10052371025085449
18 0 1 118 102011648 0.09876728057861328
