16
3 0 1 103 102011648 0.10703372955322266
4 0 1 104 102011648 0.10190057754516602
5 0 1 105 102011648 0.10453033447265625
6 0 1 106 102011648 0.10468268394470215
7 0 1 107 102011648 0.10235762596130371
8 0 1 108 102011648 0.10278606414794922
9 0 1 109 102011648 0.10347485542297363
10 0 1 110 102011648 0.10603094100952148
11 0 1 111 102011648 0.10082602500915527
12 0 1 112 102011648 0.10207200050354004
13 0 1 113 102011648 0.10167479515075684
14 0 1 114 102011648 0.10234642028808594
15 0 1 115 102011648 0.10207033157348633
16 0 1 116 102011648 0.10301852226257324
17 0 1 117 102011648 0.1024618148803711
18 0 1 118 102011648 0.09801626205444336
