16
3 0 1 103 102011648 0.09847116470336914
4 0 1 104 102011648 0.10473227500915527
5 0 1 105 102011648 0.09822463989257812
6 0 1 106 102011648 0.10677886009216309
7 0 1 107 102011648 0.10408496856689453
8 0 1 108 102011648 0.09840178489685059
9 0 1 109 102011648 0.10313653945922852
10 0 1 110 102011648 0.10584807395935059
11 0 1 111 102011648 0.10689496994018555
12 0 1 112 102011648 0.10990405082702637
13 0 1 113 102011648 0.10439085960388184
14 0 1 114 102011648 0.10680460929870605
15 0 1 115 102011648 0.10450291633605957
16 0 1 116 102011648 0.10770344734191895
17 0 1 117 102011648 0.10278868675231934
18 0 1 118 102011648 0.09510159492492676
