16
3 0 1 103 102011648 0.10612344741821289
4 0 1 104 102011648 0.10558342933654785
5 0 1 105 102011648 0.10165858268737793
6 0 1 106 102011648 0.10221672058105469
7 0 1 107 102011648 0.1105649471282959
8 0 1 108 102011648 0.10421037673950195
9 0 1 109 102011648 0.10412001609802246
10 0 1 110 102011648 0.10464644432067871
11 0 1 111 102011648 0.10413694381713867
12 0 1 112 102011648 0.10277962684631348
13 0 1 113 102011648 0.1045389175415039
14 0 1 114 102011648 0.10556268692016602
15 0 1 115 102011648 0.10441970825195312
16 0 1 116 102011648 0.10299158096313477
17 0 1 117 102011648 0.11075448989868164
18 0 1 118 102011648 0.10228705406188965
