16
3 0 1 103 102011648 0.10136795043945312
4 0 1 104 102011648 0.10153436660766602
5 0 1 105 102011648 0.10406136512756348
6 0 1 106 102011648 0.10248565673828125
7 0 1 107 102011648 0.1025850772857666
8 0 1 108 102011648 0.10156989097595215
9 0 1 109 102011648 0.10725712776184082
10 0 1 110 102011648 0.1052694320678711
11 0 1 111 102011648 0.11089801788330078
12 0 1 112 102011648 0.1027369499206543
13 0 1 113 102011648 0.10765767097473145
14 0 1 114 102011648 0.10918331146240234
15 0 1 115 102011648 0.10532689094543457
16 0 1 116 102011648 0.10539650917053223
17 0 1 117 102011648 0.10935759544372559
18 0 1 118 102011648 0.10707926750183105
