16
3 0 1 103 102011648 0.10180211067199707
4 0 1 104 102011648 0.10336661338806152
5 0 1 105 102011648 0.10303258895874023
6 0 1 106 102011648 0.10236811637878418
7 0 1 107 102011648 0.1042640209197998
8 0 1 108 102011648 0.05548572540283203
9 0 1 109 102011648 0.10210752487182617
10 0 1 110 102011648 0.10239124298095703
11 0 1 111 102011648 0.10385632514953613
12 0 1 112 102011648 0.10540413856506348
13 0 1 113 102011648 0.10113668441772461
14 0 1 114 102011648 0.10253024101257324
15 0 1 115 102011648 0.10019993782043457
16 0 1 116 102011648 0.10164427757263184
17 0 1 117 102011648 0.10502338409423828
18 0 1 118 102011648 0.11639070510864258
