16
3 0 1 103 102011648 0.10213732719421387
4 0 1 104 102011648 0.10175204277038574
5 0 1 105 102011648 0.10274863243103027
6 0 1 106 102011648 0.1024312973022461
7 0 1 107 102011648 0.10881447792053223
8 0 1 108 102011648 0.10839581489562988
9 0 1 109 102011648 0.1031951904296875
10 0 1 110 102011648 0.10667610168457031
11 0 1 111 102011648 0.11517190933227539
12 0 1 112 102011648 0.10668015480041504
13 0 1 113 102011648 0.10616421699523926
14 0 1 114 102011648 0.1015019416809082
15 0 1 115 102011648 0.1022946834564209
16 0 1 116 102011648 0.09873366355895996
17 0 1 117 102011648 0.10216689109802246
18 0 1 118 102011648 0.10233831405639648
