16
3 0 1 103 102011648 0.10485553741455078
4 0 1 104 102011648 0.1042931079864502
5 0 1 105 102011648 0.10202980041503906
6 0 1 106 102011648 0.10810279846191406
7 0 1 107 102011648 0.10314488410949707
8 0 1 108 102011648 0.10870027542114258
9 0 1 109 102011648 0.10383272171020508
10 0 1 110 102011648 0.1031789779663086
11 0 1 111 102011648 0.10284996032714844
12 0 1 112 102011648 0.10479331016540527
13 0 1 113 102011648 0.10109472274780273
14 0 1 114 102011648 0.10503292083740234
15 0 1 115 102011648 0.10728931427001953
16 0 1 116 102011648 0.10353851318359375
17 0 1 117 102011648 0.10615134239196777
18 0 1 118 102011648 0.1116170883178711
