16
3 0 1 103 102011648 0.1189274787902832
4 0 1 104 102011648 0.10446572303771973
5 0 1 105 102011648 0.10555076599121094
6 0 1 106 102011648 0.0992441177368164
7 0 1 107 102011648 0.11683082580566406
8 0 1 108 102011648 0.10515618324279785
9 0 1 109 102011648 0.0561833381652832
10 0 1 110 102011648 0.10596728324890137
11 0 1 111 102011648 0.10307884216308594
12 0 1 112 102011648 0.11743783950805664
13 0 1 113 102011648 0.10576295852661133
14 0 1 114 102011648 0.10635232925415039
15 0 1 115 102011648 0.10538315773010254
16 0 1 116 102011648 0.10946345329284668
17 0 1 117 102011648 0.10720396041870117
18 0 1 118 102011648 0.10757327079772949
