16
3 0 1 103 102011648 0.10514402389526367
4 0 1 104 102011648 0.102142333984375
5 0 1 105 102011648 0.10474753379821777
6 0 1 106 102011648 0.09902739524841309
7 0 1 107 102011648 0.10189700126647949
8 0 1 108 102011648 0.09856843948364258
9 0 1 109 102011648 0.09884405136108398
10 0 1 110 102011648 0.10215568542480469
11 0 1 111 102011648 0.10689997673034668
12 0 1 112 102011648 0.10447025299072266
13 0 1 113 102011648 0.10606813430786133
14 0 1 114 102011648 0.10323905944824219
15 0 1 115 102011648 0.10970759391784668
16 0 1 116 102011648 0.10671234130859375
17 0 1 117 102011648 0.10439848899841309
18 0 1 118 102011648 0.10223126411437988
