16
3 0 1 103 102011648 0.10438203811645508
4 0 1 104 102011648 0.11215376853942871
5 0 1 105 102011648 0.10036468505859375
6 0 1 106 102011648 0.10960125923156738
7 0 1 107 102011648 0.10735774040222168
8 0 1 108 102011648 0.10507917404174805
9 0 1 109 102011648 0.10376191139221191
10 0 1 110 102011648 0.1015470027923584
11 0 1 111 102011648 0.10592007637023926
12 0 1 112 102011648 0.10203742980957031
13 0 1 113 102011648 0.10216546058654785
14 0 1 114 102011648 0.1026298999786377
15 0 1 115 102011648 0.10252666473388672
16 0 1 116 102011648 0.10448002815246582
17 0 1 117 102011648 0.1046605110168457
18 0 1 118 102011648 0.10471916198730469
