16
3 0 1 103 102011648 0.10246515274047852
4 0 1 104 102011648 0.1022498607635498
5 0 1 105 102011648 0.10209012031555176
6 0 1 106 102011648 0.10186266899108887
7 0 1 107 102011648 0.10474014282226562
8 0 1 108 102011648 0.10235881805419922
9 0 1 109 102011648 0.10242199897766113
10 0 1 110 102011648 0.10173749923706055
11 0 1 111 102011648 0.10178470611572266
12 0 1 112 102011648 0.10196375846862793
13 0 1 113 102011648 0.10710954666137695
14 0 1 114 102011648 0.1069481372833252
15 0 1 115 102011648 0.10298562049865723
16 0 1 116 102011648 0.10651278495788574
17 0 1 117 102011648 0.10471415519714355
18 0 1 118 102011648 0.10784721374511719
