16
3 0 1 103 102011648 0.10468411445617676
4 0 1 104 102011648 0.10447978973388672
5 0 1 105 102011648 0.10539746284484863
6 0 1 106 102011648 0.11613273620605469
7 0 1 107 102011648 0.1051187515258789
8 0 1 108 102011648 0.1140902042388916
9 0 1 109 102011648 0.10909342765808105
10 0 1 110 102011648 0.10143566131591797
11 0 1 111 102011648 0.10013985633850098
12 0 1 112 102011648 0.10408878326416016
13 0 1 113 102011648 0.10529518127441406
14 0 1 114 102011648 0.10655522346496582
15 0 1 115 102011648 0.10654520988464355
16 0 1 116 102011648 0.10551810264587402
17 0 1 117 102011648 0.10814762115478516
18 0 1 118 102011648 0.10594987869262695
