16
3 0 1 103 102011648 0.10271263122558594
4 0 1 104 102011648 0.10227227210998535
5 0 1 105 102011648 0.09935569763183594
6 0 1 106 102011648 0.11035442352294922
7 0 1 107 102011648 0.10268592834472656
8 0 1 108 102011648 0.10695576667785645
9 0 1 109 102011648 0.10365033149719238
10 0 1 110 102011648 0.1055288314819336
11 0 1 111 102011648 0.10666036605834961
12 0 1 112 102011648 0.10595202445983887
13 0 1 113 102011648 0.1070871353149414
14 0 1 114 102011648 0.10265684127807617
15 0 1 115 102011648 0.09861993789672852
16 0 1 116 102011648 0.10210609436035156
17 0 1 117 102011648 0.1017603874206543
18 0 1 118 102011648 0.09561705589294434
