16
3 0 1 103 102011648 0.1013033390045166
4 0 1 104 102011648 0.1053152084350586
5 0 1 105 102011648 0.10669302940368652
6 0 1 106 102011648 0.10459685325622559
7 0 1 107 102011648 0.10600876808166504
8 0 1 108 102011648 0.10569357872009277
9 0 1 109 102011648 0.10113763809204102
10 0 1 110 102011648 0.1040642261505127
11 0 1 111 102011648 0.09753155708312988
12 0 1 112 102011648 0.09789896011352539
13 0 1 113 102011648 0.09864282608032227
14 0 1 114 102011648 0.09336423873901367
15 0 1 115 102011648 0.10381484031677246
16 0 1 116 102011648 0.09811520576477051
17 0 1 117 102011648 0.09763574600219727
18 0 1 118 102011648 0.05820465087890625
