16
3 0 1 103 102011648 0.11223697662353516
4 0 1 104 102011648 0.10453557968139648
5 0 1 105 102011648 0.11258769035339355
6 0 1 106 102011648 0.10541534423828125
7 0 1 107 102011648 0.10198426246643066
8 0 1 108 102011648 0.10568475723266602
9 0 1 109 102011648 0.10479855537414551
10 0 1 110 102011648 0.11266827583312988
11 0 1 111 102011648 0.10550522804260254
12 0 1 112 102011648 0.10408639907836914
13 0 1 113 102011648 0.10673213005065918
14 0 1 114 102011648 0.1040799617767334
15 0 1 115 102011648 0.10240030288696289
16 0 1 116 102011648 0.09733724594116211
17 0 1 117 102011648 0.10597419738769531
18 0 1 118 102011648 0.09575557708740234
