16
3 0 1 103 102011648 0.09823012351989746
4 0 1 104 102011648 0.10702133178710938
5 0 1 105 102011648 0.10107183456420898
6 0 1 106 102011648 0.09851622581481934
7 0 1 107 102011648 0.10724759101867676
8 0 1 108 102011648 0.10999155044555664
9 0 1 109 102011648 0.10638737678527832
10 0 1 110 102011648 0.1039271354675293
11 0 1 111 102011648 0.10505127906799316
12 0 1 112 102011648 0.10500931739807129
13 0 1 113 102011648 0.10585951805114746
14 0 1 114 102011648 0.10917496681213379
15 0 1 115 102011648 0.10603928565979004
16 0 1 116 102011648 0.11510634422302246
17 0 1 117 102011648 0.10561919212341309
18 0 1 118 102011648 0.10184717178344727
