16
3 0 1 103 102011648 0.10429573059082031
4 0 1 104 102011648 0.10237646102905273
5 0 1 105 102011648 0.11009430885314941
6 0 1 106 102011648 0.10662126541137695
7 0 1 107 102011648 0.1060030460357666
8 0 1 108 102011648 0.0969235897064209
9 0 1 109 102011648 0.10408163070678711
10 0 1 110 102011648 0.10096406936645508
11 0 1 111 102011648 0.10336112976074219
12 0 1 112 102011648 0.10160636901855469
13 0 1 113 102011648 0.1033322811126709
14 0 1 114 102011648 0.10483717918395996
15 0 1 115 102011648 0.09920287132263184
16 0 1 116 102011648 0.10149168968200684
17 0 1 117 102011648 0.10664224624633789
18 0 1 118 102011648 0.10361933708190918
