16
3 0 1 103 102011648 0.09765028953552246
4 0 1 104 102011648 0.0982210636138916
5 0 1 105 102011648 0.10205698013305664
6 0 1 106 102011648 0.10187578201293945
7 0 1 107 102011648 0.10185718536376953
8 0 1 108 102011648 0.10566544532775879
9 0 1 109 102011648 0.10688948631286621
10 0 1 110 102011648 0.10328388214111328
11 0 1 111 102011648 0.10469198226928711
12 0 1 112 102011648 0.10182881355285645
13 0 1 113 102011648 0.10149335861206055
14 0 1 114 102011648 0.10185003280639648
15 0 1 115 102011648 0.10519742965698242
16 0 1 116 102011648 0.1054677963256836
17 0 1 117 102011648 0.10459303855895996
18 0 1 118 102011648 0.10567259788513184
