16
3 0 1 103 102011648 0.1067354679107666
4 0 1 104 102011648 0.10487747192382812
5 0 1 105 102011648 0.10534214973449707
6 0 1 106 102011648 0.10423517227172852
7 0 1 107 102011648 0.1075434684753418
8 0 1 108 102011648 0.10506796836853027
9 0 1 109 102011648 0.10206794738769531
10 0 1 110 102011648 0.1016082763671875
11 0 1 111 102011648 0.10478377342224121
12 0 1 112 102011648 0.1025698184967041
13 0 1 113 102011648 0.10485267639160156
14 0 1 114 102011648 0.10382199287414551
15 0 1 115 102011648 0.09901976585388184
16 0 1 116 102011648 0.10128974914550781
17 0 1 117 102011648 0.10226655006408691
18 0 1 118 102011648 0.10350608825683594
