16
3 0 1 103 102011648 0.10247302055358887
4 0 1 104 102011648 0.10562872886657715
5 0 1 105 102011648 0.10468220710754395
6 0 1 106 102011648 0.11370134353637695
7 0 1 107 102011648 0.10606789588928223
8 0 1 108 102011648 0.10479593276977539
9 0 1 109 102011648 0.10343623161315918
10 0 1 110 102011648 0.10468697547912598
11 0 1 111 102011648 0.10055279731750488
12 0 1 112 102011648 0.10257625579833984
13 0 1 113 102011648 0.10282444953918457
14 0 1 114 102011648 0.1066749095916748
15 0 1 115 102011648 0.10563158988952637
16 0 1 116 102011648 0.09914565086364746
17 0 1 117 102011648 0.10630011558532715
18 0 1 118 102011648 0.10630965232849121
