16
3 0 1 103 102011648 0.10531973838806152
4 0 1 104 102011648 0.1058502197265625
5 0 1 105 102011648 0.1009366512298584
6 0 1 106 102011648 0.10438275337219238
7 0 1 107 102011648 0.10695910453796387
8 0 1 108 102011648 0.10615921020507812
9 0 1 109 102011648 0.1039576530456543
10 0 1 110 102011648 0.1044771671295166
11 0 1 111 102011648 0.10312533378601074
12 0 1 112 102011648 0.10729002952575684
13 0 1 113 102011648 0.10687732696533203
14 0 1 114 102011648 0.10707330703735352
15 0 1 115 102011648 0.10335397720336914
16 0 1 116 102011648 0.10524463653564453
17 0 1 117 102011648 0.10201239585876465
18 0 1 118 102011648 0.10560059547424316
