16
3 0 1 103 102011648 0.10843515396118164
4 0 1 104 102011648 0.10457015037536621
5 0 1 105 102011648 0.11161923408508301
6 0 1 106 102011648 0.10535907745361328
7 0 1 107 102011648 0.11367464065551758
8 0 1 108 102011648 0.1071469783782959
9 0 1 109 102011648 0.10448956489562988
10 0 1 110 102011648 0.09554719924926758
11 0 1 111 102011648 0.10260677337646484
12 0 1 112 102011648 0.09874939918518066
13 0 1 113 102011648 0.10017108917236328
14 0 1 114 102011648 0.0987694263458252
15 0 1 115 102011648 0.10224771499633789
16 0 1 116 102011648 0.10279631614685059
17 0 1 117 102011648 0.10590481758117676
18 0 1 118 102011648 0.10481381416320801
