16
3 0 1 103 102011648 0.11088156700134277
4 0 1 104 102011648 0.1045827865600586
5 0 1 105 102011648 0.11175990104675293
6 0 1 106 102011648 0.10262656211853027
7 0 1 107 102011648 0.10546016693115234
8 0 1 108 102011648 0.10969233512878418
9 0 1 109 102011648 0.10639333724975586
10 0 1 110 102011648 0.10522341728210449
11 0 1 111 102011648 0.10666298866271973
12 0 1 112 102011648 0.10767936706542969
13 0 1 113 102011648 0.11430096626281738
14 0 1 114 102011648 0.10258984565734863
15 0 1 115 102011648 0.11408734321594238
16 0 1 116 102011648 0.10989236831665039
17 0 1 117 102011648 0.105865478515625
18 0 1 118 102011648 0.10234189033508301
