16
3 0 1 103 102011648 0.10337352752685547
4 0 1 104 102011648 0.10218191146850586
5 0 1 105 102011648 0.10315728187561035
6 0 1 106 102011648 0.10337519645690918
7 0 1 107 102011648 0.1057589054107666
8 0 1 108 102011648 0.10319662094116211
9 0 1 109 102011648 0.1018073558807373
10 0 1 110 102011648 0.10264420509338379
11 0 1 111 102011648 0.10262155532836914
12 0 1 112 102011648 0.10176897048950195
13 0 1 113 102011648 0.105560302734375
14 0 1 114 102011648 0.10217952728271484
15 0 1 115 102011648 0.10146546363830566
16 0 1 116 102011648 0.09901547431945801
17 0 1 117 102011648 0.10265374183654785
18 0 1 118 102011648 0.10272598266601562
