16
3 0 1 103 102011648 0.10399270057678223
4 0 1 104 102011648 0.11313867568969727
5 0 1 105 102011648 0.10278511047363281
6 0 1 106 102011648 0.10292768478393555
7 0 1 107 102011648 0.10697031021118164
8 0 1 108 102011648 0.10350227355957031
9 0 1 109 102011648 0.09763932228088379
10 0 1 110 102011648 0.10653924942016602
11 0 1 111 102011648 0.10565376281738281
12 0 1 112 102011648 0.10411477088928223
13 0 1 113 102011648 0.10769438743591309
14 0 1 114 102011648 0.10601115226745605
15 0 1 115 102011648 0.10228300094604492
16 0 1 116 102011648 0.1032402515411377
17 0 1 117 102011648 0.10353994369506836
18 0 1 118 102011648 0.10124540328979492
