16
3 0 1 103 102011648 0.10553288459777832
4 0 1 104 102011648 0.10093283653259277
5 0 1 105 102011648 0.10670614242553711
6 0 1 106 102011648 0.10592317581176758
7 0 1 107 102011648 0.10453248023986816
8 0 1 108 102011648 0.10584092140197754
9 0 1 109 102011648 0.10073208808898926
10 0 1 110 102011648 0.10712337493896484
11 0 1 111 102011648 0.1036992073059082
12 0 1 112 102011648 0.10360360145568848
13 0 1 113 102011648 0.10532426834106445
14 0 1 114 102011648 0.10513854026794434
15 0 1 115 102011648 0.10186243057250977
16 0 1 116 102011648 0.10673213005065918
17 0 1 117 102011648 0.1060948371887207
18 0 1 118 102011648 0.1060023307800293
