16
3 0 1 103 102011648 0.10139751434326172
4 0 1 104 102011648 0.09859538078308105
5 0 1 105 102011648 0.10112357139587402
6 0 1 106 102011648 0.11549663543701172
7 0 1 107 102011648 0.07220029830932617
8 0 1 108 102011648 0.11372733116149902
9 0 1 109 102011648 0.09305787086486816
10 0 1 110 102011648 0.10094714164733887
11 0 1 111 102011648 0.10616874694824219
12 0 1 112 102011648 0.10417628288269043
13 0 1 113 102011648 0.09765887260437012
14 0 1 114 102011648 0.10377931594848633
15 0 1 115 102011648 0.1036834716796875
16 0 1 116 102011648 0.10079765319824219
17 0 1 117 102011648 0.1035759449005127
18 0 1 118 102011648 0.10838603973388672
