16
3 0 1 103 102011648 0.10590744018554688
4 0 1 104 102011648 0.09861350059509277
5 0 1 105 102011648 0.10253095626831055
6 0 1 106 102011648 0.09818720817565918
7 0 1 107 102011648 0.10239934921264648
8 0 1 108 102011648 0.09578371047973633
9 0 1 109 102011648 0.09907150268554688
10 0 1 110 102011648 0.10183191299438477
11 0 1 111 102011648 0.10287880897521973
12 0 1 112 102011648 0.10576677322387695
13 0 1 113 102011648 0.0988321304321289
14 0 1 114 102011648 0.10574531555175781
15 0 1 115 102011648 0.10702037811279297
16 0 1 116 102011648 0.09593033790588379
17 0 1 117 102011648 0.10508036613464355
18 0 1 118 102011648 0.1024923324584961
