16
3 0 1 103 102011648 0.0990445613861084
4 0 1 104 102011648 0.09843730926513672
5 0 1 105 102011648 0.06723785400390625
6 0 1 106 102011648 0.12400412559509277
7 0 1 107 102011648 0.139174222946167
8 0 1 108 102011648 0.1236722469329834
9 0 1 109 102011648 0.11815428733825684
10 0 1 110 102011648 0.10576653480529785
11 0 1 111 102011648 0.10230231285095215
12 0 1 112 102011648 0.1027381420135498
13 0 1 113 102011648 0.10362672805786133
14 0 1 114 102011648 0.10642838478088379
15 0 1 115 102011648 0.09964132308959961
16 0 1 116 102011648 0.10378503799438477
17 0 1 117 102011648 0.0955662727355957
18 0 1 118 102011648 0.09892392158508301
