16
3 0 1 103 102011648 0.10793232917785645
4 0 1 104 102011648 0.10709738731384277
5 0 1 105 102011648 0.1051018238067627
6 0 1 106 102011648 0.10479474067687988
7 0 1 107 102011648 0.10151386260986328
8 0 1 108 102011648 0.10684728622436523
9 0 1 109 102011648 0.0985255241394043
10 0 1 110 102011648 0.10191226005554199
11 0 1 111 102011648 0.10419726371765137
12 0 1 112 102011648 0.10339999198913574
13 0 1 113 102011648 0.11696171760559082
14 0 1 114 102011648 0.10295629501342773
15 0 1 115 102011648 0.10383772850036621
16 0 1 116 102011648 0.10775947570800781
17 0 1 117 102011648 0.1111600399017334
18 0 1 118 102011648 0.10499691963195801
