16
3 0 1 103 102011648 0.09999561309814453
4 0 1 104 102011648 0.1022491455078125
5 0 1 105 102011648 0.10150933265686035
6 0 1 106 102011648 0.10646724700927734
7 0 1 107 102011648 0.10288095474243164
8 0 1 108 102011648 0.10236525535583496
9 0 1 109 102011648 0.10771679878234863
10 0 1 110 102011648 0.10762500762939453
11 0 1 111 102011648 0.1057276725769043
12 0 1 112 102011648 0.10131549835205078
13 0 1 113 102011648 0.10708260536193848
14 0 1 114 102011648 0.10001826286315918
15 0 1 115 102011648 0.10040569305419922
16 0 1 116 102011648 0.10273981094360352
17 0 1 117 102011648 0.10155725479125977
18 0 1 118 102011648 0.10265254974365234
