16
3 0 1 103 102011648 0.10406041145324707
4 0 1 104 102011648 0.10526442527770996
5 0 1 105 102011648 0.10465550422668457
6 0 1 106 102011648 0.10482287406921387
7 0 1 107 102011648 0.10539793968200684
8 0 1 108 102011648 0.10454392433166504
9 0 1 109 102011648 0.10244131088256836
10 0 1 110 102011648 0.11281466484069824
11 0 1 111 102011648 0.10241985321044922
12 0 1 112 102011648 0.1044158935546875
13 0 1 113 102011648 0.10526847839355469
14 0 1 114 102011648 0.10381650924682617
15 0 1 115 102011648 0.10273313522338867
16 0 1 116 102011648 0.07094979286193848
17 0 1 117 102011648 0.11218667030334473
18 0 1 118 102011648 0.15755772590637207
