16
3 0 1 103 102011648 0.09857296943664551
4 0 1 104 102011648 0.09771108627319336
5 0 1 105 102011648 0.10020947456359863
6 0 1 106 102011648 0.09723377227783203
7 0 1 107 102011648 0.0987238883972168
8 0 1 108 102011648 0.10016798973083496
9 0 1 109 102011648 0.10124635696411133
10 0 1 110 102011648 0.10213470458984375
11 0 1 111 102011648 0.09862565994262695
12 0 1 112 102011648 0.10094928741455078
13 0 1 113 102011648 0.1024472713470459
14 0 1 114 102011648 0.10169053077697754
15 0 1 115 102011648 0.10306191444396973
16 0 1 116 102011648 0.09677338600158691
17 0 1 117 102011648 0.09797120094299316
18 0 1 118 102011648 0.09868049621582031
