16
3 0 1 103 102011648 0.10840225219726562
4 0 1 104 102011648 0.10476875305175781
5 0 1 105 102011648 0.10509848594665527
6 0 1 106 102011648 0.10576748847961426
7 0 1 107 102011648 0.11114621162414551
8 0 1 108 102011648 0.10631012916564941
9 0 1 109 102011648 0.1082303524017334
10 0 1 110 102011648 0.10892271995544434
11 0 1 111 102011648 0.10539913177490234
12 0 1 112 102011648 0.10320711135864258
13 0 1 113 102011648 0.10413146018981934
14 0 1 114 102011648 0.10797619819641113
15 0 1 115 102011648 0.1056528091430664
16 0 1 116 102011648 0.10585546493530273
17 0 1 117 102011648 0.10596084594726562
18 0 1 118 102011648 0.1061856746673584
