16
3 0 1 103 102011648 0.1055290699005127
4 0 1 104 102011648 0.10233712196350098
5 0 1 105 102011648 0.10396480560302734
6 0 1 106 102011648 0.10306167602539062
7 0 1 107 102011648 0.10549592971801758
8 0 1 108 102011648 0.10453128814697266
9 0 1 109 102011648 0.10632085800170898
10 0 1 110 102011648 0.10130786895751953
11 0 1 111 102011648 0.10099935531616211
12 0 1 112 102011648 0.1018216609954834
13 0 1 113 102011648 0.10364174842834473
14 0 1 114 102011648 0.1027379035949707
15 0 1 115 102011648 0.10312438011169434
16 0 1 116 102011648 0.10238361358642578
17 0 1 117 102011648 0.10247635841369629
18 0 1 118 102011648 0.10597896575927734
