16
3 0 1 103 102011648 0.10112953186035156
4 0 1 104 102011648 0.10176372528076172
5 0 1 105 102011648 0.1044313907623291
6 0 1 106 102011648 0.103912353515625
7 0 1 107 102011648 0.10473465919494629
8 0 1 108 102011648 0.08780908584594727
9 0 1 109 102011648 0.10241913795471191
10 0 1 110 102011648 0.10211658477783203
11 0 1 111 102011648 0.1021273136138916
12 0 1 112 102011648 0.1020805835723877
13 0 1 113 102011648 0.10456061363220215
14 0 1 114 102011648 0.10168623924255371
15 0 1 115 102011648 0.10145926475524902
16 0 1 116 102011648 0.10677552223205566
17 0 1 117 102011648 0.1022498607635498
18 0 1 118 102011648 0.10071682929992676
