16
3 0 1 103 102011648 0.10576105117797852
4 0 1 104 102011648 0.10553669929504395
5 0 1 105 102011648 0.10586142539978027
6 0 1 106 102011648 0.10616064071655273
7 0 1 107 102011648 0.11285185813903809
8 0 1 108 102011648 0.10651111602783203
9 0 1 109 102011648 0.1053309440612793
10 0 1 110 102011648 0.10530853271484375
11 0 1 111 102011648 0.1060495376586914
12 0 1 112 102011648 0.10598611831665039
13 0 1 113 102011648 0.09849023818969727
14 0 1 114 102011648 0.10242247581481934
15 0 1 115 102011648 0.1026451587677002
16 0 1 116 102011648 0.09860038757324219
17 0 1 117 102011648 0.10741400718688965
18 0 1 118 102011648 0.11226868629455566
