16
3 0 1 103 102011648 0.10257244110107422
4 0 1 104 102011648 0.1022191047668457
5 0 1 105 102011648 0.09619402885437012
6 0 1 106 102011648 0.10669827461242676
7 0 1 107 102011648 0.10935735702514648
8 0 1 108 102011648 0.1049966812133789
9 0 1 109 102011648 0.10561347007751465
10 0 1 110 102011648 0.10330796241760254
11 0 1 111 102011648 0.0980064868927002
12 0 1 112 102011648 0.10167455673217773
13 0 1 113 102011648 0.1022648811340332
14 0 1 114 102011648 0.10297870635986328
15 0 1 115 102011648 0.1071920394897461
16 0 1 116 102011648 0.10511112213134766
17 0 1 117 102011648 0.10676264762878418
18 0 1 118 102011648 0.1026453971862793
