16
3 0 1 103 102011648 0.10450077056884766
4 0 1 104 102011648 0.10249829292297363
5 0 1 105 102011648 0.10252666473388672
6 0 1 106 102011648 0.10451984405517578
7 0 1 107 102011648 0.10257911682128906
8 0 1 108 102011648 0.10207056999206543
9 0 1 109 102011648 0.10358595848083496
10 0 1 110 102011648 0.10453152656555176
11 0 1 111 102011648 0.10231852531433105
12 0 1 112 102011648 0.10191535949707031
13 0 1 113 102011648 0.10605859756469727
14 0 1 114 102011648 0.0983884334564209
15 0 1 115 102011648 0.10157155990600586
16 0 1 116 102011648 0.10274982452392578
17 0 1 117 102011648 0.09794211387634277
18 0 1 118 102011648 0.09759140014648438
