16
3 0 1 103 102011648 0.10857653617858887
4 0 1 104 102011648 0.1056671142578125
5 0 1 105 102011648 0.1012728214263916
6 0 1 106 102011648 0.10461187362670898
7 0 1 107 102011648 0.10251331329345703
8 0 1 108 102011648 0.10294127464294434
9 0 1 109 102011648 0.10396099090576172
10 0 1 110 102011648 0.10254645347595215
11 0 1 111 102011648 0.10020589828491211
12 0 1 112 102011648 0.09983134269714355
13 0 1 113 102011648 0.10149860382080078
14 0 1 114 102011648 0.11104416847229004
15 0 1 115 102011648 0.10191082954406738
16 0 1 116 102011648 0.10312247276306152
17 0 1 117 102011648 0.10526347160339355
18 0 1 118 102011648 0.10407328605651855
