16
3 0 1 103 102011648 0.10625433921813965
4 0 1 104 102011648 0.10226035118103027
5 0 1 105 102011648 0.10284042358398438
6 0 1 106 102011648 0.1025087833404541
7 0 1 107 102011648 0.10200190544128418
8 0 1 108 102011648 0.10349488258361816
9 0 1 109 102011648 0.09828972816467285
10 0 1 110 102011648 0.10191488265991211
11 0 1 111 102011648 0.1025693416595459
12 0 1 112 102011648 0.10283875465393066
13 0 1 113 102011648 0.10703825950622559
14 0 1 114 102011648 0.10432815551757812
15 0 1 115 102011648 0.10405921936035156
16 0 1 116 102011648 0.10867691040039062
17 0 1 117 102011648 0.10426855087280273
18 0 1 118 102011648 0.10553717613220215
