16
3 0 1 103 102011648 0.09909391403198242
4 0 1 104 102011648 0.09872603416442871
5 0 1 105 102011648 0.10189318656921387
6 0 1 106 102011648 0.10142827033996582
7 0 1 107 102011648 0.10290122032165527
8 0 1 108 102011648 0.10213375091552734
9 0 1 109 102011648 0.1014707088470459
10 0 1 110 102011648 0.10170960426330566
11 0 1 111 102011648 0.10156631469726562
12 0 1 112 102011648 0.10450363159179688
13 0 1 113 102011648 0.10200119018554688
14 0 1 114 102011648 0.10049772262573242
15 0 1 115 102011648 0.1060781478881836
16 0 1 116 102011648 0.10183405876159668
17 0 1 117 102011648 0.10223150253295898
18 0 1 118 102011648 0.09760165214538574
