16
3 0 1 103 102011648 0.1020653247833252
4 0 1 104 102011648 0.10148096084594727
5 0 1 105 102011648 0.10593914985656738
6 0 1 106 102011648 0.10281801223754883
7 0 1 107 102011648 0.09897279739379883
8 0 1 108 102011648 0.10125541687011719
9 0 1 109 102011648 0.10215878486633301
10 0 1 110 102011648 0.09806561470031738
11 0 1 111 102011648 0.05584239959716797
12 0 1 112 102011648 0.10137295722961426
13 0 1 113 102011648 0.10419297218322754
14 0 1 114 102011648 0.10170269012451172
15 0 1 115 102011648 0.09900665283203125
16 0 1 116 102011648 0.1058661937713623
17 0 1 117 102011648 0.10218167304992676
18 0 1 118 102011648 0.10234785079956055
