16
3 0 1 103 102011648 0.10198068618774414
4 0 1 104 102011648 0.09857606887817383
5 0 1 105 102011648 0.09775757789611816
6 0 1 106 102011648 0.09825587272644043
7 0 1 107 102011648 0.10003304481506348
8 0 1 108 102011648 0.10222482681274414
9 0 1 109 102011648 0.10660791397094727
10 0 1 110 102011648 0.10794281959533691
11 0 1 111 102011648 0.10638833045959473
12 0 1 112 102011648 0.10593008995056152
13 0 1 113 102011648 0.10730981826782227
14 0 1 114 102011648 0.1054990291595459
15 0 1 115 102011648 0.1015162467956543
16 0 1 116 102011648 0.10403156280517578
17 0 1 117 102011648 0.1033468246459961
18 0 1 118 102011648 0.09846019744873047
