16
3 0 1 103 102011648 0.09867286682128906
4 0 1 104 102011648 0.1024169921875
5 0 1 105 102011648 0.10046172142028809
6 0 1 106 102011648 0.09897899627685547
7 0 1 107 102011648 0.10079145431518555
8 0 1 108 102011648 0.09773635864257812
9 0 1 109 102011648 0.09787464141845703
10 0 1 110 102011648 0.09787511825561523
11 0 1 111 102011648 0.09888482093811035
12 0 1 112 102011648 0.10132288932800293
13 0 1 113 102011648 0.10281968116760254
14 0 1 114 102011648 0.10224175453186035
15 0 1 115 102011648 0.10600590705871582
16 0 1 116 102011648 0.10319662094116211
17 0 1 117 102011648 0.1051175594329834
18 0 1 118 102011648 0.11105585098266602
