16
3 0 1 103 102011648 0.10259771347045898
4 0 1 104 102011648 0.10251569747924805
5 0 1 105 102011648 0.10195374488830566
6 0 1 106 102011648 0.10233378410339355
7 0 1 107 102011648 0.10238480567932129
8 0 1 108 102011648 0.7110295295715332
9 0 1 109 102011648 0.11954593658447266
10 0 1 110 102011648 0.1361534595489502
11 0 1 111 102011648 0.11360645294189453
12 0 1 112 102011648 0.10060930252075195
13 0 1 113 102011648 0.09673023223876953
14 0 1 114 102011648 0.10521888732910156
15 0 1 115 102011648 0.10767626762390137
16 0 1 116 102011648 0.10628747940063477
17 0 1 117 102011648 0.1041259765625
18 0 1 118 102011648 0.10487079620361328
