16
3 0 1 103 102011648 0.10691189765930176
4 0 1 104 102011648 0.10249114036560059
5 0 1 105 102011648 0.10202360153198242
6 0 1 106 102011648 0.10525202751159668
7 0 1 107 102011648 0.10431647300720215
8 0 1 108 102011648 0.10523557662963867
9 0 1 109 102011648 0.10497498512268066
10 0 1 110 102011648 0.10542702674865723
11 0 1 111 102011648 0.10296964645385742
12 0 1 112 102011648 0.10612988471984863
13 0 1 113 102011648 0.10568380355834961
14 0 1 114 102011648 0.10688900947570801
15 0 1 115 102011648 0.1057133674621582
16 0 1 116 102011648 0.10487079620361328
17 0 1 117 102011648 0.10434317588806152
18 0 1 118 102011648 0.10484671592712402
