16
3 0 1 103 102011648 0.10214734077453613
4 0 1 104 102011648 0.10549736022949219
5 0 1 105 102011648 0.10561299324035645
6 0 1 106 102011648 0.10141205787658691
7 0 1 107 102011648 0.09562802314758301
8 0 1 108 102011648 0.10427451133728027
9 0 1 109 102011648 0.1020359992980957
10 0 1 110 102011648 0.10186648368835449
11 0 1 111 102011648 0.10396432876586914
12 0 1 112 102011648 0.10160565376281738
13 0 1 113 102011648 0.09859323501586914
14 0 1 114 102011648 0.10382223129272461
15 0 1 115 102011648 0.09762883186340332
16 0 1 116 102011648 0.09861993789672852
17 0 1 117 102011648 0.10364365577697754
18 0 1 118 102011648 0.1010735034942627
