16
3 0 1 103 102011648 0.1024618148803711
4 0 1 104 102011648 0.10545563697814941
5 0 1 105 102011648 0.09847378730773926
6 0 1 106 102011648 0.10200643539428711
7 0 1 107 102011648 0.0988163948059082
8 0 1 108 102011648 0.10210108757019043
9 0 1 109 102011648 0.09883952140808105
10 0 1 110 102011648 0.09958481788635254
11 0 1 111 102011648 0.10189700126647949
12 0 1 112 102011648 0.10666441917419434
13 0 1 113 102011648 0.1049036979675293
14 0 1 114 102011648 0.10459518432617188
15 0 1 115 102011648 0.11513304710388184
16 0 1 116 102011648 0.10678529739379883
17 0 1 117 102011648 0.10539555549621582
18 0 1 118 102011648 0.10545587539672852
