16
3 0 1 103 102011648 0.10193514823913574
4 0 1 104 102011648 0.09925627708435059
5 0 1 105 102011648 0.10714292526245117
6 0 1 106 102011648 0.09739494323730469
7 0 1 107 102011648 0.09749078750610352
8 0 1 108 102011648 0.10882139205932617
9 0 1 109 102011648 0.11079144477844238
10 0 1 110 102011648 0.10598540306091309
11 0 1 111 102011648 0.10703539848327637
12 0 1 112 102011648 0.10657882690429688
13 0 1 113 102011648 0.11161017417907715
14 0 1 114 102011648 0.10671591758728027
15 0 1 115 102011648 0.10431313514709473
16 0 1 116 102011648 0.1050422191619873
17 0 1 117 102011648 0.1058511734008789
18 0 1 118 102011648 0.10602831840515137
