16
3 0 1 103 102011648 0.10241484642028809
4 0 1 104 102011648 0.10216331481933594
5 0 1 105 102011648 0.10213875770568848
6 0 1 106 102011648 0.10216808319091797
7 0 1 107 102011648 0.10232305526733398
8 0 1 108 102011648 0.10170149803161621
9 0 1 109 102011648 0.1020650863647461
10 0 1 110 102011648 0.10223627090454102
11 0 1 111 102011648 0.10150694847106934
12 0 1 112 102011648 0.1016840934753418
13 0 1 113 102011648 0.10729575157165527
14 0 1 114 102011648 0.10460281372070312
15 0 1 115 102011648 0.10570716857910156
16 0 1 116 102011648 0.1047673225402832
17 0 1 117 102011648 0.10878467559814453
18 0 1 118 102011648 0.10467314720153809
