16
3 0 1 103 102011648 0.09701180458068848
4 0 1 104 102011648 0.10033011436462402
5 0 1 105 102011648 0.10124850273132324
6 0 1 106 102011648 0.10507345199584961
7 0 1 107 102011648 0.09709048271179199
8 0 1 108 102011648 0.10054588317871094
9 0 1 109 102011648 0.10103082656860352
10 0 1 110 102011648 0.10080170631408691
11 0 1 111 102011648 0.1004178524017334
12 0 1 112 102011648 0.10534358024597168
13 0 1 113 102011648 0.09704780578613281
14 0 1 114 102011648 0.09444737434387207
15 0 1 115 102011648 0.09161019325256348
16 0 1 116 102011648 0.10161757469177246
17 0 1 117 102011648 0.10060596466064453
18 0 1 118 102011648 0.11008501052856445
