16
3 0 1 103 102011648 0.10245084762573242
4 0 1 104 102011648 0.10732555389404297
5 0 1 105 102011648 0.10593175888061523
6 0 1 106 102011648 0.10576343536376953
7 0 1 107 102011648 0.10809588432312012
8 0 1 108 102011648 0.10374188423156738
9 0 1 109 102011648 0.10490870475769043
10 0 1 110 102011648 0.10570168495178223
11 0 1 111 102011648 0.10721635818481445
12 0 1 112 102011648 0.10310220718383789
13 0 1 113 102011648 0.10668826103210449
14 0 1 114 102011648 0.10490942001342773
15 0 1 115 102011648 0.10218381881713867
16 0 1 116 102011648 0.09900474548339844
17 0 1 117 102011648 0.09950804710388184
18 0 1 118 102011648 0.10806035995483398
