16
3 0 1 103 102011648 0.10459160804748535
4 0 1 104 102011648 0.10110187530517578
5 0 1 105 102011648 0.10242319107055664
6 0 1 106 102011648 0.10313725471496582
7 0 1 107 102011648 0.10236334800720215
8 0 1 108 102011648 0.10547423362731934
9 0 1 109 102011648 0.10346555709838867
10 0 1 110 102011648 0.08890151977539062
11 0 1 111 102011648 0.10400128364562988
12 0 1 112 102011648 0.10131263732910156
13 0 1 113 102011648 0.1018671989440918
14 0 1 114 102011648 0.10073375701904297
15 0 1 115 102011648 0.10111880302429199
16 0 1 116 102011648 0.10419201850891113
17 0 1 117 102011648 0.11163663864135742
18 0 1 118 102011648 0.10558366775512695
