16
3 0 1 103 102011648 0.09786081314086914
4 0 1 104 102011648 0.10111856460571289
5 0 1 105 102011648 0.09894847869873047
6 0 1 106 102011648 0.10274887084960938
7 0 1 107 102011648 0.10126996040344238
8 0 1 108 102011648 0.10116863250732422
9 0 1 109 102011648 0.10231781005859375
10 0 1 110 102011648 0.09943985939025879
11 0 1 111 102011648 0.09898853302001953
12 0 1 112 102011648 0.0981283187866211
13 0 1 113 102011648 0.10518550872802734
14 0 1 114 102011648 0.10269808769226074
15 0 1 115 102011648 0.09883737564086914
16 0 1 116 102011648 0.10156106948852539
17 0 1 117 102011648 0.101654052734375
18 0 1 118 102011648 0.10085177421569824
