16
3 0 1 103 102011648 0.10289859771728516
4 0 1 104 102011648 0.11844778060913086
5 0 1 105 102011648 0.10169816017150879
6 0 1 106 102011648 0.10344219207763672
7 0 1 107 102011648 0.10339832305908203
8 0 1 108 102011648 0.10302329063415527
9 0 1 109 102011648 0.1051640510559082
10 0 1 110 102011648 0.10229611396789551
11 0 1 111 102011648 0.09826898574829102
12 0 1 112 102011648 0.10218167304992676
13 0 1 113 102011648 0.10230755805969238
14 0 1 114 102011648 0.10269546508789062
15 0 1 115 102011648 0.10123348236083984
16 0 1 116 102011648 0.10273361206054688
17 0 1 117 102011648 0.10178565979003906
18 0 1 118 102011648 0.10487604141235352
