16
3 0 1 103 102011648 0.10193610191345215
4 0 1 104 102011648 0.10627102851867676
5 0 1 105 102011648 0.10876345634460449
6 0 1 106 102011648 0.10439705848693848
7 0 1 107 102011648 0.10522246360778809
8 0 1 108 102011648 0.10513997077941895
9 0 1 109 102011648 0.10427236557006836
10 0 1 110 102011648 0.1062312126159668
11 0 1 111 102011648 0.09972357749938965
12 0 1 112 102011648 0.10383319854736328
13 0 1 113 102011648 0.10982871055603027
14 0 1 114 102011648 0.10173916816711426
15 0 1 115 102011648 0.10539555549621582
16 0 1 116 102011648 0.10842490196228027
17 0 1 117 102011648 0.10686492919921875
18 0 1 118 102011648 0.09935832023620605
