16
3 0 1 103 102011648 0.10271286964416504
4 0 1 104 102011648 0.10216975212097168
5 0 1 105 102011648 0.10267186164855957
6 0 1 106 102011648 0.10285234451293945
7 0 1 107 102011648 0.10276579856872559
8 0 1 108 102011648 0.10134696960449219
9 0 1 109 102011648 0.09888553619384766
10 0 1 110 102011648 0.10111784934997559
11 0 1 111 102011648 0.09815621376037598
12 0 1 112 102011648 0.10179424285888672
13 0 1 113 102011648 0.10249137878417969
14 0 1 114 102011648 0.10175657272338867
15 0 1 115 102011648 0.09962701797485352
16 0 1 116 102011648 0.10093307495117188
17 0 1 117 102011648 0.10256266593933105
18 0 1 118 102011648 0.10063600540161133
