2 1 0.00 50000
1 2 0.00 50000
2 1 0.00 100000
1 2 0.00 100000
2 1 0.00 150000
1 2 0.00 150000
2 1 0.00 200000
1 2 0.00 200000
2 1 0.00 250000
1 2 0.00 250000
2 1 0.00 300000
1 2 0.00 300000
2 1 0.00 350000
1 2 0.00 350000
2 1 0.00 400000
1 2 0.00 400000
2 1 0.00 450000
1 2 0.00 450000
2 1 0.00 500000
1 2 0.00 500000
2 1 0.00 550000
1 2 0.00 550000
2 1 0.00 600000
1 2 0.00 600000
2 1 0.00 650000
1 2 0.00 650000
2 1 0.00 700000
1 2 0.00 700000
2 1 0.00 750000
1 2 0.00 750000
2 1 0.00 800000
1 2 0.00 800000
2 1 0.00 850000
1 2 0.00 850000
2 1 0.00 900000
1 2 0.00 900000
2 1 0.00 950000
1 2 0.00 950000
2 1 0.00 1000000
1 2 0.00 1000000
2 1 0.00 1050000
1 2 0.00 1050000
2 1 0.00 1100000
1 2 0.00 1100000
2 1 0.00 1150000
1 2 0.00 1150000
2 1 0.00 1200000
1 2 0.00 1200000
2 1 0.00 1250000
1 2 0.00 1250000
2 1 0.00 1300000
1 2 0.00 1300000
2 1 0.00 1350000
1 2 0.00 1350000
2 1 0.00 1400000
1 2 0.00 1400000
2 1 0.00 1450000
1 2 0.00 1450000
2 1 0.00 1500000
1 2 0.00 1500000
2 1 0.00 1550000
1 2 0.00 1550000
2 1 0.00 1600000
1 2 0.00 1600000
2 1 0.00 1650000
1 2 0.00 1650000
2 1 0.00 1700000
1 2 0.00 1700000
2 1 0.00 1750000
1 2 0.00 1750000
2 1 0.00 1800000
1 2 0.00 1800000
2 1 0.00 1850000
1 2 0.00 1850000
2 1 0.00 1900000
1 2 0.00 1900000
2 1 0.00 1950000
1 2 0.00 1950000
2 1 0.00 2000000
1 2 0.00 2000000
2 1 0.00 2050000
1 2 0.00 2050000
2 1 0.00 2100000
1 2 0.00 2100000
2 1 0.00 2150000
1 2 0.00 2150000
2 1 0.00 2200000
1 2 0.00 2200000
2 1 0.00 2250000
1 2 0.00 2250000
2 1 0.00 2300000
1 2 0.00 2300000
2 1 0.00 2350000
1 2 0.00 2350000
2 1 0.00 2400000
1 2 0.00 2400000
2 1 0.00 2450000
1 2 0.00 2450000
2 1 0.00 2500000
1 2 0.00 2500000
2 1 0.00 2550000
1 2 0.00 2550000
2 1 0.00 2600000
1 2 0.00 2600000
2 1 0.00 2650000
1 2 0.00 2650000
2 1 0.00 2700000
1 2 0.00 2700000
2 1 0.00 2750000
1 2 0.00 2750000
2 1 0.00 2800000
1 2 0.00 2800000
2 1 0.00 2850000
1 2 0.00 2850000
2 1 0.00 2900000
1 2 0.00 2900000
2 1 0.00 2950000
1 2 0.00 2950000
2 1 0.00 3000000
1 2 0.00 3000000
2 1 0.00 3050000
1 2 0.00 3050000
2 1 0.00 3100000
1 2 0.00 3100000
2 1 0.00 3150000
1 2 0.00 3150000
2 1 0.00 3200000
1 2 0.00 3200000
2 1 0.00 3250000
1 2 0.00 3250000
2 1 0.00 3300000
1 2 0.00 3300000
2 1 0.00 3350000
1 2 0.00 3350000
2 1 0.00 3400000
1 2 0.00 3400000
2 1 0.00 3450000
1 2 0.00 3450000
2 1 0.00 3500000
1 2 0.00 3500000
2 1 0.00 3550000
1 2 0.00 3550000
2 1 0.00 3600000
1 2 0.00 3600000
2 1 0.00 3650000
1 2 0.00 3650000
2 1 0.00 3700000
1 2 0.00 3700000
2 1 0.00 3750000
1 2 0.00 3750000
2 1 0.00 3800000
1 2 0.00 3800000
2 1 0.00 3850000
1 2 0.00 3850000
2 1 0.00 3900000
1 2 0.00 3900000
2 1 0.00 3950000
1 2 0.00 3950000
2 1 0.00 4000000
1 2 0.00 4000000
2 1 0.00 4050000
1 2 0.00 4050000
2 1 0.00 4100000
1 2 0.00 4100000
2 1 0.00 4150000
1 2 0.00 4150000
2 1 0.00 4200000
1 2 0.00 4200000
2 1 0.00 4250000
1 2 0.00 4250000
2 1 0.00 4300000
1 2 0.00 4300000
2 1 0.00 4350000
1 2 0.00 4350000
2 1 0.00 4400000
1 2 0.00 4400000
2 1 0.00 4450000
1 2 0.00 4450000
2 1 0.00 4500000
1 2 0.00 4500000
2 1 0.00 4550000
1 2 0.00 4550000
2 1 0.00 4600000
1 2 0.00 4600000
2 1 0.00 4650000
1 2 0.00 4650000
2 1 0.00 4700000
1 2 0.00 4700000
2 1 0.00 4750000
1 2 0.00 4750000
2 1 0.00 4800000
1 2 0.00 4800000
2 1 0.00 4850000
1 2 0.00 4850000
2 1 0.00 4900000
1 2 0.00 4900000
2 1 0.00 4950000
1 2 0.00 4950000
2 1 0.00 5000000
1 2 0.00 5000000
2 1 0.00 5050000
1 2 0.00 5050000
2 1 0.00 5100000
1 2 0.00 5100000
2 1 0.00 5150000
1 2 0.00 5150000
2 1 0.00 5200000
1 2 0.00 5200000
2 1 0.00 5250000
1 2 0.00 5250000
2 1 0.00 5300000
1 2 0.00 5300000
2 1 0.00 5350000
1 2 0.00 5350000
2 1 0.00 5400000
1 2 0.00 5400000
2 1 0.00 5450000
1 2 0.00 5450000
2 1 0.00 5500000
1 2 0.00 5500000
2 1 0.00 5550000
1 2 0.00 5550000
2 1 0.00 5600000
1 2 0.00 5600000
2 1 0.00 5650000
1 2 0.00 5650000
2 1 0.00 5700000
1 2 0.00 5700000
2 1 0.00 5750000
1 2 0.00 5750000
2 1 0.00 5800000
1 2 0.00 5800000
2 1 0.00 5850000
1 2 0.00 5850000
2 1 0.00 5900000
1 2 0.00 5900000
2 1 0.00 5950000
1 2 0.00 5950000
2 1 0.00 6000000
1 2 0.00 6000000
2 1 0.00 6050000
1 2 0.00 6050000
2 1 0.00 6100000
1 2 0.00 6100000
2 1 0.00 6150000
1 2 0.00 6150000
2 1 0.00 6200000
1 2 0.00 6200000
2 1 0.00 6250000
1 2 0.00 6250000
2 1 0.00 6300000
1 2 0.00 6300000
2 1 0.00 6350000
1 2 0.00 6350000
2 1 0.00 6400000
1 2 0.00 6400000
2 1 0.00 6450000
1 2 0.00 6450000
2 1 0.00 6500000
1 2 0.00 6500000
2 1 0.00 6550000
1 2 0.00 6550000
2 1 0.00 6600000
1 2 0.00 6600000
2 1 0.00 6650000
1 2 0.00 6650000
2 1 0.00 6700000
1 2 0.00 6700000
2 1 0.00 6750000
1 2 0.00 6750000
2 1 0.00 6800000
1 2 0.00 6800000
2 1 0.00 6850000
1 2 0.00 6850000
2 1 0.00 6900000
1 2 0.00 6900000
2 1 0.00 6950000
1 2 0.00 6950000
2 1 0.00 7000000
1 2 0.00 7000000
2 1 0.00 7050000
1 2 0.00 7050000
2 1 0.00 7100000
1 2 0.00 7100000
2 1 0.00 7150000
1 2 0.00 7150000
2 1 0.00 7200000
1 2 0.00 7200000
2 1 0.00 7250000
1 2 0.00 7250000
2 1 0.00 7300000
1 2 0.00 7300000
2 1 0.00 7350000
1 2 0.00 7350000
2 1 0.00 7400000
1 2 0.00 7400000
2 1 0.00 7450000
1 2 0.00 7450000
2 1 0.00 7500000
1 2 0.00 7500000
2 1 0.00 7550000
1 2 0.00 7550000
2 1 0.00 7600000
1 2 0.00 7600000
2 1 0.00 7650000
1 2 0.00 7650000
2 1 0.00 7700000
1 2 0.00 7700000
2 1 0.00 7750000
1 2 0.00 7750000
2 1 0.00 7800000
1 2 0.00 7800000
2 1 0.00 7850000
1 2 0.00 7850000
2 1 0.00 7900000
1 2 0.00 7900000
2 1 0.00 7950000
1 2 0.00 7950000
2 1 0.00 8000000
1 2 0.00 8000000
2 1 0.00 8050000
1 2 0.00 8050000
2 1 0.00 8100000
1 2 0.00 8100000
2 1 0.00 8150000
1 2 0.00 8150000
2 1 0.00 8200000
1 2 0.00 8200000
2 1 0.00 8250000
1 2 0.00 8250000
2 1 0.00 8300000
1 2 0.00 8300000
2 1 0.00 8350000
1 2 0.00 8350000
2 1 0.00 8400000
1 2 0.00 8400000
2 1 0.00 8450000
1 2 0.00 8450000
2 1 0.00 8500000
1 2 0.00 8500000
2 1 0.00 8550000
1 2 0.00 8550000
2 1 0.00 8600000
1 2 0.00 8600000
2 1 0.00 8650000
1 2 0.00 8650000
2 1 0.00 8700000
1 2 0.00 8700000
2 1 0.00 8750000
1 2 0.00 8750000
2 1 0.00 8800000
1 2 0.00 8800000
2 1 0.00 8850000
1 2 0.00 8850000
2 1 0.00 8900000
1 2 0.00 8900000
2 1 0.00 8950000
1 2 0.00 8950000
2 1 0.00 9000000
1 2 0.00 9000000
2 1 0.00 9050000
1 2 0.00 9050000
2 1 0.00 9100000
1 2 0.00 9100000
2 1 0.00 9150000
1 2 0.00 9150000
2 1 0.00 9200000
1 2 0.00 9200000
2 1 0.00 9250000
1 2 0.00 9250000
2 1 0.00 9300000
1 2 0.00 9300000
2 1 0.00 9350000
1 2 0.00 9350000
2 1 0.00 9400000
1 2 0.00 9400000
2 1 0.00 9450000
1 2 0.00 9450000
2 1 0.00 9500000
1 2 0.00 9500000
2 1 0.00 9550000
1 2 0.00 9550000
2 1 0.00 9600000
1 2 0.00 9600000
2 1 0.00 9650000
1 2 0.00 9650000
2 1 0.00 9700000
1 2 0.00 9700000
2 1 0.00 9750000
1 2 0.00 9750000
2 1 0.00 9800000
1 2 0.00 9800000
2 1 0.00 9850000
1 2 0.00 9850000
2 1 0.00 9900000
1 2 0.00 9900000
2 1 0.00 9950000
1 2 0.00 9950000
2 1 0.00 10000000
1 2 0.00 10000000
2 1 45.11 10050000
1 2 1.70 10050000
2 1 50.14 10100000
1 2 2.87 10100000
2 1 50.30 10150000
1 2 2.88 10150000
2 1 50.14 10200000
1 2 2.87 10200000
2 1 50.30 10250000
1 2 2.88 10250000
2 1 50.14 10300000
1 2 2.87 10300000
2 1 50.14 10350000
1 2 2.87 10350000
2 1 50.30 10400000
1 2 2.88 10400000
2 1 50.14 10450000
1 2 2.87 10450000
2 1 50.30 10500000
1 2 2.88 10500000
2 1 50.14 10550000
1 2 2.87 10550000
2 1 50.14 10600000
1 2 2.87 10600000
2 1 50.30 10650000
1 2 2.88 10650000
2 1 50.14 10700000
1 2 2.87 10700000
2 1 50.30 10750000
1 2 2.88 10750000
2 1 50.14 10800000
1 2 2.87 10800000
2 1 50.14 10850000
1 2 2.88 10850000
2 1 50.30 10900000
1 2 2.87 10900000
2 1 50.14 10950000
1 2 2.87 10950000
2 1 50.30 11000000
1 2 2.88 11000000
2 1 50.14 11050000
1 2 2.87 11050000
2 1 50.14 11100000
1 2 2.88 11100000
2 1 50.30 11150000
1 2 2.87 11150000
2 1 50.14 11200000
1 2 2.87 11200000
2 1 50.30 11250000
1 2 2.88 11250000
2 1 50.14 11300000
1 2 2.87 11300000
2 1 50.14 11350000
1 2 2.88 11350000
2 1 50.30 11400000
1 2 2.87 11400000
2 1 50.14 11450000
1 2 2.87 11450000
2 1 50.30 11500000
1 2 2.88 11500000
2 1 50.14 11550000
1 2 2.87 11550000
2 1 50.14 11600000
1 2 2.88 11600000
2 1 50.30 11650000
1 2 2.87 11650000
2 1 50.14 11700000
1 2 2.87 11700000
2 1 50.30 11750000
1 2 2.88 11750000
2 1 50.14 11800000
1 2 2.87 11800000
2 1 50.14 11850000
1 2 2.88 11850000
2 1 50.30 11900000
1 2 2.87 11900000
2 1 50.14 11950000
1 2 2.87 11950000
2 1 50.30 12000000
1 2 2.88 12000000
2 1 50.14 12050000
1 2 2.87 12050000
2 1 50.14 12100000
1 2 2.88 12100000
2 1 50.30 12150000
1 2 2.87 12150000
2 1 50.14 12200000
1 2 2.87 12200000
2 1 50.30 12250000
1 2 2.88 12250000
2 1 50.14 12300000
1 2 2.87 12300000
2 1 50.14 12350000
1 2 2.88 12350000
2 1 50.30 12400000
1 2 2.87 12400000
2 1 50.14 12450000
1 2 2.87 12450000
2 1 50.30 12500000
1 2 2.88 12500000
2 1 50.14 12550000
1 2 2.87 12550000
2 1 50.14 12600000
1 2 2.88 12600000
2 1 50.30 12650000
1 2 2.87 12650000
2 1 50.14 12700000
1 2 2.87 12700000
2 1 50.30 12750000
1 2 2.88 12750000
2 1 50.14 12800000
1 2 2.87 12800000
2 1 50.14 12850000
1 2 2.88 12850000
2 1 50.30 12900000
1 2 2.87 12900000
2 1 50.14 12950000
1 2 2.87 12950000
2 1 50.30 13000000
1 2 2.88 13000000
2 1 50.14 13050000
1 2 2.87 13050000
2 1 50.14 13100000
1 2 2.88 13100000
2 1 50.30 13150000
1 2 2.87 13150000
2 1 50.14 13200000
1 2 2.87 13200000
2 1 50.30 13250000
1 2 2.88 13250000
2 1 50.14 13300000
1 2 2.87 13300000
2 1 50.14 13350000
1 2 2.88 13350000
2 1 50.30 13400000
1 2 2.87 13400000
2 1 50.14 13450000
1 2 2.87 13450000
2 1 50.30 13500000
1 2 2.88 13500000
2 1 50.14 13550000
1 2 2.87 13550000
2 1 50.14 13600000
1 2 2.88 13600000
2 1 50.30 13650000
1 2 2.87 13650000
2 1 50.14 13700000
1 2 2.87 13700000
2 1 50.30 13750000
1 2 2.88 13750000
2 1 50.14 13800000
1 2 2.87 13800000
2 1 50.14 13850000
1 2 2.88 13850000
2 1 50.30 13900000
1 2 2.87 13900000
2 1 50.14 13950000
1 2 2.87 13950000
2 1 50.30 14000000
1 2 2.88 14000000
2 1 50.14 14050000
1 2 2.87 14050000
2 1 50.14 14100000
1 2 2.88 14100000
2 1 50.30 14150000
1 2 2.87 14150000
2 1 50.14 14200000
1 2 2.87 14200000
2 1 50.30 14250000
1 2 2.88 14250000
2 1 50.14 14300000
1 2 2.87 14300000
2 1 50.14 14350000
1 2 2.88 14350000
2 1 50.30 14400000
1 2 2.87 14400000
2 1 50.14 14450000
1 2 2.87 14450000
2 1 50.30 14500000
1 2 2.88 14500000
2 1 50.14 14550000
1 2 2.87 14550000
2 1 50.14 14600000
1 2 2.88 14600000
2 1 50.30 14650000
1 2 2.87 14650000
2 1 50.14 14700000
1 2 2.87 14700000
2 1 50.30 14750000
1 2 2.88 14750000
2 1 50.14 14800000
1 2 2.87 14800000
2 1 50.14 14850000
1 2 2.88 14850000
2 1 50.30 14900000
1 2 2.87 14900000
2 1 50.14 14950000
1 2 2.87 14950000
2 1 50.30 15000000
1 2 2.88 15000000
2 1 50.14 15050000
1 2 2.87 15050000
2 1 50.14 15100000
1 2 2.88 15100000
2 1 50.30 15150000
1 2 2.87 15150000
2 1 50.14 15200000
1 2 2.87 15200000
2 1 50.30 15250000
1 2 2.88 15250000
2 1 50.14 15300000
1 2 2.87 15300000
2 1 50.14 15350000
1 2 2.88 15350000
2 1 50.30 15400000
1 2 2.87 15400000
2 1 50.14 15450000
1 2 2.87 15450000
2 1 50.30 15500000
1 2 2.88 15500000
2 1 50.14 15550000
1 2 2.87 15550000
2 1 50.14 15600000
1 2 2.88 15600000
2 1 50.30 15650000
1 2 2.87 15650000
2 1 50.14 15700000
1 2 2.87 15700000
2 1 50.30 15750000
1 2 2.88 15750000
2 1 50.14 15800000
1 2 2.87 15800000
2 1 50.14 15850000
1 2 2.88 15850000
2 1 50.30 15900000
1 2 2.87 15900000
2 1 50.14 15950000
1 2 2.87 15950000
2 1 50.30 16000000
1 2 2.88 16000000
2 1 50.14 16050000
1 2 2.87 16050000
2 1 50.30 16100000
1 2 2.88 16100000
2 1 50.14 16150000
1 2 2.87 16150000
2 1 50.14 16200000
1 2 2.87 16200000
2 1 50.30 16250000
1 2 2.88 16250000
2 1 50.14 16300000
1 2 2.87 16300000
2 1 50.30 16350000
1 2 2.88 16350000
2 1 50.14 16400000
1 2 2.87 16400000
2 1 50.14 16450000
1 2 2.87 16450000
2 1 50.30 16500000
1 2 2.88 16500000
2 1 50.14 16550000
1 2 2.87 16550000
2 1 50.30 16600000
1 2 2.88 16600000
2 1 50.14 16650000
1 2 2.87 16650000
2 1 50.14 16700000
1 2 2.87 16700000
2 1 50.30 16750000
1 2 2.88 16750000
2 1 50.14 16800000
1 2 2.87 16800000
2 1 50.30 16850000
1 2 2.88 16850000
2 1 50.14 16900000
1 2 2.87 16900000
2 1 50.14 16950000
1 2 2.87 16950000
2 1 50.30 17000000
1 2 2.88 17000000
2 1 50.14 17050000
1 2 2.87 17050000
2 1 50.30 17100000
1 2 2.88 17100000
2 1 50.14 17150000
1 2 2.87 17150000
2 1 50.14 17200000
1 2 2.87 17200000
2 1 50.30 17250000
1 2 2.88 17250000
2 1 50.14 17300000
1 2 2.87 17300000
2 1 50.30 17350000
1 2 2.88 17350000
2 1 50.14 17400000
1 2 2.87 17400000
2 1 50.14 17450000
1 2 2.87 17450000
2 1 50.30 17500000
1 2 2.88 17500000
2 1 50.14 17550000
1 2 2.87 17550000
2 1 50.30 17600000
1 2 2.88 17600000
2 1 50.14 17650000
1 2 2.87 17650000
2 1 50.14 17700000
1 2 2.87 17700000
2 1 50.30 17750000
1 2 2.88 17750000
2 1 50.14 17800000
1 2 2.87 17800000
2 1 50.30 17850000
1 2 2.88 17850000
2 1 50.14 17900000
1 2 2.87 17900000
2 1 50.14 17950000
1 2 2.87 17950000
2 1 50.30 18000000
1 2 2.88 18000000
2 1 50.14 18050000
1 2 2.87 18050000
2 1 50.30 18100000
1 2 2.88 18100000
2 1 50.14 18150000
1 2 2.87 18150000
2 1 50.14 18200000
1 2 2.87 18200000
2 1 50.30 18250000
1 2 2.88 18250000
2 1 50.14 18300000
1 2 2.87 18300000
2 1 50.30 18350000
1 2 2.88 18350000
2 1 50.14 18400000
1 2 2.87 18400000
2 1 50.14 18450000
1 2 2.87 18450000
2 1 50.30 18500000
1 2 2.88 18500000
2 1 50.14 18550000
1 2 2.87 18550000
2 1 50.30 18600000
1 2 2.88 18600000
2 1 50.14 18650000
1 2 2.87 18650000
2 1 50.14 18700000
1 2 2.87 18700000
2 1 50.30 18750000
1 2 2.88 18750000
2 1 50.14 18800000
1 2 2.87 18800000
2 1 50.30 18850000
1 2 2.88 18850000
2 1 50.14 18900000
1 2 2.87 18900000
2 1 50.14 18950000
1 2 2.87 18950000
2 1 50.30 19000000
1 2 2.88 19000000
2 1 50.14 19050000
1 2 2.87 19050000
2 1 50.30 19100000
1 2 2.88 19100000
2 1 50.14 19150000
1 2 2.87 19150000
2 1 50.14 19200000
1 2 2.88 19200000
2 1 50.30 19250000
1 2 2.87 19250000
2 1 50.14 19300000
1 2 2.87 19300000
2 1 50.30 19350000
1 2 2.88 19350000
2 1 50.14 19400000
1 2 2.87 19400000
2 1 50.14 19450000
1 2 2.88 19450000
2 1 50.30 19500000
1 2 2.87 19500000
2 1 50.14 19550000
1 2 2.87 19550000
2 1 50.30 19600000
1 2 2.88 19600000
2 1 50.14 19650000
1 2 2.87 19650000
2 1 50.14 19700000
1 2 2.88 19700000
2 1 50.30 19750000
1 2 2.87 19750000
2 1 50.14 19800000
1 2 2.87 19800000
2 1 50.30 19850000
1 2 2.88 19850000
2 1 50.14 19900000
1 2 2.87 19900000
2 1 50.14 19950000
1 2 2.88 19950000
2 1 50.30 20000000
1 2 2.87 20000000
2 1 50.14 20050000
1 2 2.87 20050000
2 1 50.30 20100000
1 2 2.88 20100000
2 1 50.14 20150000
1 2 2.87 20150000
2 1 40.75 20200000
1 2 2.88 20200000
2 1 0.17 20250000
1 2 0.35 20250000
2 1 0.34 20300000
1 2 0.01 20300000
2 1 0.17 20350000
1 2 0.01 20350000
2 1 0.17 20400000
1 2 0.02 20400000
2 1 0.17 20450000
1 2 0.01 20450000
2 1 0.17 20500000
1 2 0.01 20500000
2 1 0.34 20550000
1 2 0.01 20550000
2 1 0.17 20600000
1 2 0.01 20600000
2 1 0.17 20650000
1 2 0.02 20650000
2 1 0.17 20700000
1 2 0.01 20700000
2 1 0.17 20750000
1 2 0.01 20750000
2 1 0.34 20800000
1 2 0.01 20800000
2 1 0.17 20850000
1 2 0.02 20850000
2 1 0.17 20900000
1 2 0.01 20900000
2 1 0.17 20950000
1 2 0.01 20950000
2 1 0.34 21000000
1 2 0.01 21000000
2 1 0.17 21050000
1 2 0.01 21050000
2 1 9.89 21100000
1 2 0.13 21100000
2 1 37.22 21150000
1 2 1.69 21150000
2 1 50.30 21200000
1 2 2.88 21200000
2 1 50.14 21250000
1 2 2.87 21250000
2 1 50.14 21300000
1 2 2.88 21300000
2 1 50.30 21350000
1 2 2.87 21350000
2 1 50.14 21400000
1 2 2.87 21400000
2 1 50.30 21450000
1 2 2.88 21450000
2 1 50.14 21500000
1 2 2.87 21500000
2 1 50.14 21550000
1 2 2.88 21550000
2 1 50.30 21600000
1 2 2.87 21600000
2 1 50.14 21650000
1 2 2.87 21650000
2 1 50.30 21700000
1 2 2.88 21700000
2 1 50.14 21750000
1 2 2.87 21750000
2 1 50.14 21800000
1 2 2.88 21800000
2 1 50.30 21850000
1 2 2.87 21850000
2 1 50.14 21900000
1 2 2.87 21900000
2 1 50.30 21950000
1 2 2.88 21950000
2 1 50.14 22000000
1 2 2.87 22000000
2 1 50.14 22050000
1 2 2.88 22050000
2 1 50.30 22100000
1 2 2.87 22100000
2 1 50.14 22150000
1 2 2.87 22150000
2 1 50.30 22200000
1 2 2.88 22200000
2 1 50.14 22250000
1 2 2.87 22250000
2 1 50.14 22300000
1 2 2.88 22300000
2 1 50.30 22350000
1 2 2.87 22350000
2 1 22.13 22400000
1 2 2.01 22400000
2 1 8.89 22450000
1 2 0.50 22450000
2 1 8.55 22500000
1 2 0.49 22500000
2 1 8.72 22550000
1 2 0.50 22550000
2 1 8.55 22600000
1 2 0.49 22600000
2 1 8.72 22650000
1 2 0.50 22650000
2 1 8.55 22700000
1 2 0.49 22700000
2 1 8.72 22750000
1 2 0.50 22750000
2 1 8.55 22800000
1 2 0.49 22800000
2 1 8.72 22850000
1 2 0.51 22850000
2 1 8.55 22900000
1 2 0.49 22900000
2 1 8.89 22950000
1 2 0.50 22950000
2 1 8.72 23000000
1 2 0.49 23000000
2 1 8.55 23050000
1 2 0.50 23050000
2 1 8.72 23100000
1 2 0.50 23100000
2 1 8.55 23150000
1 2 0.49 23150000
2 1 8.72 23200000
1 2 0.50 23200000
2 1 19.45 23250000
1 2 0.80 23250000
2 1 41.92 23300000
1 2 2.13 23300000
2 1 41.92 23350000
1 2 2.40 23350000
2 1 41.92 23400000
1 2 2.41 23400000
2 1 41.92 23450000
1 2 2.40 23450000
2 1 41.92 23500000
1 2 2.39 23500000
2 1 41.92 23550000
1 2 2.40 23550000
2 1 41.92 23600000
1 2 2.41 23600000
2 1 42.09 23650000
1 2 2.40 23650000
2 1 41.92 23700000
1 2 2.40 23700000
2 1 41.75 23750000
1 2 2.40 23750000
2 1 42.09 23800000
1 2 2.40 23800000
2 1 41.92 23850000
1 2 2.40 23850000
2 1 41.92 23900000
1 2 2.40 23900000
2 1 41.92 23950000
1 2 2.40 23950000
2 1 41.92 24000000
1 2 2.40 24000000
2 1 41.92 24050000
1 2 2.40 24050000
2 1 41.92 24100000
1 2 2.40 24100000
2 1 47.12 24150000
1 2 2.56 24150000
2 1 50.30 24200000
1 2 2.87 24200000
2 1 50.14 24250000
1 2 2.87 24250000
2 1 50.30 24300000
1 2 2.88 24300000
2 1 50.14 24350000
1 2 2.87 24350000
2 1 50.14 24400000
1 2 2.88 24400000
2 1 50.30 24450000
1 2 2.87 24450000
2 1 50.14 24500000
1 2 2.87 24500000
2 1 50.30 24550000
1 2 2.88 24550000
2 1 50.14 24600000
1 2 2.87 24600000
2 1 50.14 24650000
1 2 2.88 24650000
2 1 50.30 24700000
1 2 2.87 24700000
2 1 50.14 24750000
1 2 2.87 24750000
2 1 50.30 24800000
1 2 2.88 24800000
2 1 31.86 24850000
1 2 2.19 24850000
2 1 29.18 24900000
1 2 1.68 24900000
2 1 29.34 24950000
1 2 1.67 24950000
2 1 29.34 25000000
1 2 1.68 25000000
2 1 29.34 25050000
1 2 1.68 25050000
2 1 29.18 25100000
1 2 1.68 25100000
2 1 29.34 25150000
1 2 1.67 25150000
2 1 29.34 25200000
1 2 1.68 25200000
2 1 29.18 25250000
1 2 1.68 25250000
2 1 29.34 25300000
1 2 1.67 25300000
2 1 29.34 25350000
1 2 1.68 25350000
2 1 29.34 25400000
1 2 1.68 25400000
2 1 29.18 25450000
1 2 1.68 25450000
2 1 29.34 25500000
1 2 1.67 25500000
2 1 29.34 25550000
1 2 1.68 25550000
2 1 29.18 25600000
1 2 1.68 25600000
2 1 37.73 25650000
1 2 1.90 25650000
2 1 43.93 25700000
1 2 2.51 25700000
2 1 43.93 25750000
1 2 2.52 25750000
2 1 43.93 25800000
1 2 2.52 25800000
2 1 43.93 25850000
1 2 2.52 25850000
2 1 44.10 25900000
1 2 2.52 25900000
2 1 43.93 25950000
1 2 2.52 25950000
2 1 43.93 26000000
1 2 2.52 26000000
2 1 43.93 26050000
1 2 2.52 26050000
2 1 43.93 26100000
1 2 2.52 26100000
2 1 44.10 26150000
1 2 2.52 26150000
2 1 43.93 26200000
1 2 2.52 26200000
2 1 43.93 26250000
1 2 2.52 26250000
2 1 43.93 26300000
1 2 2.52 26300000
2 1 43.93 26350000
1 2 2.52 26350000
2 1 43.93 26400000
1 2 2.52 26400000
2 1 44.10 26450000
1 2 2.52 26450000
2 1 43.93 26500000
1 2 2.52 26500000
2 1 47.79 26550000
1 2 2.62 26550000
2 1 50.14 26600000
1 2 2.87 26600000
2 1 50.14 26650000
1 2 2.88 26650000
2 1 50.30 26700000
1 2 2.87 26700000
2 1 50.14 26750000
1 2 2.87 26750000
2 1 50.30 26800000
1 2 2.88 26800000
2 1 50.14 26850000
1 2 2.87 26850000
2 1 50.14 26900000
1 2 2.88 26900000
2 1 50.30 26950000
1 2 2.87 26950000
2 1 50.14 27000000
1 2 2.87 27000000
2 1 50.30 27050000
1 2 2.88 27050000
2 1 50.14 27100000
1 2 2.87 27100000
2 1 50.14 27150000
1 2 2.88 27150000
2 1 50.30 27200000
1 2 2.87 27200000
2 1 50.14 27250000
1 2 2.87 27250000
2 1 50.30 27300000
1 2 2.88 27300000
2 1 50.14 27350000
1 2 2.87 27350000
2 1 50.14 27400000
1 2 2.88 27400000
2 1 50.30 27450000
1 2 2.87 27450000
2 1 50.14 27500000
1 2 2.87 27500000
2 1 50.30 27550000
1 2 2.88 27550000
2 1 50.14 27600000
1 2 2.87 27600000
2 1 50.14 27650000
1 2 2.88 27650000
2 1 50.30 27700000
1 2 2.87 27700000
2 1 50.14 27750000
1 2 2.87 27750000
2 1 50.30 27800000
1 2 2.88 27800000
2 1 50.14 27850000
1 2 2.87 27850000
2 1 50.14 27900000
1 2 2.88 27900000
2 1 50.30 27950000
1 2 2.87 27950000
2 1 50.14 28000000
1 2 2.87 28000000
2 1 46.11 28050000
1 2 2.88 28050000
2 1 36.05 28100000
1 2 2.07 28100000
2 1 36.05 28150000
1 2 2.07 28150000
2 1 36.05 28200000
1 2 2.06 28200000
2 1 36.22 28250000
1 2 2.06 28250000
2 1 36.05 28300000
1 2 2.06 28300000
2 1 36.05 28350000
1 2 2.06 28350000
2 1 36.05 28400000
1 2 2.06 28400000
2 1 36.05 28450000
1 2 2.06 28450000
2 1 36.05 28500000
1 2 2.06 28500000
2 1 36.22 28550000
1 2 2.06 28550000
2 1 35.88 28600000
1 2 2.07 28600000
2 1 36.22 28650000
1 2 2.06 28650000
2 1 36.05 28700000
1 2 2.05 28700000
2 1 36.05 28750000
1 2 2.07 28750000
2 1 36.05 28800000
1 2 2.06 28800000
2 1 41.08 28850000
1 2 2.19 28850000
2 1 45.61 28900000
1 2 2.61 28900000
2 1 45.44 28950000
1 2 2.60 28950000
2 1 45.61 29000000
1 2 2.61 29000000
2 1 45.61 29050000
1 2 2.61 29050000
2 1 45.44 29100000
1 2 2.60 29100000
2 1 45.61 29150000
1 2 2.61 29150000
2 1 45.61 29200000
1 2 2.60 29200000
2 1 45.44 29250000
1 2 2.61 29250000
2 1 45.61 29300000
1 2 2.61 29300000
2 1 45.44 29350000
1 2 2.60 29350000
2 1 45.61 29400000
1 2 2.61 29400000
2 1 45.61 29450000
1 2 2.61 29450000
2 1 45.61 29500000
1 2 2.60 29500000
2 1 45.44 29550000
1 2 2.61 29550000
2 1 45.61 29600000
1 2 2.60 29600000
2 1 45.61 29650000
1 2 2.61 29650000
2 1 45.44 29700000
1 2 2.61 29700000
2 1 48.12 29750000
1 2 2.67 29750000
2 1 50.14 29800000
1 2 2.87 29800000
2 1 50.14 29850000
1 2 2.87 29850000
2 1 50.30 29900000
1 2 2.88 29900000
2 1 50.14 29950000
1 2 2.87 29950000
2 1 50.30 30000000
1 2 2.88 30000000
2 1 50.14 30050000
1 2 2.87 30050000
2 1 50.14 30100000
1 2 2.88 30100000
2 1 50.30 30150000
1 2 2.87 30150000
2 1 50.14 30200000
1 2 2.87 30200000
2 1 50.30 30250000
1 2 2.88 30250000
2 1 50.14 30300000
1 2 2.87 30300000
2 1 50.14 30350000
1 2 2.88 30350000
2 1 22.64 30400000
1 2 1.84 30400000
2 1 18.44 30450000
1 2 1.07 30450000
2 1 18.78 30500000
1 2 1.07 30500000
2 1 18.78 30550000
1 2 1.07 30550000
2 1 18.61 30600000
1 2 1.08 30600000
2 1 18.61 30650000
1 2 1.07 30650000
2 1 18.61 30700000
1 2 1.07 30700000
2 1 18.78 30750000
1 2 1.07 30750000
2 1 18.61 30800000
1 2 1.07 30800000
2 1 18.61 30850000
1 2 1.08 30850000
2 1 18.61 30900000
1 2 1.07 30900000
2 1 18.61 30950000
1 2 1.07 30950000
2 1 18.78 31000000
1 2 1.08 31000000
2 1 18.61 31050000
1 2 1.07 31050000
2 1 18.61 31100000
1 2 1.07 31100000
2 1 28.67 31150000
1 2 1.20 31150000
2 1 43.76 31200000
1 2 2.51 31200000
2 1 50.14 31250000
1 2 2.76 31250000
2 1 50.14 31300000
1 2 2.87 31300000
2 1 50.30 31350000
1 2 2.88 31350000
2 1 50.14 31400000
1 2 2.87 31400000
2 1 50.14 31450000
1 2 2.88 31450000
2 1 50.30 31500000
1 2 2.87 31500000
2 1 50.14 31550000
1 2 2.87 31550000
2 1 50.30 31600000
1 2 2.88 31600000
2 1 50.14 31650000
1 2 2.87 31650000
2 1 50.14 31700000
1 2 2.88 31700000
2 1 50.30 31750000
1 2 2.87 31750000
2 1 50.14 31800000
1 2 2.87 31800000
2 1 50.30 31850000
1 2 2.88 31850000
2 1 34.37 31900000
1 2 2.30 31900000
2 1 31.02 31950000
1 2 1.78 31950000
2 1 30.85 32000000
1 2 1.77 32000000
2 1 31.02 32050000
1 2 1.78 32050000
2 1 30.85 32100000
1 2 1.77 32100000
2 1 30.85 32150000
1 2 1.78 32150000
2 1 31.02 32200000
1 2 1.77 32200000
2 1 30.85 32250000
1 2 1.77 32250000
2 1 30.85 32300000
1 2 1.78 32300000
2 1 30.85 32350000
1 2 1.77 32350000
2 1 31.02 32400000
1 2 1.77 32400000
2 1 30.85 32450000
1 2 1.77 32450000
2 1 30.85 32500000
1 2 1.78 32500000
2 1 30.85 32550000
1 2 1.77 32550000
2 1 31.02 32600000
1 2 1.77 32600000
2 1 30.85 32650000
1 2 1.77 32650000
2 1 36.72 32700000
1 2 1.90 32700000
2 1 45.11 32750000
1 2 2.54 32750000
2 1 45.27 32800000
1 2 2.58 32800000
2 1 45.27 32850000
1 2 2.59 32850000
2 1 45.11 32900000
1 2 2.58 32900000
2 1 45.27 32950000
1 2 2.59 32950000
2 1 45.11 33000000
1 2 2.59 33000000
2 1 45.27 33050000
1 2 2.58 33050000
2 1 45.11 33100000
1 2 2.59 33100000
2 1 45.27 33150000
1 2 2.58 33150000
2 1 45.27 33200000
1 2 2.59 33200000
2 1 45.11 33250000
1 2 2.58 33250000
2 1 45.27 33300000
1 2 2.59 33300000
2 1 45.11 33350000
1 2 2.59 33350000
2 1 45.27 33400000
1 2 2.58 33400000
2 1 45.27 33450000
1 2 2.59 33450000
2 1 45.11 33500000
1 2 2.58 33500000
2 1 45.11 33550000
1 2 2.59 33550000
2 1 47.96 33600000
1 2 2.65 33600000
2 1 50.14 33650000
1 2 2.87 33650000
2 1 50.14 33700000
1 2 2.87 33700000
2 1 50.30 33750000
1 2 2.88 33750000
2 1 50.14 33800000
1 2 2.87 33800000
2 1 50.30 33850000
1 2 2.88 33850000
2 1 50.14 33900000
1 2 2.87 33900000
2 1 50.14 33950000
1 2 2.87 33950000
2 1 50.30 34000000
1 2 2.88 34000000
2 1 50.14 34050000
1 2 2.87 34050000
2 1 50.30 34100000
1 2 2.88 34100000
2 1 50.14 34150000
1 2 2.87 34150000
2 1 50.14 34200000
1 2 2.87 34200000
2 1 50.30 34250000
1 2 2.88 34250000
2 1 50.14 34300000
1 2 2.87 34300000
2 1 50.30 34350000
1 2 2.88 34350000
2 1 50.14 34400000
1 2 2.87 34400000
2 1 50.14 34450000
1 2 2.87 34450000
2 1 50.30 34500000
1 2 2.88 34500000
2 1 50.14 34550000
1 2 2.87 34550000
2 1 50.30 34600000
1 2 2.88 34600000
2 1 50.14 34650000
1 2 2.87 34650000
2 1 50.14 34700000
1 2 2.87 34700000
2 1 50.30 34750000
1 2 2.88 34750000
2 1 50.14 34800000
1 2 2.87 34800000
2 1 50.30 34850000
1 2 2.88 34850000
2 1 50.14 34900000
1 2 2.87 34900000
2 1 50.14 34950000
1 2 2.87 34950000
2 1 50.30 35000000
1 2 2.88 35000000
2 1 50.14 35050000
1 2 2.87 35050000
2 1 47.79 35100000
1 2 2.85 35100000
2 1 44.44 35150000
1 2 2.53 35150000
2 1 44.10 35200000
1 2 2.52 35200000
2 1 44.44 35250000
1 2 2.53 35250000
2 1 44.27 35300000
1 2 2.53 35300000
2 1 44.27 35350000
1 2 2.54 35350000
2 1 44.27 35400000
1 2 2.53 35400000
2 1 44.27 35450000
1 2 2.53 35450000
2 1 44.27 35500000
1 2 2.53 35500000
2 1 44.27 35550000
1 2 2.53 35550000
2 1 44.27 35600000
1 2 2.54 35600000
2 1 44.44 35650000
1 2 2.52 35650000
2 1 46.28 35700000
1 2 2.58 35700000
2 1 48.79 35750000
1 2 2.79 35750000
2 1 48.79 35800000
1 2 2.79 35800000
2 1 48.79 35850000
1 2 2.79 35850000
2 1 48.63 35900000
1 2 2.78 35900000
2 1 48.79 35950000
1 2 2.79 35950000
2 1 48.96 36000000
1 2 2.79 36000000
2 1 48.79 36050000
1 2 2.79 36050000
2 1 48.79 36100000
1 2 2.79 36100000
2 1 48.79 36150000
1 2 2.79 36150000
2 1 48.79 36200000
1 2 2.79 36200000
2 1 48.63 36250000
1 2 2.79 36250000
2 1 48.79 36300000
1 2 2.79 36300000
2 1 48.79 36350000
1 2 2.79 36350000
2 1 48.79 36400000
1 2 2.79 36400000
2 1 48.79 36450000
1 2 2.78 36450000
2 1 48.79 36500000
1 2 2.80 36500000
2 1 48.79 36550000
1 2 2.79 36550000
2 1 49.63 36600000
1 2 2.81 36600000
2 1 50.14 36650000
1 2 2.87 36650000
2 1 50.14 36700000
1 2 2.88 36700000
2 1 50.30 36750000
1 2 2.87 36750000
2 1 50.14 36800000
1 2 2.87 36800000
2 1 50.30 36850000
1 2 2.88 36850000
2 1 50.14 36900000
1 2 2.87 36900000
2 1 50.14 36950000
1 2 2.88 36950000
2 1 50.30 37000000
1 2 2.87 37000000
2 1 50.14 37050000
1 2 2.87 37050000
2 1 50.30 37100000
1 2 2.88 37100000
2 1 50.14 37150000
1 2 2.87 37150000
2 1 50.14 37200000
1 2 2.88 37200000
2 1 50.30 37250000
1 2 2.87 37250000
2 1 50.14 37300000
1 2 2.87 37300000
2 1 50.30 37350000
1 2 2.88 37350000
2 1 50.14 37400000
1 2 2.87 37400000
2 1 50.14 37450000
1 2 2.88 37450000
2 1 50.30 37500000
1 2 2.87 37500000
2 1 50.14 37550000
1 2 2.87 37550000
2 1 50.30 37600000
1 2 2.88 37600000
2 1 50.14 37650000
1 2 2.87 37650000
2 1 50.14 37700000
1 2 2.88 37700000
2 1 50.30 37750000
1 2 2.87 37750000
2 1 50.14 37800000
1 2 2.87 37800000
2 1 50.30 37850000
1 2 2.88 37850000
2 1 50.14 37900000
1 2 2.87 37900000
2 1 50.14 37950000
1 2 2.88 37950000
2 1 50.30 38000000
1 2 2.87 38000000
2 1 50.14 38050000
1 2 2.87 38050000
2 1 50.30 38100000
1 2 2.88 38100000
2 1 50.14 38150000
1 2 2.87 38150000
2 1 50.14 38200000
1 2 2.88 38200000
2 1 50.30 38250000
1 2 2.87 38250000
2 1 50.14 38300000
1 2 2.87 38300000
2 1 50.30 38350000
1 2 2.88 38350000
2 1 50.14 38400000
1 2 2.87 38400000
2 1 50.14 38450000
1 2 2.88 38450000
2 1 50.30 38500000
1 2 2.87 38500000
2 1 50.14 38550000
1 2 2.87 38550000
2 1 45.94 38600000
1 2 2.75 38600000
2 1 43.43 38650000
1 2 2.50 38650000
2 1 43.43 38700000
1 2 2.49 38700000
2 1 43.43 38750000
1 2 2.48 38750000
2 1 43.43 38800000
1 2 2.49 38800000
2 1 43.26 38850000
1 2 2.49 38850000
2 1 43.60 38900000
1 2 2.49 38900000
2 1 43.26 38950000
1 2 2.49 38950000
2 1 43.43 39000000
1 2 2.49 39000000
2 1 43.43 39050000
1 2 2.49 39050000
2 1 43.43 39100000
1 2 2.49 39100000
2 1 43.43 39150000
1 2 2.49 39150000
2 1 43.60 39200000
1 2 2.49 39200000
2 1 45.27 39250000
1 2 2.53 39250000
2 1 47.96 39300000
1 2 2.74 39300000
2 1 47.96 39350000
1 2 2.74 39350000
2 1 47.96 39400000
1 2 2.75 39400000
2 1 47.79 39450000
1 2 2.75 39450000
2 1 47.96 39500000
1 2 2.74 39500000
2 1 47.96 39550000
1 2 2.75 39550000
2 1 47.96 39600000
1 2 2.75 39600000
2 1 47.79 39650000
1 2 2.75 39650000
2 1 47.96 39700000
1 2 2.74 39700000
2 1 47.96 39750000
1 2 2.75 39750000
2 1 47.79 39800000
1 2 2.75 39800000
2 1 47.96 39850000
1 2 2.74 39850000
2 1 47.96 39900000
1 2 2.75 39900000
2 1 33.54 39950000
1 2 2.18 39950000
2 1 33.03 40000000
1 2 1.89 40000000
2 1 48.46 40050000
1 2 2.48 40050000
2 1 50.14 40100000
1 2 2.87 40100000
2 1 50.14 40150000
1 2 2.88 40150000
2 1 50.30 40200000
1 2 2.87 40200000
2 1 50.14 40250000
1 2 2.87 40250000
2 1 42.09 40300000
1 2 2.74 40300000
2 1 31.69 40350000
1 2 1.81 40350000
2 1 31.86 40400000
1 2 1.82 40400000
2 1 31.86 40450000
1 2 1.81 40450000
2 1 31.69 40500000
1 2 1.82 40500000
2 1 31.86 40550000
1 2 1.82 40550000
2 1 31.69 40600000
1 2 1.81 40600000
2 1 31.86 40650000
1 2 1.82 40650000
2 1 31.86 40700000
1 2 1.82 40700000
2 1 31.86 40750000
1 2 1.81 40750000
2 1 31.69 40800000
1 2 1.82 40800000
2 1 31.69 40850000
1 2 1.81 40850000
2 1 31.86 40900000
1 2 1.82 40900000
2 1 31.86 40950000
1 2 1.81 40950000
2 1 31.69 41000000
1 2 1.82 41000000
2 1 32.03 41050000
1 2 1.82 41050000
2 1 31.69 41100000
1 2 1.82 41100000
2 1 44.10 41150000
1 2 2.20 41150000
2 1 50.30 41200000
1 2 2.88 41200000
2 1 50.14 41250000
1 2 2.87 41250000
2 1 50.14 41300000
1 2 2.88 41300000
2 1 50.30 41350000
1 2 2.87 41350000
2 1 50.14 41400000
1 2 2.87 41400000
2 1 50.30 41450000
1 2 2.88 41450000
2 1 50.14 41500000
1 2 2.87 41500000
2 1 50.14 41550000
1 2 2.88 41550000
2 1 50.30 41600000
1 2 2.87 41600000
2 1 50.14 41650000
1 2 2.87 41650000
2 1 50.30 41700000
1 2 2.88 41700000
2 1 50.14 41750000
1 2 2.87 41750000
2 1 47.12 41800000
1 2 2.88 41800000
2 1 34.21 41850000
1 2 2.06 41850000
2 1 34.37 41900000
1 2 1.97 41900000
2 1 34.21 41950000
1 2 1.96 41950000
2 1 34.37 42000000
1 2 1.96 42000000
2 1 34.37 42050000
1 2 1.97 42050000
2 1 34.21 42100000
1 2 1.97 42100000
2 1 34.37 42150000
1 2 1.96 42150000
2 1 34.21 42200000
1 2 1.96 42200000
2 1 34.37 42250000
1 2 1.97 42250000
2 1 34.37 42300000
1 2 1.97 42300000
2 1 34.21 42350000
1 2 1.96 42350000
2 1 34.21 42400000
1 2 1.97 42400000
2 1 34.37 42450000
1 2 1.96 42450000
2 1 34.37 42500000
1 2 1.97 42500000
2 1 34.21 42550000
1 2 1.97 42550000
2 1 40.08 42600000
1 2 2.11 42600000
2 1 45.94 42650000
1 2 2.60 42650000
2 1 45.78 42700000
1 2 2.62 42700000
2 1 45.94 42750000
1 2 2.62 42750000
2 1 45.78 42800000
1 2 2.63 42800000
2 1 45.78 42850000
1 2 2.62 42850000
2 1 45.78 42900000
1 2 2.63 42900000
2 1 45.94 42950000
1 2 2.62 42950000
2 1 45.94 43000000
1 2 2.63 43000000
2 1 45.78 43050000
1 2 2.62 43050000
2 1 45.94 43100000
1 2 2.63 43100000
2 1 45.78 43150000
1 2 2.62 43150000
2 1 45.94 43200000
1 2 2.63 43200000
2 1 45.78 43250000
1 2 2.62 43250000
2 1 45.78 43300000
1 2 2.63 43300000
2 1 45.94 43350000
1 2 2.62 43350000
2 1 45.78 43400000
1 2 2.63 43400000
2 1 45.94 43450000
1 2 2.62 43450000
2 1 48.29 43500000
1 2 2.69 43500000
2 1 50.14 43550000
1 2 2.87 43550000
2 1 50.30 43600000
1 2 2.88 43600000
2 1 50.14 43650000
1 2 2.87 43650000
2 1 50.14 43700000
1 2 2.88 43700000
2 1 50.30 43750000
1 2 2.87 43750000
2 1 50.14 43800000
1 2 2.87 43800000
2 1 50.30 43850000
1 2 2.88 43850000
2 1 50.14 43900000
1 2 2.87 43900000
2 1 50.14 43950000
1 2 2.88 43950000
2 1 50.30 44000000
1 2 2.87 44000000
2 1 50.14 44050000
1 2 2.87 44050000
2 1 50.30 44100000
1 2 2.88 44100000
2 1 50.14 44150000
1 2 2.87 44150000
2 1 50.14 44200000
1 2 2.88 44200000
2 1 50.30 44250000
1 2 2.87 44250000
2 1 50.14 44300000
1 2 2.87 44300000
2 1 50.30 44350000
1 2 2.88 44350000
2 1 50.14 44400000
1 2 2.87 44400000
2 1 50.14 44450000
1 2 2.88 44450000
2 1 50.30 44500000
1 2 2.87 44500000
2 1 50.14 44550000
1 2 2.87 44550000
2 1 50.30 44600000
1 2 2.88 44600000
2 1 50.14 44650000
1 2 2.87 44650000
2 1 50.30 44700000
1 2 2.88 44700000
2 1 50.14 44750000
1 2 2.87 44750000
2 1 50.14 44800000
1 2 2.87 44800000
2 1 50.30 44850000
1 2 2.88 44850000
2 1 50.14 44900000
1 2 2.87 44900000
2 1 50.30 44950000
1 2 2.88 44950000
2 1 50.14 45000000
1 2 2.87 45000000
2 1 50.14 45050000
1 2 2.87 45050000
2 1 45.44 45100000
1 2 2.76 45100000
2 1 40.91 45150000
1 2 2.34 45150000
2 1 40.91 45200000
1 2 2.35 45200000
2 1 41.08 45250000
1 2 2.34 45250000
2 1 41.08 45300000
1 2 2.35 45300000
2 1 40.91 45350000
1 2 2.34 45350000
2 1 40.91 45400000
1 2 2.34 45400000
2 1 41.08 45450000
1 2 2.35 45450000
2 1 40.91 45500000
1 2 2.34 45500000
2 1 41.08 45550000
1 2 2.35 45550000
2 1 40.91 45600000
1 2 2.34 45600000
2 1 41.08 45650000
1 2 2.35 45650000
2 1 40.91 45700000
1 2 2.34 45700000
2 1 41.08 45750000
1 2 2.35 45750000
2 1 44.44 45800000
1 2 2.47 45800000
2 1 47.96 45850000
1 2 2.70 45850000
2 1 47.79 45900000
1 2 2.75 45900000
2 1 47.96 45950000
1 2 2.75 45950000
2 1 47.96 46000000
1 2 2.74 46000000
2 1 47.96 46050000
1 2 2.75 46050000
2 1 47.79 46100000
1 2 2.75 46100000
2 1 47.96 46150000
1 2 2.74 46150000
2 1 47.96 46200000
1 2 2.75 46200000
2 1 47.79 46250000
1 2 2.75 46250000
2 1 47.96 46300000
1 2 2.75 46300000
2 1 47.96 46350000
1 2 2.74 46350000
2 1 47.96 46400000
1 2 2.75 46400000
2 1 47.79 46450000
1 2 2.75 46450000
2 1 47.96 46500000
1 2 2.75 46500000
2 1 47.96 46550000
1 2 2.74 46550000
2 1 47.96 46600000
1 2 2.75 46600000
2 1 47.96 46650000
1 2 2.75 46650000
2 1 49.47 46700000
1 2 2.79 46700000
2 1 50.30 46750000
1 2 2.88 46750000
2 1 50.14 46800000
1 2 2.87 46800000
2 1 50.30 46850000
1 2 2.88 46850000
2 1 50.14 46900000
1 2 2.87 46900000
2 1 50.14 46950000
1 2 2.87 46950000
2 1 50.30 47000000
1 2 2.88 47000000
2 1 50.14 47050000
1 2 2.87 47050000
2 1 50.30 47100000
1 2 2.88 47100000
2 1 50.14 47150000
1 2 2.87 47150000
2 1 50.14 47200000
1 2 2.88 47200000
2 1 50.30 47250000
1 2 2.87 47250000
2 1 50.14 47300000
1 2 2.87 47300000
2 1 50.30 47350000
1 2 2.88 47350000
2 1 50.14 47400000
1 2 2.87 47400000
2 1 50.14 47450000
1 2 2.88 47450000
2 1 50.30 47500000
1 2 2.87 47500000
2 1 50.14 47550000
1 2 2.87 47550000
2 1 50.30 47600000
1 2 2.88 47600000
2 1 50.14 47650000
1 2 2.87 47650000
2 1 50.14 47700000
1 2 2.88 47700000
2 1 50.30 47750000
1 2 2.87 47750000
2 1 50.14 47800000
1 2 2.87 47800000
2 1 50.30 47850000
1 2 2.88 47850000
2 1 50.14 47900000
1 2 2.87 47900000
2 1 50.14 47950000
1 2 2.88 47950000
2 1 50.30 48000000
1 2 2.87 48000000
2 1 50.14 48050000
1 2 2.87 48050000
2 1 50.30 48100000
1 2 2.88 48100000
2 1 50.14 48150000
1 2 2.87 48150000
2 1 50.14 48200000
1 2 2.88 48200000
2 1 50.30 48250000
1 2 2.87 48250000
2 1 50.14 48300000
1 2 2.87 48300000
2 1 50.30 48350000
1 2 2.88 48350000
2 1 50.14 48400000
1 2 2.87 48400000
2 1 42.76 48450000
1 2 2.61 48450000
2 1 41.25 48500000
1 2 2.36 48500000
2 1 41.25 48550000
1 2 2.35 48550000
2 1 41.08 48600000
1 2 2.37 48600000
2 1 41.42 48650000
1 2 2.35 48650000
2 1 41.25 48700000
1 2 2.37 48700000
2 1 41.25 48750000
1 2 2.35 48750000
2 1 41.25 48800000
1 2 2.36 48800000
2 1 41.25 48850000
1 2 2.36 48850000
2 1 41.25 48900000
1 2 2.36 48900000
2 1 41.25 48950000
1 2 2.36 48950000
2 1 41.25 49000000
1 2 2.36 49000000
2 1 41.25 49050000
1 2 2.37 49050000
2 1 41.58 49100000
1 2 2.36 49100000
2 1 43.60 49150000
1 2 2.42 49150000
2 1 47.45 49200000
1 2 2.70 49200000
2 1 47.29 49250000
1 2 2.71 49250000
2 1 47.29 49300000
1 2 2.71 49300000
2 1 47.29 49350000
1 2 2.72 49350000
2 1 47.29 49400000
1 2 2.71 49400000
2 1 47.29 49450000
1 2 2.71 49450000
2 1 47.45 49500000
1 2 2.71 49500000
2 1 47.29 49550000
1 2 2.71 49550000
2 1 47.29 49600000
1 2 2.72 49600000
2 1 47.29 49650000
1 2 2.71 49650000
2 1 47.29 49700000
1 2 2.71 49700000
2 1 47.45 49750000
1 2 2.71 49750000
2 1 47.29 49800000
1 2 2.71 49800000
2 1 47.29 49850000
1 2 2.71 49850000
2 1 47.29 49900000
1 2 2.72 49900000
2 1 47.29 49950000
1 2 2.71 49950000
2 1 47.45 50000000
1 2 2.71 50000000
2 1 48.63 50050000
1 2 2.75 50050000
2 1 50.14 50100000
1 2 2.86 50100000
2 1 50.14 50150000
1 2 2.88 50150000
2 1 50.30 50200000
1 2 2.87 50200000
2 1 50.14 50250000
1 2 2.87 50250000
2 1 50.30 50300000
1 2 2.88 50300000
2 1 50.14 50350000
1 2 2.87 50350000
2 1 50.14 50400000
1 2 2.88 50400000
2 1 50.30 50450000
1 2 2.87 50450000
2 1 50.14 50500000
1 2 2.87 50500000
2 1 50.30 50550000
1 2 2.88 50550000
2 1 50.14 50600000
1 2 2.87 50600000
2 1 50.14 50650000
1 2 2.88 50650000
2 1 50.30 50700000
1 2 2.87 50700000
2 1 50.14 50750000
1 2 2.87 50750000
2 1 50.30 50800000
1 2 2.88 50800000
2 1 50.14 50850000
1 2 2.87 50850000
2 1 50.14 50900000
1 2 2.88 50900000
2 1 50.30 50950000
1 2 2.87 50950000
2 1 50.14 51000000
1 2 2.87 51000000
2 1 50.30 51050000
1 2 2.88 51050000
2 1 50.14 51100000
1 2 2.87 51100000
2 1 50.14 51150000
1 2 2.88 51150000
2 1 50.30 51200000
1 2 2.87 51200000
2 1 50.14 51250000
1 2 2.87 51250000
2 1 50.30 51300000
1 2 2.88 51300000
2 1 50.14 51350000
1 2 2.87 51350000
2 1 50.14 51400000
1 2 2.88 51400000
2 1 50.30 51450000
1 2 2.87 51450000
2 1 50.14 51500000
1 2 2.87 51500000
2 1 50.30 51550000
1 2 2.88 51550000
2 1 50.14 51600000
1 2 2.87 51600000
2 1 50.14 51650000
1 2 2.88 51650000
2 1 50.30 51700000
1 2 2.87 51700000
2 1 50.14 51750000
1 2 2.87 51750000
2 1 50.30 51800000
1 2 2.88 51800000
2 1 50.14 51850000
1 2 2.87 51850000
2 1 50.14 51900000
1 2 2.88 51900000
2 1 50.30 51950000
1 2 2.87 51950000
2 1 50.14 52000000
1 2 2.87 52000000
2 1 50.30 52050000
1 2 2.88 52050000
2 1 50.14 52100000
1 2 2.87 52100000
2 1 50.14 52150000
1 2 2.88 52150000
2 1 50.30 52200000
1 2 2.87 52200000
2 1 50.14 52250000
1 2 2.87 52250000
2 1 50.30 52300000
1 2 2.88 52300000
2 1 50.14 52350000
1 2 2.87 52350000
2 1 50.14 52400000
1 2 2.88 52400000
2 1 50.30 52450000
1 2 2.87 52450000
2 1 50.14 52500000
1 2 2.87 52500000
2 1 50.30 52550000
1 2 2.88 52550000
2 1 50.14 52600000
1 2 2.87 52600000
2 1 47.62 52650000
1 2 2.78 52650000
2 1 46.62 52700000
1 2 2.68 52700000
2 1 46.78 52750000
1 2 2.67 52750000
2 1 46.62 52800000
1 2 2.68 52800000
2 1 46.78 52850000
1 2 2.68 52850000
2 1 46.78 52900000
1 2 2.67 52900000
2 1 46.62 52950000
1 2 2.67 52950000
2 1 47.45 53000000
1 2 2.70 53000000
2 1 48.12 53050000
1 2 2.76 53050000
2 1 49.30 53100000
1 2 2.79 53100000
2 1 49.63 53150000
1 2 2.85 53150000
2 1 49.80 53200000
1 2 2.84 53200000
2 1 49.63 53250000
1 2 2.84 53250000
2 1 49.63 53300000
1 2 2.84 53300000
2 1 49.47 53350000
1 2 2.84 53350000
2 1 49.80 53400000
1 2 2.84 53400000
2 1 49.63 53450000
1 2 2.84 53450000
2 1 49.63 53500000
1 2 2.84 53500000
2 1 49.63 53550000
1 2 2.84 53550000
2 1 49.63 53600000
1 2 2.84 53600000
2 1 49.63 53650000
1 2 2.84 53650000
2 1 49.63 53700000
1 2 2.84 53700000
2 1 49.63 53750000
1 2 2.84 53750000
2 1 49.63 53800000
1 2 2.84 53800000
2 1 49.63 53850000
1 2 2.84 53850000
2 1 49.80 53900000
1 2 2.84 53900000
2 1 50.30 53950000
1 2 2.88 53950000
2 1 50.14 54000000
1 2 2.87 54000000
2 1 50.30 54050000
1 2 2.88 54050000
2 1 50.14 54100000
1 2 2.87 54100000
2 1 50.14 54150000
1 2 2.87 54150000
2 1 50.30 54200000
1 2 2.88 54200000
2 1 50.14 54250000
1 2 2.87 54250000
2 1 50.30 54300000
1 2 2.88 54300000
2 1 50.14 54350000
1 2 2.87 54350000
2 1 50.14 54400000
1 2 2.87 54400000
2 1 50.30 54450000
1 2 2.88 54450000
2 1 50.14 54500000
1 2 2.87 54500000
2 1 50.30 54550000
1 2 2.88 54550000
2 1 50.14 54600000
1 2 2.87 54600000
2 1 50.14 54650000
1 2 2.87 54650000
2 1 50.30 54700000
1 2 2.88 54700000
2 1 50.14 54750000
1 2 2.87 54750000
2 1 50.30 54800000
1 2 2.88 54800000
2 1 50.14 54850000
1 2 2.87 54850000
2 1 50.14 54900000
1 2 2.87 54900000
2 1 50.30 54950000
1 2 2.88 54950000
2 1 50.14 55000000
1 2 2.87 55000000
2 1 50.30 55050000
1 2 2.88 55050000
2 1 50.14 55100000
1 2 2.87 55100000
2 1 50.14 55150000
1 2 2.87 55150000
2 1 50.30 55200000
1 2 2.88 55200000
2 1 50.14 55250000
1 2 2.87 55250000
2 1 50.30 55300000
1 2 2.88 55300000
2 1 50.14 55350000
1 2 2.87 55350000
2 1 50.14 55400000
1 2 2.87 55400000
2 1 50.30 55450000
1 2 2.88 55450000
2 1 50.14 55500000
1 2 2.87 55500000
2 1 50.30 55550000
1 2 2.88 55550000
2 1 50.14 55600000
1 2 2.87 55600000
2 1 50.14 55650000
1 2 2.87 55650000
2 1 50.30 55700000
1 2 2.88 55700000
2 1 50.14 55750000
1 2 2.87 55750000
2 1 50.30 55800000
1 2 2.88 55800000
2 1 50.14 55850000
1 2 2.87 55850000
2 1 50.14 55900000
1 2 2.88 55900000
2 1 50.30 55950000
1 2 2.87 55950000
2 1 50.14 56000000
1 2 2.87 56000000
2 1 48.96 56050000
1 2 2.87 56050000
2 1 46.45 56100000
1 2 2.66 56100000
2 1 46.45 56150000
1 2 2.66 56150000
2 1 46.45 56200000
1 2 2.66 56200000
2 1 46.45 56250000
1 2 2.66 56250000
2 1 46.45 56300000
1 2 2.66 56300000
2 1 46.28 56350000
1 2 2.65 56350000
2 1 46.62 56400000
1 2 2.66 56400000
2 1 46.28 56450000
1 2 2.66 56450000
2 1 46.62 56500000
1 2 2.66 56500000
2 1 48.79 56550000
1 2 2.76 56550000
2 1 49.30 56600000
1 2 2.82 56600000
2 1 49.30 56650000
1 2 2.82 56650000
2 1 49.13 56700000
1 2 2.81 56700000
2 1 49.30 56750000
1 2 2.82 56750000
2 1 49.30 56800000
1 2 2.82 56800000
2 1 49.30 56850000
1 2 2.82 56850000
2 1 49.13 56900000
1 2 2.81 56900000
2 1 49.30 56950000
1 2 2.82 56950000
2 1 49.30 57000000
1 2 2.82 57000000
2 1 49.30 57050000
1 2 2.82 57050000
2 1 49.30 57100000
1 2 2.82 57100000
2 1 49.13 57150000
1 2 2.81 57150000
2 1 49.30 57200000
1 2 2.82 57200000
2 1 49.30 57250000
1 2 2.82 57250000
2 1 49.30 57300000
1 2 2.82 57300000
2 1 49.13 57350000
1 2 2.81 57350000
2 1 49.47 57400000
1 2 2.82 57400000
2 1 50.14 57450000
1 2 2.86 57450000
2 1 50.14 57500000
1 2 2.87 57500000
2 1 50.14 57550000
1 2 2.87 57550000
2 1 50.30 57600000
1 2 2.88 57600000
2 1 50.14 57650000
1 2 2.87 57650000
2 1 50.30 57700000
1 2 2.88 57700000
2 1 50.14 57750000
1 2 2.87 57750000
2 1 50.14 57800000
1 2 2.87 57800000
2 1 50.30 57850000
1 2 2.88 57850000
2 1 50.14 57900000
1 2 2.87 57900000
2 1 50.30 57950000
1 2 2.88 57950000
2 1 50.14 58000000
1 2 2.87 58000000
2 1 50.14 58050000
1 2 2.87 58050000
2 1 50.30 58100000
1 2 2.88 58100000
2 1 50.14 58150000
1 2 2.87 58150000
2 1 50.30 58200000
1 2 2.88 58200000
2 1 50.14 58250000
1 2 2.87 58250000
2 1 50.14 58300000
1 2 2.87 58300000
2 1 50.30 58350000
1 2 2.88 58350000
2 1 50.14 58400000
1 2 2.87 58400000
2 1 50.30 58450000
1 2 2.88 58450000
2 1 50.14 58500000
1 2 2.87 58500000
2 1 50.14 58550000
1 2 2.87 58550000
2 1 50.30 58600000
1 2 2.88 58600000
2 1 50.14 58650000
1 2 2.87 58650000
2 1 47.79 58700000
1 2 2.88 58700000
2 1 38.40 58750000
1 2 2.26 58750000
2 1 38.40 58800000
1 2 2.20 58800000
2 1 38.23 58850000
1 2 2.20 58850000
2 1 38.40 58900000
1 2 2.20 58900000
2 1 38.40 58950000
1 2 2.20 58950000
2 1 38.40 59000000
1 2 2.19 59000000
2 1 38.40 59050000
1 2 2.20 59050000
2 1 38.23 59100000
1 2 2.20 59100000
2 1 38.40 59150000
1 2 2.20 59150000
2 1 38.40 59200000
1 2 2.20 59200000
2 1 38.90 59250000
1 2 2.22 59250000
2 1 38.73 59300000
1 2 2.22 59300000
2 1 38.90 59350000
1 2 2.23 59350000
2 1 38.90 59400000
1 2 2.23 59400000
2 1 38.90 59450000
1 2 2.23 59450000
2 1 38.90 59500000
1 2 2.23 59500000
2 1 38.73 59550000
1 2 2.22 59550000
2 1 38.90 59600000
1 2 2.23 59600000
2 1 38.90 59650000
1 2 2.23 59650000
2 1 38.90 59700000
1 2 2.22 59700000
2 1 38.73 59750000
1 2 2.23 59750000
2 1 38.90 59800000
1 2 2.23 59800000
2 1 38.73 59850000
1 2 2.22 59850000
2 1 39.07 59900000
1 2 2.23 59900000
2 1 38.90 59950000
1 2 2.23 59950000
2 1 38.73 60000000
1 2 2.23 60000000
2 1 38.90 60050000
1 2 2.23 60050000
2 1 38.90 60100000
1 2 2.23 60100000
2 1 39.07 60150000
1 2 2.23 60150000
2 1 39.24 60200000
1 2 2.25 60200000
2 1 39.24 60250000
1 2 2.25 60250000
2 1 39.24 60300000
1 2 2.25 60300000
2 1 39.24 60350000
1 2 2.25 60350000
2 1 39.24 60400000
1 2 2.25 60400000
2 1 39.07 60450000
1 2 2.24 60450000
2 1 39.24 60500000
1 2 2.25 60500000
2 1 39.07 60550000
1 2 2.25 60550000
2 1 39.24 60600000
1 2 2.25 60600000
2 1 39.24 60650000
1 2 2.24 60650000
2 1 39.24 60700000
1 2 2.25 60700000
2 1 39.24 60750000
1 2 2.25 60750000
2 1 39.24 60800000
1 2 2.24 60800000
2 1 39.07 60850000
1 2 2.25 60850000
2 1 39.24 60900000
1 2 2.25 60900000
2 1 39.24 60950000
1 2 2.25 60950000
2 1 39.24 61000000
1 2 2.25 61000000
2 1 39.40 61050000
1 2 2.26 61050000
2 1 39.40 61100000
1 2 2.26 61100000
2 1 39.57 61150000
1 2 2.27 61150000
2 1 39.40 61200000
1 2 2.26 61200000
2 1 39.57 61250000
1 2 2.27 61250000
2 1 39.40 61300000
1 2 2.26 61300000
2 1 39.40 61350000
1 2 2.27 61350000
2 1 39.57 61400000
1 2 2.26 61400000
2 1 39.40 61450000
1 2 2.27 61450000
2 1 39.57 61500000
1 2 2.25 61500000
2 1 39.40 61550000
1 2 2.27 61550000
2 1 39.57 61600000
1 2 2.26 61600000
2 1 39.40 61650000
1 2 2.27 61650000
2 1 39.57 61700000
1 2 2.26 61700000
2 1 39.40 61750000
1 2 2.27 61750000
2 1 39.57 61800000
1 2 2.26 61800000
2 1 39.40 61850000
1 2 2.27 61850000
2 1 39.57 61900000
1 2 2.26 61900000
2 1 39.74 61950000
1 2 2.28 61950000
2 1 39.74 62000000
1 2 2.28 62000000
2 1 39.74 62050000
1 2 2.28 62050000
2 1 39.74 62100000
1 2 2.28 62100000
2 1 39.74 62150000
1 2 2.28 62150000
2 1 39.74 62200000
1 2 2.28 62200000
2 1 39.74 62250000
1 2 2.28 62250000
2 1 39.91 62300000
1 2 2.28 62300000
2 1 39.74 62350000
1 2 2.28 62350000
2 1 39.74 62400000
1 2 2.28 62400000
2 1 39.74 62450000
1 2 2.28 62450000
2 1 39.91 62500000
1 2 2.28 62500000
2 1 39.74 62550000
1 2 2.28 62550000
2 1 39.74 62600000
1 2 2.28 62600000
2 1 39.74 62650000
1 2 2.28 62650000
2 1 39.74 62700000
1 2 2.28 62700000
2 1 39.74 62750000
1 2 2.28 62750000
2 1 39.74 62800000
1 2 2.28 62800000
2 1 40.08 62850000
1 2 2.28 62850000
2 1 39.91 62900000
1 2 2.28 62900000
2 1 40.08 62950000
1 2 2.29 62950000
2 1 39.91 63000000
1 2 2.28 63000000
2 1 40.08 63050000
1 2 2.29 63050000
2 1 39.91 63100000
1 2 2.28 63100000
2 1 40.08 63150000
1 2 2.29 63150000
2 1 39.91 63200000
1 2 2.28 63200000
2 1 40.08 63250000
1 2 2.29 63250000
2 1 39.91 63300000
1 2 2.28 63300000
2 1 40.08 63350000
1 2 2.29 63350000
2 1 40.08 63400000
1 2 2.28 63400000
2 1 39.91 63450000
1 2 2.29 63450000
2 1 40.08 63500000
1 2 2.28 63500000
2 1 39.91 63550000
1 2 2.29 63550000
2 1 40.08 63600000
1 2 2.28 63600000
2 1 39.91 63650000
1 2 2.29 63650000
2 1 40.08 63700000
1 2 2.28 63700000
2 1 40.08 63750000
1 2 2.29 63750000
2 1 40.08 63800000
1 2 2.30 63800000
2 1 40.24 63850000
1 2 2.29 63850000
2 1 40.08 63900000
1 2 2.30 63900000
2 1 40.08 63950000
1 2 2.29 63950000
2 1 40.08 64000000
1 2 2.29 64000000
2 1 40.24 64050000
1 2 2.29 64050000
2 1 40.08 64100000
1 2 2.30 64100000
2 1 40.08 64150000
1 2 2.29 64150000
2 1 40.24 64200000
1 2 2.29 64200000
2 1 40.08 64250000
1 2 2.30 64250000
2 1 40.08 64300000
1 2 2.29 64300000
2 1 40.08 64350000
1 2 2.29 64350000
2 1 40.24 64400000
1 2 2.30 64400000
2 1 40.08 64450000
1 2 2.29 64450000
2 1 40.24 64500000
1 2 2.29 64500000
2 1 40.08 64550000
1 2 2.29 64550000
2 1 40.24 64600000
1 2 2.30 64600000
2 1 40.24 64650000
1 2 2.30 64650000
2 1 40.41 64700000
1 2 2.31 64700000
2 1 40.41 64750000
1 2 2.31 64750000
2 1 40.24 64800000
1 2 2.30 64800000
2 1 40.41 64850000
1 2 2.31 64850000
2 1 34.37 64900000
1 2 2.28 64900000
2 1 22.80 64950000
1 2 1.31 64950000
2 1 22.80 65000000
1 2 1.31 65000000
2 1 22.80 65050000
1 2 1.31 65050000
2 1 22.80 65100000
1 2 1.31 65100000
2 1 22.64 65150000
1 2 1.31 65150000
2 1 22.80 65200000
1 2 1.31 65200000
2 1 22.80 65250000
1 2 1.31 65250000
2 1 22.80 65300000
1 2 1.30 65300000
2 1 22.80 65350000
1 2 1.31 65350000
2 1 22.80 65400000
1 2 1.31 65400000
2 1 22.80 65450000
1 2 1.31 65450000
2 1 22.80 65500000
1 2 1.31 65500000
2 1 22.80 65550000
1 2 1.31 65550000
2 1 22.97 65600000
1 2 1.32 65600000
2 1 22.80 65650000
1 2 1.31 65650000
2 1 22.97 65700000
1 2 1.32 65700000
2 1 22.97 65750000
1 2 1.32 65750000
2 1 22.80 65800000
1 2 1.31 65800000
2 1 22.97 65850000
1 2 1.32 65850000
2 1 22.80 65900000
1 2 1.31 65900000
2 1 22.97 65950000
1 2 1.32 65950000
2 1 22.97 66000000
1 2 1.32 66000000
2 1 22.80 66050000
1 2 1.31 66050000
2 1 22.97 66100000
1 2 1.32 66100000
2 1 22.80 66150000
1 2 1.32 66150000
2 1 22.97 66200000
1 2 1.31 66200000
2 1 22.97 66250000
1 2 1.32 66250000
2 1 22.80 66300000
1 2 1.31 66300000
2 1 22.97 66350000
1 2 1.32 66350000
2 1 22.97 66400000
1 2 1.32 66400000
2 1 22.80 66450000
1 2 1.31 66450000
2 1 22.97 66500000
1 2 1.32 66500000
2 1 22.97 66550000
1 2 1.32 66550000
2 1 22.97 66600000
1 2 1.32 66600000
2 1 22.97 66650000
1 2 1.32 66650000
2 1 22.97 66700000
1 2 1.32 66700000
2 1 22.97 66750000
1 2 1.32 66750000
2 1 22.97 66800000
1 2 1.32 66800000
2 1 22.97 66850000
1 2 1.32 66850000
2 1 22.97 66900000
1 2 1.32 66900000
2 1 22.97 66950000
1 2 1.32 66950000
2 1 22.97 67000000
1 2 1.32 67000000
2 1 22.97 67050000
1 2 1.32 67050000
2 1 22.97 67100000
1 2 1.32 67100000
2 1 22.97 67150000
1 2 1.32 67150000
2 1 22.97 67200000
1 2 1.32 67200000
2 1 22.97 67250000
1 2 1.32 67250000
2 1 22.97 67300000
1 2 1.32 67300000
2 1 23.14 67350000
1 2 1.32 67350000
2 1 23.14 67400000
1 2 1.32 67400000
2 1 22.97 67450000
1 2 1.32 67450000
2 1 23.14 67500000
1 2 1.32 67500000
2 1 23.14 67550000
1 2 1.32 67550000
2 1 23.14 67600000
1 2 1.32 67600000
2 1 22.97 67650000
1 2 1.32 67650000
2 1 23.14 67700000
1 2 1.32 67700000
2 1 23.14 67750000
1 2 1.32 67750000
2 1 23.14 67800000
1 2 1.32 67800000
2 1 22.97 67850000
1 2 1.32 67850000
2 1 23.14 67900000
1 2 1.32 67900000
2 1 23.14 67950000
1 2 1.32 67950000
2 1 22.97 68000000
1 2 1.32 68000000
2 1 23.14 68050000
1 2 1.32 68050000
2 1 23.14 68100000
1 2 1.32 68100000
2 1 23.14 68150000
1 2 1.32 68150000
2 1 22.97 68200000
1 2 1.32 68200000
2 1 23.31 68250000
1 2 1.32 68250000
2 1 23.14 68300000
1 2 1.32 68300000
2 1 23.14 68350000
1 2 1.32 68350000
2 1 23.14 68400000
1 2 1.32 68400000
2 1 23.14 68450000
1 2 1.33 68450000
2 1 23.14 68500000
1 2 1.32 68500000
2 1 23.14 68550000
1 2 1.32 68550000
2 1 23.14 68600000
1 2 1.32 68600000
2 1 23.14 68650000
1 2 1.32 68650000
2 1 23.31 68700000
1 2 1.32 68700000
2 1 23.14 68750000
1 2 1.32 68750000
2 1 23.14 68800000
1 2 1.32 68800000
2 1 23.14 68850000
1 2 1.33 68850000
2 1 23.14 68900000
1 2 1.32 68900000
2 1 23.14 68950000
1 2 1.32 68950000
2 1 23.14 69000000
1 2 1.32 69000000
2 1 23.14 69050000
1 2 1.32 69050000
2 1 23.31 69100000
1 2 1.32 69100000
2 1 23.14 69150000
1 2 1.33 69150000
2 1 23.31 69200000
1 2 1.33 69200000
2 1 23.31 69250000
1 2 1.33 69250000
2 1 23.31 69300000
1 2 1.32 69300000
2 1 23.31 69350000
1 2 1.33 69350000
2 1 23.31 69400000
1 2 1.33 69400000
2 1 23.31 69450000
1 2 1.33 69450000
2 1 23.31 69500000
1 2 1.33 69500000
2 1 23.14 69550000
1 2 1.33 69550000
2 1 23.31 69600000
1 2 1.33 69600000
2 1 23.31 69650000
1 2 1.33 69650000
2 1 23.31 69700000
1 2 1.33 69700000
2 1 23.31 69750000
1 2 1.32 69750000
2 1 23.31 69800000
1 2 1.33 69800000
2 1 23.31 69850000
1 2 1.33 69850000
2 1 23.31 69900000
1 2 1.33 69900000
2 1 23.31 69950000
1 2 1.33 69950000
2 1 23.14 70000000
1 2 1.33 70000000
2 1 23.48 70050000
1 2 1.33 70050000
2 1 23.48 70100000
1 2 1.34 70100000
2 1 23.31 70150000
1 2 1.34 70150000
2 1 23.48 70200000
1 2 1.33 70200000
2 1 23.48 70250000
1 2 1.34 70250000
2 1 23.31 70300000
1 2 1.34 70300000
2 1 23.48 70350000
1 2 1.33 70350000
2 1 23.48 70400000
1 2 1.34 70400000
2 1 23.31 70450000
1 2 1.34 70450000
2 1 23.48 70500000
1 2 1.33 70500000
2 1 23.48 70550000
1 2 1.34 70550000
2 1 23.31 70600000
1 2 1.34 70600000
2 1 23.48 70650000
1 2 1.33 70650000
2 1 23.48 70700000
1 2 1.34 70700000
2 1 23.31 70750000
1 2 1.33 70750000
2 1 23.48 70800000
1 2 1.34 70800000
2 1 23.48 70850000
1 2 1.34 70850000
2 1 23.31 70900000
1 2 1.33 70900000
2 1 23.48 70950000
1 2 1.34 70950000
2 1 23.48 71000000
1 2 1.34 71000000
2 1 23.48 71050000
1 2 1.34 71050000
2 1 23.64 71100000
1 2 1.35 71100000
2 1 23.48 71150000
1 2 1.34 71150000
2 1 23.48 71200000
1 2 1.34 71200000
2 1 23.48 71250000
1 2 1.34 71250000
2 1 23.48 71300000
1 2 1.34 71300000
2 1 23.48 71350000
1 2 1.34 71350000
2 1 23.48 71400000
1 2 1.34 71400000
2 1 23.48 71450000
1 2 1.34 71450000
2 1 23.48 71500000
1 2 1.34 71500000
2 1 23.48 71550000
1 2 1.34 71550000
2 1 23.48 71600000
1 2 1.34 71600000
2 1 23.48 71650000
1 2 1.34 71650000
2 1 23.48 71700000
1 2 1.34 71700000
2 1 23.48 71750000
1 2 1.34 71750000
2 1 23.48 71800000
1 2 1.34 71800000
2 1 23.64 71850000
1 2 1.35 71850000
2 1 23.64 71900000
1 2 1.35 71900000
2 1 23.64 71950000
1 2 1.35 71950000
2 1 23.64 72000000
1 2 1.34 72000000
2 1 23.48 72050000
1 2 1.35 72050000
2 1 23.64 72100000
1 2 1.35 72100000
2 1 23.64 72150000
1 2 1.35 72150000
2 1 23.64 72200000
1 2 1.35 72200000
2 1 23.64 72250000
1 2 1.35 72250000
2 1 23.64 72300000
1 2 1.34 72300000
2 1 23.64 72350000
1 2 1.35 72350000
2 1 23.48 72400000
1 2 1.35 72400000
2 1 23.64 72450000
1 2 1.35 72450000
2 1 23.64 72500000
1 2 1.35 72500000
2 1 23.64 72550000
1 2 1.35 72550000
2 1 23.64 72600000
1 2 1.35 72600000
2 1 23.64 72650000
1 2 1.34 72650000
2 1 23.48 72700000
1 2 1.35 72700000
2 1 23.81 72750000
1 2 1.35 72750000
2 1 23.64 72800000
1 2 1.36 72800000
2 1 23.64 72850000
1 2 1.35 72850000
2 1 23.64 72900000
1 2 1.35 72900000
2 1 23.81 72950000
1 2 1.35 72950000
2 1 23.64 73000000
1 2 1.35 73000000
2 1 23.64 73050000
1 2 1.36 73050000
2 1 23.64 73100000
1 2 1.35 73100000
2 1 23.81 73150000
1 2 1.35 73150000
2 1 23.64 73200000
1 2 1.35 73200000
2 1 23.64 73250000
1 2 1.36 73250000
2 1 23.64 73300000
1 2 1.35 73300000
2 1 23.81 73350000
1 2 1.35 73350000
2 1 23.64 73400000
1 2 1.35 73400000
2 1 23.64 73450000
1 2 1.36 73450000
2 1 23.64 73500000
1 2 1.35 73500000
2 1 23.64 73550000
1 2 1.35 73550000
2 1 23.81 73600000
1 2 1.35 73600000
2 1 23.81 73650000
1 2 1.36 73650000
2 1 23.81 73700000
1 2 1.36 73700000
2 1 23.81 73750000
1 2 1.36 73750000
2 1 23.81 73800000
1 2 1.36 73800000
2 1 23.81 73850000
1 2 1.36 73850000
2 1 23.81 73900000
1 2 1.36 73900000
2 1 23.81 73950000
1 2 1.36 73950000
2 1 23.81 74000000
1 2 1.36 74000000
2 1 23.81 74050000
1 2 1.36 74050000
2 1 23.81 74100000
1 2 1.36 74100000
2 1 23.81 74150000
1 2 1.37 74150000
2 1 23.81 74200000
1 2 1.36 74200000
2 1 23.81 74250000
1 2 1.36 74250000
2 1 23.81 74300000
1 2 1.36 74300000
2 1 23.81 74350000
1 2 1.36 74350000
2 1 23.81 74400000
1 2 1.36 74400000
2 1 23.81 74450000
1 2 1.36 74450000
2 1 23.81 74500000
1 2 1.36 74500000
2 1 23.98 74550000
1 2 1.36 74550000
2 1 23.81 74600000
1 2 1.37 74600000
2 1 23.98 74650000
1 2 1.36 74650000
2 1 23.81 74700000
1 2 1.36 74700000
2 1 23.98 74750000
1 2 1.37 74750000
2 1 23.81 74800000
1 2 1.36 74800000
2 1 23.98 74850000
1 2 1.37 74850000
2 1 23.81 74900000
1 2 1.36 74900000
2 1 23.81 74950000
1 2 1.37 74950000
2 1 23.98 75000000
1 2 1.36 75000000
2 1 23.81 75050000
1 2 1.37 75050000
2 1 23.98 75100000
1 2 1.36 75100000
2 1 23.81 75150000
1 2 1.37 75150000
2 1 23.98 75200000
1 2 1.36 75200000
2 1 23.81 75250000
1 2 1.36 75250000
2 1 23.98 75300000
1 2 1.37 75300000
2 1 23.81 75350000
1 2 1.36 75350000
2 1 23.81 75400000
1 2 1.37 75400000
2 1 24.15 75450000
1 2 1.37 75450000
2 1 23.98 75500000
1 2 1.37 75500000
2 1 23.98 75550000
1 2 1.37 75550000
2 1 23.98 75600000
1 2 1.37 75600000
2 1 24.15 75650000
1 2 1.38 75650000
2 1 23.98 75700000
1 2 1.37 75700000
2 1 23.98 75750000
1 2 1.37 75750000
2 1 24.15 75800000
1 2 1.38 75800000
2 1 23.98 75850000
1 2 1.37 75850000
2 1 23.98 75900000
1 2 1.37 75900000
2 1 23.98 75950000
1 2 1.37 75950000
2 1 24.15 76000000
1 2 1.38 76000000
2 1 23.98 76050000
1 2 1.37 76050000
2 1 23.98 76100000
1 2 1.37 76100000
2 1 23.98 76150000
1 2 1.37 76150000
2 1 24.15 76200000
1 2 1.38 76200000
2 1 23.98 76250000
1 2 1.37 76250000
2 1 23.98 76300000
1 2 1.37 76300000
2 1 24.15 76350000
1 2 1.38 76350000
2 1 23.98 76400000
1 2 1.37 76400000
2 1 24.15 76450000
1 2 1.38 76450000
2 1 24.15 76500000
1 2 1.38 76500000
2 1 24.15 76550000
1 2 1.37 76550000
2 1 23.98 76600000
1 2 1.38 76600000
2 1 24.15 76650000
1 2 1.38 76650000
2 1 24.15 76700000
1 2 1.37 76700000
2 1 23.98 76750000
1 2 1.38 76750000
2 1 24.15 76800000
1 2 1.38 76800000
2 1 24.15 76850000
1 2 1.38 76850000
2 1 23.98 76900000
1 2 1.37 76900000
2 1 24.15 76950000
1 2 1.38 76950000
2 1 24.15 77000000
1 2 1.38 77000000
2 1 23.98 77050000
1 2 1.37 77050000
2 1 24.15 77100000
1 2 1.38 77100000
2 1 24.15 77150000
1 2 1.38 77150000
2 1 23.98 77200000
1 2 1.37 77200000
2 1 24.15 77250000
1 2 1.38 77250000
2 1 24.15 77300000
1 2 1.38 77300000
2 1 24.31 77350000
1 2 1.38 77350000
2 1 24.15 77400000
1 2 1.38 77400000
2 1 24.15 77450000
1 2 1.39 77450000
2 1 24.15 77500000
1 2 1.38 77500000
2 1 24.15 77550000
1 2 1.38 77550000
2 1 24.15 77600000
1 2 1.38 77600000
2 1 24.15 77650000
1 2 1.38 77650000
2 1 24.15 77700000
1 2 1.38 77700000
2 1 24.15 77750000
1 2 1.38 77750000
2 1 24.15 77800000
1 2 1.38 77800000
2 1 24.15 77850000
1 2 1.38 77850000
2 1 24.31 77900000
1 2 1.38 77900000
2 1 24.15 77950000
1 2 1.38 77950000
2 1 24.15 78000000
1 2 1.39 78000000
2 1 24.15 78050000
1 2 1.38 78050000
2 1 24.15 78100000
1 2 1.38 78100000
2 1 24.31 78150000
1 2 1.38 78150000
2 1 24.31 78200000
1 2 1.39 78200000
2 1 24.31 78250000
1 2 1.39 78250000
2 1 24.31 78300000
1 2 1.39 78300000
2 1 24.15 78350000
1 2 1.39 78350000
2 1 24.31 78400000
1 2 1.39 78400000
2 1 24.31 78450000
1 2 1.39 78450000
2 1 24.31 78500000
1 2 1.39 78500000
2 1 24.31 78550000
1 2 1.39 78550000
2 1 24.31 78600000
1 2 1.39 78600000
2 1 24.31 78650000
1 2 1.39 78650000
2 1 24.31 78700000
1 2 1.38 78700000
2 1 24.31 78750000
1 2 1.39 78750000
2 1 24.31 78800000
1 2 1.39 78800000
2 1 24.31 78850000
1 2 1.39 78850000
2 1 24.31 78900000
1 2 1.39 78900000
2 1 24.31 78950000
1 2 1.39 78950000
2 1 24.31 79000000
1 2 1.39 79000000
2 1 24.31 79050000
1 2 1.39 79050000
2 1 24.31 79100000
1 2 1.40 79100000
2 1 24.48 79150000
1 2 1.39 79150000
2 1 24.31 79200000
1 2 1.39 79200000
2 1 17.44 79250000
1 2 1.40 79250000
2 1 0.00 79300000
1 2 0.03 79300000
2 1 0.00 79350000
1 2 0.00 79350000
2 1 0.00 79400000
1 2 0.00 79400000
2 1 0.00 79450000
1 2 0.00 79450000
2 1 0.00 79500000
1 2 0.00 79500000
2 1 0.00 79550000
1 2 0.00 79550000
2 1 0.00 79600000
1 2 0.00 79600000
2 1 0.00 79650000
1 2 0.00 79650000
2 1 0.00 79700000
1 2 0.00 79700000
2 1 0.00 79750000
1 2 0.00 79750000
2 1 0.00 79800000
1 2 0.00 79800000
2 1 0.00 79850000
1 2 0.00 79850000
2 1 0.00 79900000
1 2 0.00 79900000
2 1 0.00 79950000
1 2 0.00 79950000
2 1 0.00 80000000
1 2 0.00 80000000
2 1 0.00 80050000
1 2 0.00 80050000
2 1 0.00 80100000
1 2 0.00 80100000
2 1 0.00 80150000
1 2 0.00 80150000
2 1 0.00 80200000
1 2 0.00 80200000
2 1 0.00 80250000
1 2 0.00 80250000
2 1 0.00 80300000
1 2 0.00 80300000
2 1 0.00 80350000
1 2 0.00 80350000
2 1 0.00 80400000
1 2 0.00 80400000
2 1 0.00 80450000
1 2 0.00 80450000
2 1 0.00 80500000
1 2 0.00 80500000
2 1 0.00 80550000
1 2 0.00 80550000
2 1 0.00 80600000
1 2 0.00 80600000
2 1 0.00 80650000
1 2 0.00 80650000
2 1 0.00 80700000
1 2 0.00 80700000
2 1 0.00 80750000
1 2 0.00 80750000
2 1 0.00 80800000
1 2 0.00 80800000
2 1 0.00 80850000
1 2 0.00 80850000
2 1 0.00 80900000
1 2 0.00 80900000
2 1 0.00 80950000
1 2 0.00 80950000
2 1 0.00 81000000
1 2 0.00 81000000
2 1 0.00 81050000
1 2 0.00 81050000
2 1 0.00 81100000
1 2 0.00 81100000
2 1 0.00 81150000
1 2 0.00 81150000
2 1 0.00 81200000
1 2 0.00 81200000
2 1 0.00 81250000
1 2 0.00 81250000
2 1 0.00 81300000
1 2 0.00 81300000
2 1 0.00 81350000
1 2 0.00 81350000
2 1 0.00 81400000
1 2 0.00 81400000
2 1 0.00 81450000
1 2 0.00 81450000
2 1 0.00 81500000
1 2 0.00 81500000
2 1 0.00 81550000
1 2 0.00 81550000
2 1 0.00 81600000
1 2 0.00 81600000
2 1 0.00 81650000
1 2 0.00 81650000
2 1 0.00 81700000
1 2 0.00 81700000
2 1 0.00 81750000
1 2 0.00 81750000
2 1 0.00 81800000
1 2 0.00 81800000
2 1 0.00 81850000
1 2 0.00 81850000
2 1 0.00 81900000
1 2 0.00 81900000
2 1 0.00 81950000
1 2 0.00 81950000
2 1 0.00 82000000
1 2 0.00 82000000
2 1 0.00 82050000
1 2 0.00 82050000
2 1 0.00 82100000
1 2 0.00 82100000
2 1 0.00 82150000
1 2 0.00 82150000
2 1 0.00 82200000
1 2 0.00 82200000
2 1 0.00 82250000
1 2 0.00 82250000
2 1 0.00 82300000
1 2 0.00 82300000
2 1 0.00 82350000
1 2 0.00 82350000
2 1 0.00 82400000
1 2 0.00 82400000
2 1 0.00 82450000
1 2 0.00 82450000
2 1 0.00 82500000
1 2 0.00 82500000
2 1 0.00 82550000
1 2 0.00 82550000
2 1 0.00 82600000
1 2 0.00 82600000
2 1 0.00 82650000
1 2 0.00 82650000
2 1 0.00 82700000
1 2 0.00 82700000
2 1 0.00 82750000
1 2 0.00 82750000
2 1 0.00 82800000
1 2 0.00 82800000
2 1 0.00 82850000
1 2 0.00 82850000
2 1 0.00 82900000
1 2 0.00 82900000
2 1 0.00 82950000
1 2 0.00 82950000
2 1 0.00 83000000
1 2 0.00 83000000
2 1 0.00 83050000
1 2 0.00 83050000
2 1 0.00 83100000
1 2 0.00 83100000
2 1 0.00 83150000
1 2 0.00 83150000
2 1 0.00 83200000
1 2 0.00 83200000
2 1 0.00 83250000
1 2 0.00 83250000
2 1 0.00 83300000
1 2 0.00 83300000
2 1 0.00 83350000
1 2 0.00 83350000
2 1 0.00 83400000
1 2 0.00 83400000
2 1 0.00 83450000
1 2 0.00 83450000
2 1 0.00 83500000
1 2 0.00 83500000
2 1 0.00 83550000
1 2 0.00 83550000
2 1 0.00 83600000
1 2 0.00 83600000
2 1 0.00 83650000
1 2 0.00 83650000
2 1 0.00 83700000
1 2 0.00 83700000
2 1 0.00 83750000
1 2 0.00 83750000
2 1 0.00 83800000
1 2 0.00 83800000
2 1 0.00 83850000
1 2 0.00 83850000
2 1 0.00 83900000
1 2 0.00 83900000
2 1 0.00 83950000
1 2 0.00 83950000
2 1 0.00 84000000
1 2 0.00 84000000
2 1 0.00 84050000
1 2 0.00 84050000
2 1 0.00 84100000
1 2 0.00 84100000
2 1 0.00 84150000
1 2 0.00 84150000
2 1 0.00 84200000
1 2 0.00 84200000
2 1 0.00 84250000
1 2 0.00 84250000
2 1 0.00 84300000
1 2 0.00 84300000
2 1 0.00 84350000
1 2 0.00 84350000
2 1 0.00 84400000
1 2 0.00 84400000
2 1 0.00 84450000
1 2 0.00 84450000
2 1 0.00 84500000
1 2 0.00 84500000
2 1 0.00 84550000
1 2 0.00 84550000
2 1 0.00 84600000
1 2 0.00 84600000
2 1 0.00 84650000
1 2 0.00 84650000
2 1 0.00 84700000
1 2 0.00 84700000
2 1 0.00 84750000
1 2 0.00 84750000
2 1 0.00 84800000
1 2 0.00 84800000
2 1 0.00 84850000
1 2 0.00 84850000
2 1 0.00 84900000
1 2 0.00 84900000
2 1 0.00 84950000
1 2 0.00 84950000
2 1 0.00 85000000
1 2 0.00 85000000
2 1 0.00 85050000
1 2 0.00 85050000
2 1 0.00 85100000
1 2 0.00 85100000
2 1 0.00 85150000
1 2 0.00 85150000
2 1 0.00 85200000
1 2 0.00 85200000
2 1 0.00 85250000
1 2 0.00 85250000
2 1 0.00 85300000
1 2 0.00 85300000
2 1 0.00 85350000
1 2 0.00 85350000
2 1 0.00 85400000
1 2 0.00 85400000
2 1 0.00 85450000
1 2 0.00 85450000
2 1 0.00 85500000
1 2 0.00 85500000
2 1 0.00 85550000
1 2 0.00 85550000
2 1 0.00 85600000
1 2 0.00 85600000
2 1 0.00 85650000
1 2 0.00 85650000
2 1 0.00 85700000
1 2 0.00 85700000
2 1 0.00 85750000
1 2 0.00 85750000
2 1 0.00 85800000
1 2 0.00 85800000
2 1 0.00 85850000
1 2 0.00 85850000
2 1 0.00 85900000
1 2 0.00 85900000
2 1 0.00 85950000
1 2 0.00 85950000
2 1 0.00 86000000
1 2 0.00 86000000
2 1 0.00 86050000
1 2 0.00 86050000
2 1 0.00 86100000
1 2 0.00 86100000
2 1 0.00 86150000
1 2 0.00 86150000
2 1 0.00 86200000
1 2 0.00 86200000
2 1 0.00 86250000
1 2 0.00 86250000
2 1 0.00 86300000
1 2 0.00 86300000
2 1 0.00 86350000
1 2 0.00 86350000
2 1 0.00 86400000
1 2 0.00 86400000
2 1 0.00 86450000
1 2 0.00 86450000
2 1 0.00 86500000
1 2 0.00 86500000
2 1 0.00 86550000
1 2 0.00 86550000
2 1 0.00 86600000
1 2 0.00 86600000
2 1 0.00 86650000
1 2 0.00 86650000
2 1 0.00 86700000
1 2 0.00 86700000
2 1 0.00 86750000
1 2 0.00 86750000
2 1 0.00 86800000
1 2 0.00 86800000
2 1 0.00 86850000
1 2 0.00 86850000
2 1 0.00 86900000
1 2 0.00 86900000
2 1 0.00 86950000
1 2 0.00 86950000
2 1 0.00 87000000
1 2 0.00 87000000
2 1 0.00 87050000
1 2 0.00 87050000
2 1 0.00 87100000
1 2 0.00 87100000
2 1 0.00 87150000
1 2 0.00 87150000
2 1 0.00 87200000
1 2 0.00 87200000
2 1 0.00 87250000
1 2 0.00 87250000
2 1 0.00 87300000
1 2 0.00 87300000
2 1 0.00 87350000
1 2 0.00 87350000
2 1 0.00 87400000
1 2 0.00 87400000
2 1 0.00 87450000
1 2 0.00 87450000
2 1 0.00 87500000
1 2 0.00 87500000
2 1 0.00 87550000
1 2 0.00 87550000
2 1 0.00 87600000
1 2 0.00 87600000
2 1 0.00 87650000
1 2 0.00 87650000
2 1 0.00 87700000
1 2 0.00 87700000
2 1 0.00 87750000
1 2 0.00 87750000
2 1 0.00 87800000
1 2 0.00 87800000
2 1 0.00 87850000
1 2 0.00 87850000
2 1 0.00 87900000
1 2 0.00 87900000
2 1 0.00 87950000
1 2 0.00 87950000
2 1 0.00 88000000
1 2 0.00 88000000
2 1 0.00 88050000
1 2 0.00 88050000
2 1 0.00 88100000
1 2 0.00 88100000
2 1 0.00 88150000
1 2 0.00 88150000
2 1 0.00 88200000
1 2 0.00 88200000
2 1 0.00 88250000
1 2 0.00 88250000
2 1 0.00 88300000
1 2 0.00 88300000
2 1 0.00 88350000
1 2 0.00 88350000
2 1 0.00 88400000
1 2 0.00 88400000
2 1 0.00 88450000
1 2 0.00 88450000
2 1 0.00 88500000
1 2 0.00 88500000
2 1 0.00 88550000
1 2 0.00 88550000
2 1 0.00 88600000
1 2 0.00 88600000
2 1 0.00 88650000
1 2 0.00 88650000
2 1 0.00 88700000
1 2 0.00 88700000
2 1 0.00 88750000
1 2 0.00 88750000
2 1 0.00 88800000
1 2 0.00 88800000
2 1 0.00 88850000
1 2 0.00 88850000
2 1 0.00 88900000
1 2 0.00 88900000
2 1 0.00 88950000
1 2 0.00 88950000
2 1 0.00 89000000
1 2 0.00 89000000
2 1 0.00 89050000
1 2 0.00 89050000
2 1 0.00 89100000
1 2 0.00 89100000
2 1 0.00 89150000
1 2 0.00 89150000
2 1 0.00 89200000
1 2 0.00 89200000
2 1 0.00 89250000
1 2 0.00 89250000
2 1 0.00 89300000
1 2 0.00 89300000
2 1 0.00 89350000
1 2 0.00 89350000
2 1 0.00 89400000
1 2 0.00 89400000
2 1 0.00 89450000
1 2 0.00 89450000
2 1 0.00 89500000
1 2 0.00 89500000
2 1 0.00 89550000
1 2 0.00 89550000
2 1 0.00 89600000
1 2 0.00 89600000
2 1 0.00 89650000
1 2 0.00 89650000
2 1 0.00 89700000
1 2 0.00 89700000
2 1 0.00 89750000
1 2 0.00 89750000
2 1 0.00 89800000
1 2 0.00 89800000
2 1 0.00 89850000
1 2 0.00 89850000
2 1 0.00 89900000
1 2 0.00 89900000
2 1 0.00 89950000
1 2 0.00 89950000
2 1 0.00 90000000
1 2 0.00 90000000
2 1 0.00 90050000
1 2 0.00 90050000
2 1 0.00 90100000
1 2 0.00 90100000
2 1 0.00 90150000
1 2 0.00 90150000
2 1 0.00 90200000
1 2 0.00 90200000
2 1 0.00 90250000
1 2 0.00 90250000
2 1 0.00 90300000
1 2 0.00 90300000
2 1 0.00 90350000
1 2 0.00 90350000
2 1 0.00 90400000
1 2 0.00 90400000
2 1 0.00 90450000
1 2 0.00 90450000
2 1 0.00 90500000
1 2 0.00 90500000
2 1 0.00 90550000
1 2 0.00 90550000
2 1 0.00 90600000
1 2 0.00 90600000
2 1 0.00 90650000
1 2 0.00 90650000
2 1 0.00 90700000
1 2 0.00 90700000
2 1 0.00 90750000
1 2 0.00 90750000
2 1 0.00 90800000
1 2 0.00 90800000
2 1 0.00 90850000
1 2 0.00 90850000
2 1 0.00 90900000
1 2 0.00 90900000
2 1 0.00 90950000
1 2 0.00 90950000
2 1 0.00 91000000
1 2 0.00 91000000
2 1 0.00 91050000
1 2 0.00 91050000
2 1 0.00 91100000
1 2 0.00 91100000
2 1 0.00 91150000
1 2 0.00 91150000
2 1 0.00 91200000
1 2 0.00 91200000
2 1 0.00 91250000
1 2 0.00 91250000
2 1 0.00 91300000
1 2 0.00 91300000
2 1 0.00 91350000
1 2 0.00 91350000
2 1 0.00 91400000
1 2 0.00 91400000
2 1 0.00 91450000
1 2 0.00 91450000
2 1 0.00 91500000
1 2 0.00 91500000
2 1 0.00 91550000
1 2 0.00 91550000
2 1 0.00 91600000
1 2 0.00 91600000
2 1 0.00 91650000
1 2 0.00 91650000
2 1 0.00 91700000
1 2 0.00 91700000
2 1 0.00 91750000
1 2 0.00 91750000
2 1 0.00 91800000
1 2 0.00 91800000
2 1 0.00 91850000
1 2 0.00 91850000
2 1 0.00 91900000
1 2 0.00 91900000
2 1 0.00 91950000
1 2 0.00 91950000
2 1 0.00 92000000
1 2 0.00 92000000
2 1 0.00 92050000
1 2 0.00 92050000
2 1 0.00 92100000
1 2 0.00 92100000
2 1 0.00 92150000
1 2 0.00 92150000
2 1 0.00 92200000
1 2 0.00 92200000
2 1 0.00 92250000
1 2 0.00 92250000
2 1 0.00 92300000
1 2 0.00 92300000
2 1 0.00 92350000
1 2 0.00 92350000
2 1 0.00 92400000
1 2 0.00 92400000
2 1 0.00 92450000
1 2 0.00 92450000
2 1 0.00 92500000
1 2 0.00 92500000
2 1 0.00 92550000
1 2 0.00 92550000
2 1 0.00 92600000
1 2 0.00 92600000
2 1 0.00 92650000
1 2 0.00 92650000
2 1 0.00 92700000
1 2 0.00 92700000
2 1 0.00 92750000
1 2 0.00 92750000
2 1 0.00 92800000
1 2 0.00 92800000
2 1 0.00 92850000
1 2 0.00 92850000
2 1 0.00 92900000
1 2 0.00 92900000
2 1 0.00 92950000
1 2 0.00 92950000
2 1 0.00 93000000
1 2 0.00 93000000
2 1 0.00 93050000
1 2 0.00 93050000
2 1 0.00 93100000
1 2 0.00 93100000
2 1 0.00 93150000
1 2 0.00 93150000
2 1 0.00 93200000
1 2 0.00 93200000
2 1 0.00 93250000
1 2 0.00 93250000
2 1 0.00 93300000
1 2 0.00 93300000
2 1 0.00 93350000
1 2 0.00 93350000
2 1 0.00 93400000
1 2 0.00 93400000
2 1 0.00 93450000
1 2 0.00 93450000
2 1 0.00 93500000
1 2 0.00 93500000
2 1 0.00 93550000
1 2 0.00 93550000
2 1 0.00 93600000
1 2 0.00 93600000
2 1 0.00 93650000
1 2 0.00 93650000
2 1 0.00 93700000
1 2 0.00 93700000
2 1 0.00 93750000
1 2 0.00 93750000
2 1 0.00 93800000
1 2 0.00 93800000
2 1 0.00 93850000
1 2 0.00 93850000
2 1 0.00 93900000
1 2 0.00 93900000
2 1 0.00 93950000
1 2 0.00 93950000
2 1 0.00 94000000
1 2 0.00 94000000
2 1 0.00 94050000
1 2 0.00 94050000
2 1 0.00 94100000
1 2 0.00 94100000
2 1 0.00 94150000
1 2 0.00 94150000
2 1 0.00 94200000
1 2 0.00 94200000
2 1 0.00 94250000
1 2 0.00 94250000
2 1 0.00 94300000
1 2 0.00 94300000
2 1 0.00 94350000
1 2 0.00 94350000
2 1 0.00 94400000
1 2 0.00 94400000
2 1 0.00 94450000
1 2 0.00 94450000
2 1 0.00 94500000
1 2 0.00 94500000
2 1 0.00 94550000
1 2 0.00 94550000
2 1 0.00 94600000
1 2 0.00 94600000
2 1 0.00 94650000
1 2 0.00 94650000
2 1 0.00 94700000
1 2 0.00 94700000
2 1 0.00 94750000
1 2 0.00 94750000
2 1 0.00 94800000
1 2 0.00 94800000
2 1 0.00 94850000
1 2 0.00 94850000
2 1 0.00 94900000
1 2 0.00 94900000
2 1 0.00 94950000
1 2 0.00 94950000
2 1 0.00 95000000
1 2 0.00 95000000
2 1 0.00 95050000
1 2 0.00 95050000
2 1 0.00 95100000
1 2 0.00 95100000
2 1 0.00 95150000
1 2 0.00 95150000
2 1 0.00 95200000
1 2 0.00 95200000
2 1 0.00 95250000
1 2 0.00 95250000
2 1 0.00 95300000
1 2 0.00 95300000
2 1 0.00 95350000
1 2 0.00 95350000
2 1 0.00 95400000
1 2 0.00 95400000
2 1 0.00 95450000
1 2 0.00 95450000
2 1 0.00 95500000
1 2 0.00 95500000
2 1 0.00 95550000
1 2 0.00 95550000
2 1 0.00 95600000
1 2 0.00 95600000
2 1 0.00 95650000
1 2 0.00 95650000
2 1 0.00 95700000
1 2 0.00 95700000
2 1 0.00 95750000
1 2 0.00 95750000
2 1 0.00 95800000
1 2 0.00 95800000
2 1 0.00 95850000
1 2 0.00 95850000
2 1 0.00 95900000
1 2 0.00 95900000
2 1 0.00 95950000
1 2 0.00 95950000
2 1 0.00 96000000
1 2 0.00 96000000
2 1 0.00 96050000
1 2 0.00 96050000
2 1 0.00 96100000
1 2 0.00 96100000
2 1 0.00 96150000
1 2 0.00 96150000
2 1 0.00 96200000
1 2 0.00 96200000
2 1 0.00 96250000
1 2 0.00 96250000
2 1 0.00 96300000
1 2 0.00 96300000
2 1 0.00 96350000
1 2 0.00 96350000
2 1 0.00 96400000
1 2 0.00 96400000
2 1 0.00 96450000
1 2 0.00 96450000
2 1 0.00 96500000
1 2 0.00 96500000
2 1 0.00 96550000
1 2 0.00 96550000
2 1 0.00 96600000
1 2 0.00 96600000
2 1 0.00 96650000
1 2 0.00 96650000
2 1 0.00 96700000
1 2 0.00 96700000
2 1 0.00 96750000
1 2 0.00 96750000
2 1 0.00 96800000
1 2 0.00 96800000
2 1 0.00 96850000
1 2 0.00 96850000
2 1 0.00 96900000
1 2 0.00 96900000
2 1 0.00 96950000
1 2 0.00 96950000
2 1 0.00 97000000
1 2 0.00 97000000
2 1 0.00 97050000
1 2 0.00 97050000
2 1 0.00 97100000
1 2 0.00 97100000
2 1 0.00 97150000
1 2 0.00 97150000
2 1 0.00 97200000
1 2 0.00 97200000
2 1 0.00 97250000
1 2 0.00 97250000
2 1 0.00 97300000
1 2 0.00 97300000
2 1 0.00 97350000
1 2 0.00 97350000
2 1 0.00 97400000
1 2 0.00 97400000
2 1 0.00 97450000
1 2 0.00 97450000
2 1 0.00 97500000
1 2 0.00 97500000
2 1 0.00 97550000
1 2 0.00 97550000
2 1 0.00 97600000
1 2 0.00 97600000
2 1 0.00 97650000
1 2 0.00 97650000
2 1 0.00 97700000
1 2 0.00 97700000
2 1 0.00 97750000
1 2 0.00 97750000
2 1 0.00 97800000
1 2 0.00 97800000
2 1 0.00 97850000
1 2 0.00 97850000
2 1 0.00 97900000
1 2 0.00 97900000
2 1 0.00 97950000
1 2 0.00 97950000
2 1 0.00 98000000
1 2 0.00 98000000
2 1 0.00 98050000
1 2 0.00 98050000
2 1 0.00 98100000
1 2 0.00 98100000
2 1 0.00 98150000
1 2 0.00 98150000
2 1 0.00 98200000
1 2 0.00 98200000
2 1 0.00 98250000
1 2 0.00 98250000
2 1 0.00 98300000
1 2 0.00 98300000
2 1 0.00 98350000
1 2 0.00 98350000
2 1 0.00 98400000
1 2 0.00 98400000
2 1 0.00 98450000
1 2 0.00 98450000
2 1 0.00 98500000
1 2 0.00 98500000
2 1 0.00 98550000
1 2 0.00 98550000
2 1 0.00 98600000
1 2 0.00 98600000
2 1 0.00 98650000
1 2 0.00 98650000
2 1 0.00 98700000
1 2 0.00 98700000
2 1 0.00 98750000
1 2 0.00 98750000
2 1 0.00 98800000
1 2 0.00 98800000
2 1 0.00 98850000
1 2 0.00 98850000
2 1 0.00 98900000
1 2 0.00 98900000
2 1 0.00 98950000
1 2 0.00 98950000
2 1 0.00 99000000
1 2 0.00 99000000
2 1 0.00 99050000
1 2 0.00 99050000
2 1 0.00 99100000
1 2 0.00 99100000
2 1 0.00 99150000
1 2 0.00 99150000
2 1 0.00 99200000
1 2 0.00 99200000
2 1 0.00 99250000
1 2 0.00 99250000
2 1 0.00 99300000
1 2 0.00 99300000
2 1 0.00 99350000
1 2 0.00 99350000
2 1 0.00 99400000
1 2 0.00 99400000
2 1 0.00 99450000
1 2 0.00 99450000
2 1 0.00 99500000
1 2 0.00 99500000
2 1 0.00 99550000
1 2 0.00 99550000
2 1 0.00 99600000
1 2 0.00 99600000
2 1 0.00 99650000
1 2 0.00 99650000
2 1 0.00 99700000
1 2 0.00 99700000
2 1 0.00 99750000
1 2 0.00 99750000
2 1 0.00 99800000
1 2 0.00 99800000
2 1 0.00 99850000
1 2 0.00 99850000
2 1 0.00 99900000
1 2 0.00 99900000
2 1 0.00 99950000
1 2 0.00 99950000
2 1 0.00 100000000
1 2 0.00 100000000
