2 1 0.00 50000
1 2 0.00 50000
2 1 0.00 100000
1 2 0.00 100000
2 1 0.00 150000
1 2 0.00 150000
2 1 0.00 200000
1 2 0.00 200000
2 1 0.00 250000
1 2 0.00 250000
2 1 0.00 300000
1 2 0.00 300000
2 1 0.00 350000
1 2 0.00 350000
2 1 0.00 400000
1 2 0.00 400000
2 1 0.00 450000
1 2 0.00 450000
2 1 0.00 500000
1 2 0.00 500000
2 1 0.00 550000
1 2 0.00 550000
2 1 0.00 600000
1 2 0.00 600000
2 1 0.00 650000
1 2 0.00 650000
2 1 0.00 700000
1 2 0.00 700000
2 1 0.00 750000
1 2 0.00 750000
2 1 0.00 800000
1 2 0.00 800000
2 1 0.00 850000
1 2 0.00 850000
2 1 0.00 900000
1 2 0.00 900000
2 1 0.00 950000
1 2 0.00 950000
2 1 0.00 1000000
1 2 0.00 1000000
2 1 0.00 1050000
1 2 0.00 1050000
2 1 0.00 1100000
1 2 0.00 1100000
2 1 0.00 1150000
1 2 0.00 1150000
2 1 0.00 1200000
1 2 0.00 1200000
2 1 0.00 1250000
1 2 0.00 1250000
2 1 0.00 1300000
1 2 0.00 1300000
2 1 0.00 1350000
1 2 0.00 1350000
2 1 0.00 1400000
1 2 0.00 1400000
2 1 0.00 1450000
1 2 0.00 1450000
2 1 0.00 1500000
1 2 0.00 1500000
2 1 0.00 1550000
1 2 0.00 1550000
2 1 0.00 1600000
1 2 0.00 1600000
2 1 0.00 1650000
1 2 0.00 1650000
2 1 0.00 1700000
1 2 0.00 1700000
2 1 0.00 1750000
1 2 0.00 1750000
2 1 0.00 1800000
1 2 0.00 1800000
2 1 0.00 1850000
1 2 0.00 1850000
2 1 0.00 1900000
1 2 0.00 1900000
2 1 0.00 1950000
1 2 0.00 1950000
2 1 0.00 2000000
1 2 0.00 2000000
2 1 0.00 2050000
1 2 0.00 2050000
2 1 0.00 2100000
1 2 0.00 2100000
2 1 0.00 2150000
1 2 0.00 2150000
2 1 0.00 2200000
1 2 0.00 2200000
2 1 0.00 2250000
1 2 0.00 2250000
2 1 0.00 2300000
1 2 0.00 2300000
2 1 0.00 2350000
1 2 0.00 2350000
2 1 0.00 2400000
1 2 0.00 2400000
2 1 0.00 2450000
1 2 0.00 2450000
2 1 0.00 2500000
1 2 0.00 2500000
2 1 0.00 2550000
1 2 0.00 2550000
2 1 0.00 2600000
1 2 0.00 2600000
2 1 0.00 2650000
1 2 0.00 2650000
2 1 0.00 2700000
1 2 0.00 2700000
2 1 0.00 2750000
1 2 0.00 2750000
2 1 0.00 2800000
1 2 0.00 2800000
2 1 0.00 2850000
1 2 0.00 2850000
2 1 0.00 2900000
1 2 0.00 2900000
2 1 0.00 2950000
1 2 0.00 2950000
2 1 0.00 3000000
1 2 0.00 3000000
2 1 0.00 3050000
1 2 0.00 3050000
2 1 0.00 3100000
1 2 0.00 3100000
2 1 0.00 3150000
1 2 0.00 3150000
2 1 0.00 3200000
1 2 0.00 3200000
2 1 0.00 3250000
1 2 0.00 3250000
2 1 0.00 3300000
1 2 0.00 3300000
2 1 0.00 3350000
1 2 0.00 3350000
2 1 0.00 3400000
1 2 0.00 3400000
2 1 0.00 3450000
1 2 0.00 3450000
2 1 0.00 3500000
1 2 0.00 3500000
2 1 0.00 3550000
1 2 0.00 3550000
2 1 0.00 3600000
1 2 0.00 3600000
2 1 0.00 3650000
1 2 0.00 3650000
2 1 0.00 3700000
1 2 0.00 3700000
2 1 0.00 3750000
1 2 0.00 3750000
2 1 0.00 3800000
1 2 0.00 3800000
2 1 0.00 3850000
1 2 0.00 3850000
2 1 0.00 3900000
1 2 0.00 3900000
2 1 0.00 3950000
1 2 0.00 3950000
2 1 0.00 4000000
1 2 0.00 4000000
2 1 0.00 4050000
1 2 0.00 4050000
2 1 0.00 4100000
1 2 0.00 4100000
2 1 0.00 4150000
1 2 0.00 4150000
2 1 0.00 4200000
1 2 0.00 4200000
2 1 0.00 4250000
1 2 0.00 4250000
2 1 0.00 4300000
1 2 0.00 4300000
2 1 0.00 4350000
1 2 0.00 4350000
2 1 0.00 4400000
1 2 0.00 4400000
2 1 0.00 4450000
1 2 0.00 4450000
2 1 0.00 4500000
1 2 0.00 4500000
2 1 0.00 4550000
1 2 0.00 4550000
2 1 0.00 4600000
1 2 0.00 4600000
2 1 0.00 4650000
1 2 0.00 4650000
2 1 0.00 4700000
1 2 0.00 4700000
2 1 0.00 4750000
1 2 0.00 4750000
2 1 0.00 4800000
1 2 0.00 4800000
2 1 0.00 4850000
1 2 0.00 4850000
2 1 0.00 4900000
1 2 0.00 4900000
2 1 0.00 4950000
1 2 0.00 4950000
2 1 0.00 5000000
1 2 0.00 5000000
2 1 0.00 5050000
1 2 0.00 5050000
2 1 0.00 5100000
1 2 0.00 5100000
2 1 0.00 5150000
1 2 0.00 5150000
2 1 0.00 5200000
1 2 0.00 5200000
2 1 0.00 5250000
1 2 0.00 5250000
2 1 0.00 5300000
1 2 0.00 5300000
2 1 0.00 5350000
1 2 0.00 5350000
2 1 0.00 5400000
1 2 0.00 5400000
2 1 0.00 5450000
1 2 0.00 5450000
2 1 0.00 5500000
1 2 0.00 5500000
2 1 0.00 5550000
1 2 0.00 5550000
2 1 0.00 5600000
1 2 0.00 5600000
2 1 0.00 5650000
1 2 0.00 5650000
2 1 0.00 5700000
1 2 0.00 5700000
2 1 0.00 5750000
1 2 0.00 5750000
2 1 0.00 5800000
1 2 0.00 5800000
2 1 0.00 5850000
1 2 0.00 5850000
2 1 0.00 5900000
1 2 0.00 5900000
2 1 0.00 5950000
1 2 0.00 5950000
2 1 0.00 6000000
1 2 0.00 6000000
2 1 0.00 6050000
1 2 0.00 6050000
2 1 0.00 6100000
1 2 0.00 6100000
2 1 0.00 6150000
1 2 0.00 6150000
2 1 0.00 6200000
1 2 0.00 6200000
2 1 0.00 6250000
1 2 0.00 6250000
2 1 0.00 6300000
1 2 0.00 6300000
2 1 0.00 6350000
1 2 0.00 6350000
2 1 0.00 6400000
1 2 0.00 6400000
2 1 0.00 6450000
1 2 0.00 6450000
2 1 0.00 6500000
1 2 0.00 6500000
2 1 0.00 6550000
1 2 0.00 6550000
2 1 0.00 6600000
1 2 0.00 6600000
2 1 0.00 6650000
1 2 0.00 6650000
2 1 0.00 6700000
1 2 0.00 6700000
2 1 0.00 6750000
1 2 0.00 6750000
2 1 0.00 6800000
1 2 0.00 6800000
2 1 0.00 6850000
1 2 0.00 6850000
2 1 0.00 6900000
1 2 0.00 6900000
2 1 0.00 6950000
1 2 0.00 6950000
2 1 0.00 7000000
1 2 0.00 7000000
2 1 0.00 7050000
1 2 0.00 7050000
2 1 0.00 7100000
1 2 0.00 7100000
2 1 0.00 7150000
1 2 0.00 7150000
2 1 0.00 7200000
1 2 0.00 7200000
2 1 0.00 7250000
1 2 0.00 7250000
2 1 0.00 7300000
1 2 0.00 7300000
2 1 0.00 7350000
1 2 0.00 7350000
2 1 0.00 7400000
1 2 0.00 7400000
2 1 0.00 7450000
1 2 0.00 7450000
2 1 0.00 7500000
1 2 0.00 7500000
2 1 0.00 7550000
1 2 0.00 7550000
2 1 0.00 7600000
1 2 0.00 7600000
2 1 0.00 7650000
1 2 0.00 7650000
2 1 0.00 7700000
1 2 0.00 7700000
2 1 0.00 7750000
1 2 0.00 7750000
2 1 0.00 7800000
1 2 0.00 7800000
2 1 0.00 7850000
1 2 0.00 7850000
2 1 0.00 7900000
1 2 0.00 7900000
2 1 0.00 7950000
1 2 0.00 7950000
2 1 0.00 8000000
1 2 0.00 8000000
2 1 0.00 8050000
1 2 0.00 8050000
2 1 0.00 8100000
1 2 0.00 8100000
2 1 0.00 8150000
1 2 0.00 8150000
2 1 0.00 8200000
1 2 0.00 8200000
2 1 0.00 8250000
1 2 0.00 8250000
2 1 0.00 8300000
1 2 0.00 8300000
2 1 0.00 8350000
1 2 0.00 8350000
2 1 0.00 8400000
1 2 0.00 8400000
2 1 0.00 8450000
1 2 0.00 8450000
2 1 0.00 8500000
1 2 0.00 8500000
2 1 0.00 8550000
1 2 0.00 8550000
2 1 0.00 8600000
1 2 0.00 8600000
2 1 0.00 8650000
1 2 0.00 8650000
2 1 0.00 8700000
1 2 0.00 8700000
2 1 0.00 8750000
1 2 0.00 8750000
2 1 0.00 8800000
1 2 0.00 8800000
2 1 0.00 8850000
1 2 0.00 8850000
2 1 0.00 8900000
1 2 0.00 8900000
2 1 0.00 8950000
1 2 0.00 8950000
2 1 0.00 9000000
1 2 0.00 9000000
2 1 0.00 9050000
1 2 0.00 9050000
2 1 0.00 9100000
1 2 0.00 9100000
2 1 0.00 9150000
1 2 0.00 9150000
2 1 0.00 9200000
1 2 0.00 9200000
2 1 0.00 9250000
1 2 0.00 9250000
2 1 0.00 9300000
1 2 0.00 9300000
2 1 0.00 9350000
1 2 0.00 9350000
2 1 0.00 9400000
1 2 0.00 9400000
2 1 0.00 9450000
1 2 0.00 9450000
2 1 0.00 9500000
1 2 0.00 9500000
2 1 0.00 9550000
1 2 0.00 9550000
2 1 0.00 9600000
1 2 0.00 9600000
2 1 0.00 9650000
1 2 0.00 9650000
2 1 0.00 9700000
1 2 0.00 9700000
2 1 0.00 9750000
1 2 0.00 9750000
2 1 0.00 9800000
1 2 0.00 9800000
2 1 0.00 9850000
1 2 0.00 9850000
2 1 0.00 9900000
1 2 0.00 9900000
2 1 0.00 9950000
1 2 0.00 9950000
2 1 0.00 10000000
1 2 0.00 10000000
2 1 44.30 10050000
1 2 2.39 10050000
2 1 46.56 10100000
1 2 3.80 10100000
2 1 46.74 10150000
1 2 3.75 10150000
2 1 46.91 10200000
1 2 3.79 10200000
2 1 46.91 10250000
1 2 3.79 10250000
2 1 47.61 10300000
1 2 3.83 10300000
2 1 47.61 10350000
1 2 3.84 10350000
2 1 47.44 10400000
1 2 3.84 10400000
2 1 47.61 10450000
1 2 3.83 10450000
2 1 47.61 10500000
1 2 3.84 10500000
2 1 47.44 10550000
1 2 3.83 10550000
2 1 47.61 10600000
1 2 3.84 10600000
2 1 47.44 10650000
1 2 3.83 10650000
2 1 47.44 10700000
1 2 3.83 10700000
2 1 47.61 10750000
1 2 3.86 10750000
2 1 47.44 10800000
1 2 3.83 10800000
2 1 47.61 10850000
1 2 3.83 10850000
2 1 47.44 10900000
1 2 3.84 10900000
2 1 47.61 10950000
1 2 3.83 10950000
2 1 47.61 11000000
1 2 3.84 11000000
2 1 47.44 11050000
1 2 3.83 11050000
2 1 47.61 11100000
1 2 3.84 11100000
2 1 47.44 11150000
1 2 3.84 11150000
2 1 47.61 11200000
1 2 3.83 11200000
2 1 47.61 11250000
1 2 3.84 11250000
2 1 47.44 11300000
1 2 3.83 11300000
2 1 47.61 11350000
1 2 3.84 11350000
2 1 47.44 11400000
1 2 3.84 11400000
2 1 47.61 11450000
1 2 3.83 11450000
2 1 47.44 11500000
1 2 3.84 11500000
2 1 47.61 11550000
1 2 3.83 11550000
2 1 47.61 11600000
1 2 3.84 11600000
2 1 47.44 11650000
1 2 3.83 11650000
2 1 47.61 11700000
1 2 3.84 11700000
2 1 47.44 11750000
1 2 3.84 11750000
2 1 47.61 11800000
1 2 3.83 11800000
2 1 47.61 11850000
1 2 3.84 11850000
2 1 47.44 11900000
1 2 3.83 11900000
2 1 47.61 11950000
1 2 3.84 11950000
2 1 47.44 12000000
1 2 3.84 12000000
2 1 47.61 12050000
1 2 3.83 12050000
2 1 47.61 12100000
1 2 3.84 12100000
2 1 47.26 12150000
1 2 3.83 12150000
2 1 47.79 12200000
1 2 3.84 12200000
2 1 47.44 12250000
1 2 3.83 12250000
2 1 47.44 12300000
1 2 3.83 12300000
2 1 47.61 12350000
1 2 3.86 12350000
2 1 47.44 12400000
1 2 3.83 12400000
2 1 47.61 12450000
1 2 3.83 12450000
2 1 47.44 12500000
1 2 3.84 12500000
2 1 47.61 12550000
1 2 3.83 12550000
2 1 47.61 12600000
1 2 3.84 12600000
2 1 47.44 12650000
1 2 3.83 12650000
2 1 47.61 12700000
1 2 3.84 12700000
2 1 47.44 12750000
1 2 3.84 12750000
2 1 47.61 12800000
1 2 3.83 12800000
2 1 47.61 12850000
1 2 3.84 12850000
2 1 47.44 12900000
1 2 3.83 12900000
2 1 47.61 12950000
1 2 3.84 12950000
2 1 47.44 13000000
1 2 3.83 13000000
2 1 47.61 13050000
1 2 3.84 13050000
2 1 47.44 13100000
1 2 3.84 13100000
2 1 47.44 13150000
1 2 3.82 13150000
2 1 47.61 13200000
1 2 3.86 13200000
2 1 47.44 13250000
1 2 3.83 13250000
2 1 47.61 13300000
1 2 3.83 13300000
2 1 47.61 13350000
1 2 3.84 13350000
2 1 47.44 13400000
1 2 3.83 13400000
2 1 47.61 13450000
1 2 3.86 13450000
2 1 47.44 13500000
1 2 3.83 13500000
2 1 47.61 13550000
1 2 3.83 13550000
2 1 47.44 13600000
1 2 3.84 13600000
2 1 47.61 13650000
1 2 3.83 13650000
2 1 47.61 13700000
1 2 3.84 13700000
2 1 47.44 13750000
1 2 3.83 13750000
2 1 47.61 13800000
1 2 3.84 13800000
2 1 47.44 13850000
1 2 3.84 13850000
2 1 47.61 13900000
1 2 3.83 13900000
2 1 47.61 13950000
1 2 3.84 13950000
2 1 47.26 14000000
1 2 3.83 14000000
2 1 47.79 14050000
1 2 3.84 14050000
2 1 47.44 14100000
1 2 3.83 14100000
2 1 47.44 14150000
1 2 3.83 14150000
2 1 47.61 14200000
1 2 3.86 14200000
2 1 47.44 14250000
1 2 3.83 14250000
2 1 47.61 14300000
1 2 3.83 14300000
2 1 47.44 14350000
1 2 3.84 14350000
2 1 47.61 14400000
1 2 3.83 14400000
2 1 47.61 14450000
1 2 3.84 14450000
2 1 47.44 14500000
1 2 3.83 14500000
2 1 47.61 14550000
1 2 3.84 14550000
2 1 47.44 14600000
1 2 3.83 14600000
2 1 47.61 14650000
1 2 3.84 14650000
2 1 47.44 14700000
1 2 3.84 14700000
2 1 47.44 14750000
1 2 3.83 14750000
2 1 47.79 14800000
1 2 3.84 14800000
2 1 47.44 14850000
1 2 3.83 14850000
2 1 47.61 14900000
1 2 3.84 14900000
2 1 47.44 14950000
1 2 3.84 14950000
2 1 47.44 15000000
1 2 3.82 15000000
2 1 47.79 15050000
1 2 3.86 15050000
2 1 47.26 15100000
1 2 3.83 15100000
2 1 47.79 15150000
1 2 3.84 15150000
2 1 47.44 15200000
1 2 3.83 15200000
2 1 47.61 15250000
1 2 3.84 15250000
2 1 47.61 15300000
1 2 3.84 15300000
2 1 47.26 15350000
1 2 3.83 15350000
2 1 47.61 15400000
1 2 3.84 15400000
2 1 47.61 15450000
1 2 3.83 15450000
2 1 47.44 15500000
1 2 3.83 15500000
2 1 47.61 15550000
1 2 3.86 15550000
2 1 47.44 15600000
1 2 3.82 15600000
2 1 47.61 15650000
1 2 3.84 15650000
2 1 47.44 15700000
1 2 3.84 15700000
2 1 47.61 15750000
1 2 3.83 15750000
2 1 47.61 15800000
1 2 3.84 15800000
2 1 47.44 15850000
1 2 3.83 15850000
2 1 47.61 15900000
1 2 3.84 15900000
2 1 47.44 15950000
1 2 3.83 15950000
2 1 47.61 16000000
1 2 3.84 16000000
2 1 47.44 16050000
1 2 3.84 16050000
2 1 47.61 16100000
1 2 3.83 16100000
2 1 47.61 16150000
1 2 3.84 16150000
2 1 47.26 16200000
1 2 3.83 16200000
2 1 47.61 16250000
1 2 3.83 16250000
2 1 47.61 16300000
1 2 3.86 16300000
2 1 47.44 16350000
1 2 3.82 16350000
2 1 47.61 16400000
1 2 3.86 16400000
2 1 47.44 16450000
1 2 3.83 16450000
2 1 47.61 16500000
1 2 3.83 16500000
2 1 47.44 16550000
1 2 3.84 16550000
2 1 47.61 16600000
1 2 3.83 16600000
2 1 47.61 16650000
1 2 3.84 16650000
2 1 47.44 16700000
1 2 3.83 16700000
2 1 47.61 16750000
1 2 3.84 16750000
2 1 47.44 16800000
1 2 3.84 16800000
2 1 47.61 16850000
1 2 3.83 16850000
2 1 47.61 16900000
1 2 3.84 16900000
2 1 47.44 16950000
1 2 3.83 16950000
2 1 47.61 17000000
1 2 3.84 17000000
2 1 47.44 17050000
1 2 3.84 17050000
2 1 47.61 17100000
1 2 3.83 17100000
2 1 47.61 17150000
1 2 3.84 17150000
2 1 47.44 17200000
1 2 3.83 17200000
2 1 47.61 17250000
1 2 3.84 17250000
2 1 47.44 17300000
1 2 3.83 17300000
2 1 47.61 17350000
1 2 3.84 17350000
2 1 47.44 17400000
1 2 3.84 17400000
2 1 47.44 17450000
1 2 3.83 17450000
2 1 47.79 17500000
1 2 3.84 17500000
2 1 47.26 17550000
1 2 3.83 17550000
2 1 47.79 17600000
1 2 3.84 17600000
2 1 47.44 17650000
1 2 3.84 17650000
2 1 47.44 17700000
1 2 3.82 17700000
2 1 47.61 17750000
1 2 3.84 17750000
2 1 47.44 17800000
1 2 3.84 17800000
2 1 47.61 17850000
1 2 3.83 17850000
2 1 47.61 17900000
1 2 3.84 17900000
2 1 47.44 17950000
1 2 3.83 17950000
2 1 47.61 18000000
1 2 3.84 18000000
2 1 47.44 18050000
1 2 3.83 18050000
2 1 47.61 18100000
1 2 3.84 18100000
2 1 47.44 18150000
1 2 3.84 18150000
2 1 47.61 18200000
1 2 3.83 18200000
2 1 47.61 18250000
1 2 3.84 18250000
2 1 47.44 18300000
1 2 3.83 18300000
2 1 47.61 18350000
1 2 3.84 18350000
2 1 47.44 18400000
1 2 3.83 18400000
2 1 47.44 18450000
1 2 3.83 18450000
2 1 47.61 18500000
1 2 3.86 18500000
2 1 47.44 18550000
1 2 3.82 18550000
2 1 47.61 18600000
1 2 3.84 18600000
2 1 47.44 18650000
1 2 3.84 18650000
2 1 47.61 18700000
1 2 3.83 18700000
2 1 47.61 18750000
1 2 3.84 18750000
2 1 47.44 18800000
1 2 3.83 18800000
2 1 47.61 18850000
1 2 3.84 18850000
2 1 47.44 18900000
1 2 3.84 18900000
2 1 47.61 18950000
1 2 3.83 18950000
2 1 47.61 19000000
1 2 3.84 19000000
2 1 47.44 19050000
1 2 3.83 19050000
2 1 47.61 19100000
1 2 3.84 19100000
2 1 47.44 19150000
1 2 3.84 19150000
2 1 47.61 19200000
1 2 3.83 19200000
2 1 47.44 19250000
1 2 3.84 19250000
2 1 47.61 19300000
1 2 3.83 19300000
2 1 47.61 19350000
1 2 3.84 19350000
2 1 47.44 19400000
1 2 3.83 19400000
2 1 47.61 19450000
1 2 3.84 19450000
2 1 47.44 19500000
1 2 3.84 19500000
2 1 47.61 19550000
1 2 3.83 19550000
2 1 47.61 19600000
1 2 3.84 19600000
2 1 47.26 19650000
1 2 3.83 19650000
2 1 47.79 19700000
1 2 3.84 19700000
2 1 47.44 19750000
1 2 3.83 19750000
2 1 47.44 19800000
1 2 3.84 19800000
2 1 47.61 19850000
1 2 3.84 19850000
2 1 47.44 19900000
1 2 3.83 19900000
2 1 47.61 19950000
1 2 3.83 19950000
2 1 47.44 20000000
1 2 3.84 20000000
2 1 49.88 20050000
1 2 3.96 20050000
2 1 48.48 20100000
1 2 4.04 20100000
2 1 34.36 20150000
1 2 2.83 20150000
2 1 43.95 20200000
1 2 3.52 20200000
2 1 44.12 20250000
1 2 3.55 20250000
2 1 45.69 20300000
1 2 3.60 20300000
2 1 47.79 20350000
1 2 3.86 20350000
2 1 47.61 20400000
1 2 3.84 20400000
2 1 47.79 20450000
1 2 3.86 20450000
2 1 47.61 20500000
1 2 3.84 20500000
2 1 47.61 20550000
1 2 3.83 20550000
2 1 47.44 20600000
1 2 3.84 20600000
2 1 47.61 20650000
1 2 3.84 20650000
2 1 47.44 20700000
1 2 3.84 20700000
2 1 47.79 20750000
1 2 3.84 20750000
2 1 47.61 20800000
1 2 3.84 20800000
2 1 47.44 20850000
1 2 3.84 20850000
2 1 47.61 20900000
1 2 3.83 20900000
2 1 47.79 20950000
1 2 3.86 20950000
2 1 47.44 21000000
1 2 3.84 21000000
2 1 47.61 21050000
1 2 3.83 21050000
2 1 47.61 21100000
1 2 3.86 21100000
2 1 47.61 21150000
1 2 3.83 21150000
2 1 47.61 21200000
1 2 3.84 21200000
2 1 47.61 21250000
1 2 3.84 21250000
2 1 47.61 21300000
1 2 3.84 21300000
2 1 47.61 21350000
1 2 3.84 21350000
2 1 47.61 21400000
1 2 3.84 21400000
2 1 47.61 21450000
1 2 3.84 21450000
2 1 47.61 21500000
1 2 3.84 21500000
2 1 47.44 21550000
1 2 3.83 21550000
2 1 47.79 21600000
1 2 3.86 21600000
2 1 47.44 21650000
1 2 3.84 21650000
2 1 47.61 21700000
1 2 3.84 21700000
2 1 47.61 21750000
1 2 3.83 21750000
2 1 47.61 21800000
1 2 3.86 21800000
2 1 47.61 21850000
1 2 3.83 21850000
2 1 47.61 21900000
1 2 3.84 21900000
2 1 47.61 21950000
1 2 3.84 21950000
2 1 47.61 22000000
1 2 3.84 22000000
2 1 47.61 22050000
1 2 3.84 22050000
2 1 47.61 22100000
1 2 3.84 22100000
2 1 47.61 22150000
1 2 3.84 22150000
2 1 47.61 22200000
1 2 3.84 22200000
2 1 47.61 22250000
1 2 3.84 22250000
2 1 47.44 22300000
1 2 3.84 22300000
2 1 47.79 22350000
1 2 3.84 22350000
2 1 47.44 22400000
1 2 3.84 22400000
2 1 47.61 22450000
1 2 3.83 22450000
2 1 47.61 22500000
1 2 3.84 22500000
2 1 47.61 22550000
1 2 3.84 22550000
2 1 47.61 22600000
1 2 3.84 22600000
2 1 47.61 22650000
1 2 3.84 22650000
2 1 47.61 22700000
1 2 3.84 22700000
2 1 47.61 22750000
1 2 3.84 22750000
2 1 47.61 22800000
1 2 3.84 22800000
2 1 47.44 22850000
1 2 3.84 22850000
2 1 47.79 22900000
1 2 3.84 22900000
2 1 47.44 22950000
1 2 3.84 22950000
2 1 47.61 23000000
1 2 3.83 23000000
2 1 47.79 23050000
1 2 3.86 23050000
2 1 47.44 23100000
1 2 3.83 23100000
2 1 47.61 23150000
1 2 3.86 23150000
2 1 47.61 23200000
1 2 3.83 23200000
2 1 47.61 23250000
1 2 3.84 23250000
2 1 47.61 23300000
1 2 3.84 23300000
2 1 47.61 23350000
1 2 3.84 23350000
2 1 47.61 23400000
1 2 3.84 23400000
2 1 47.61 23450000
1 2 3.84 23450000
2 1 47.61 23500000
1 2 3.84 23500000
2 1 47.61 23550000
1 2 3.84 23550000
2 1 47.61 23600000
1 2 3.84 23600000
2 1 47.61 23650000
1 2 3.84 23650000
2 1 47.61 23700000
1 2 3.84 23700000
2 1 47.44 23750000
1 2 3.84 23750000
2 1 47.79 23800000
1 2 3.84 23800000
2 1 47.44 23850000
1 2 3.83 23850000
2 1 47.79 23900000
1 2 3.86 23900000
2 1 47.44 23950000
1 2 3.84 23950000
2 1 47.61 24000000
1 2 3.83 24000000
2 1 47.61 24050000
1 2 3.84 24050000
2 1 47.61 24100000
1 2 3.84 24100000
2 1 47.61 24150000
1 2 3.84 24150000
2 1 47.61 24200000
1 2 3.84 24200000
2 1 47.61 24250000
1 2 3.84 24250000
2 1 47.61 24300000
1 2 3.84 24300000
2 1 47.61 24350000
1 2 3.84 24350000
2 1 47.61 24400000
1 2 3.84 24400000
2 1 47.61 24450000
1 2 3.84 24450000
2 1 47.61 24500000
1 2 3.84 24500000
2 1 47.61 24550000
1 2 3.84 24550000
2 1 47.61 24600000
1 2 3.84 24600000
2 1 47.44 24650000
1 2 3.84 24650000
2 1 47.61 24700000
1 2 3.84 24700000
2 1 47.61 24750000
1 2 3.84 24750000
2 1 47.61 24800000
1 2 3.83 24800000
2 1 47.61 24850000
1 2 3.84 24850000
2 1 47.61 24900000
1 2 3.84 24900000
2 1 47.61 24950000
1 2 3.84 24950000
2 1 47.61 25000000
1 2 3.84 25000000
2 1 47.61 25050000
1 2 3.84 25050000
2 1 47.61 25100000
1 2 3.84 25100000
2 1 47.61 25150000
1 2 3.84 25150000
2 1 47.61 25200000
1 2 3.84 25200000
2 1 47.61 25250000
1 2 3.84 25250000
2 1 47.61 25300000
1 2 3.84 25300000
2 1 47.61 25350000
1 2 3.84 25350000
2 1 47.44 25400000
1 2 3.83 25400000
2 1 47.79 25450000
1 2 3.86 25450000
2 1 47.44 25500000
1 2 3.84 25500000
2 1 47.79 25550000
1 2 3.83 25550000
2 1 47.44 25600000
1 2 3.86 25600000
2 1 47.61 25650000
1 2 3.83 25650000
2 1 47.61 25700000
1 2 3.86 25700000
2 1 47.61 25750000
1 2 3.83 25750000
2 1 47.61 25800000
1 2 3.84 25800000
2 1 47.61 25850000
1 2 3.84 25850000
2 1 47.61 25900000
1 2 3.84 25900000
2 1 47.61 25950000
1 2 3.84 25950000
2 1 47.61 26000000
1 2 3.84 26000000
2 1 47.61 26050000
1 2 3.84 26050000
2 1 47.61 26100000
1 2 3.84 26100000
2 1 47.61 26150000
1 2 3.84 26150000
2 1 47.44 26200000
1 2 3.83 26200000
2 1 47.61 26250000
1 2 3.86 26250000
2 1 47.61 26300000
1 2 3.83 26300000
2 1 47.79 26350000
1 2 3.86 26350000
2 1 47.44 26400000
1 2 3.83 26400000
2 1 47.61 26450000
1 2 3.84 26450000
2 1 47.61 26500000
1 2 3.84 26500000
2 1 47.61 26550000
1 2 3.84 26550000
2 1 47.61 26600000
1 2 3.84 26600000
2 1 47.61 26650000
1 2 3.84 26650000
2 1 47.61 26700000
1 2 3.84 26700000
2 1 47.61 26750000
1 2 3.84 26750000
2 1 47.61 26800000
1 2 3.84 26800000
2 1 47.61 26850000
1 2 3.84 26850000
2 1 47.61 26900000
1 2 3.84 26900000
2 1 47.44 26950000
1 2 3.84 26950000
2 1 47.79 27000000
1 2 3.83 27000000
2 1 47.44 27050000
1 2 3.86 27050000
2 1 47.61 27100000
1 2 3.83 27100000
2 1 47.61 27150000
1 2 3.84 27150000
2 1 47.61 27200000
1 2 3.84 27200000
2 1 47.61 27250000
1 2 3.84 27250000
2 1 47.61 27300000
1 2 3.84 27300000
2 1 47.61 27350000
1 2 3.84 27350000
2 1 47.61 27400000
1 2 3.84 27400000
2 1 47.61 27450000
1 2 3.84 27450000
2 1 47.61 27500000
1 2 3.84 27500000
2 1 47.61 27550000
1 2 3.84 27550000
2 1 47.61 27600000
1 2 3.84 27600000
2 1 47.61 27650000
1 2 3.84 27650000
2 1 47.44 27700000
1 2 3.84 27700000
2 1 47.79 27750000
1 2 3.83 27750000
2 1 47.61 27800000
1 2 3.86 27800000
2 1 47.44 27850000
1 2 3.83 27850000
2 1 47.61 27900000
1 2 3.84 27900000
2 1 47.61 27950000
1 2 3.84 27950000
2 1 47.61 28000000
1 2 3.86 28000000
2 1 47.61 28050000
1 2 3.83 28050000
2 1 47.61 28100000
1 2 3.84 28100000
2 1 47.61 28150000
1 2 3.84 28150000
2 1 47.61 28200000
1 2 3.84 28200000
2 1 47.61 28250000
1 2 3.84 28250000
2 1 47.61 28300000
1 2 3.84 28300000
2 1 47.44 28350000
1 2 3.84 28350000
2 1 47.79 28400000
1 2 3.84 28400000
2 1 47.44 28450000
1 2 3.84 28450000
2 1 47.61 28500000
1 2 3.83 28500000
2 1 47.61 28550000
1 2 3.86 28550000
2 1 47.61 28600000
1 2 3.83 28600000
2 1 47.61 28650000
1 2 3.86 28650000
2 1 47.61 28700000
1 2 3.83 28700000
2 1 47.61 28750000
1 2 3.84 28750000
2 1 47.61 28800000
1 2 3.84 28800000
2 1 47.61 28850000
1 2 3.84 28850000
2 1 47.61 28900000
1 2 3.84 28900000
2 1 47.61 28950000
1 2 3.84 28950000
2 1 47.61 29000000
1 2 3.84 29000000
2 1 47.61 29050000
1 2 3.84 29050000
2 1 47.44 29100000
1 2 3.84 29100000
2 1 47.79 29150000
1 2 3.84 29150000
2 1 47.61 29200000
1 2 3.84 29200000
2 1 47.61 29250000
1 2 3.84 29250000
2 1 47.61 29300000
1 2 3.84 29300000
2 1 47.44 29350000
1 2 3.83 29350000
2 1 47.61 29400000
1 2 3.84 29400000
2 1 47.61 29450000
1 2 3.84 29450000
2 1 47.61 29500000
1 2 3.86 29500000
2 1 47.61 29550000
1 2 3.83 29550000
2 1 47.61 29600000
1 2 3.84 29600000
2 1 47.61 29650000
1 2 3.84 29650000
2 1 47.61 29700000
1 2 3.84 29700000
2 1 47.61 29750000
1 2 3.84 29750000
2 1 47.61 29800000
1 2 3.84 29800000
2 1 47.44 29850000
1 2 3.84 29850000
2 1 47.79 29900000
1 2 3.84 29900000
2 1 47.61 29950000
1 2 3.83 29950000
2 1 47.61 30000000
1 2 3.86 30000000
2 1 49.70 30050000
1 2 3.96 30050000
2 1 50.23 30100000
1 2 4.06 30100000
2 1 34.01 30150000
1 2 3.04 30150000
2 1 42.55 30200000
1 2 3.32 30200000
2 1 42.90 30250000
1 2 3.45 30250000
2 1 43.95 30300000
1 2 3.48 30300000
2 1 47.79 30350000
1 2 3.82 30350000
2 1 47.44 30400000
1 2 3.83 30400000
2 1 47.79 30450000
1 2 3.86 30450000
2 1 47.79 30500000
1 2 3.86 30500000
2 1 47.44 30550000
1 2 3.84 30550000
2 1 47.79 30600000
1 2 3.84 30600000
2 1 47.61 30650000
1 2 3.86 30650000
2 1 47.79 30700000
1 2 3.84 30700000
2 1 47.61 30750000
1 2 3.84 30750000
2 1 47.79 30800000
1 2 3.86 30800000
2 1 47.61 30850000
1 2 3.84 30850000
2 1 47.61 30900000
1 2 3.84 30900000
2 1 47.61 30950000
1 2 3.84 30950000
2 1 47.79 31000000
1 2 3.84 31000000
2 1 47.61 31050000
1 2 3.86 31050000
2 1 47.61 31100000
1 2 3.84 31100000
2 1 47.61 31150000
1 2 3.84 31150000
2 1 47.79 31200000
1 2 3.86 31200000
2 1 47.61 31250000
1 2 3.84 31250000
2 1 47.61 31300000
1 2 3.86 31300000
2 1 47.79 31350000
1 2 3.84 31350000
2 1 47.61 31400000
1 2 3.84 31400000
2 1 47.61 31450000
1 2 3.84 31450000
2 1 47.61 31500000
1 2 3.84 31500000
2 1 47.79 31550000
1 2 3.86 31550000
2 1 47.44 31600000
1 2 3.84 31600000
2 1 47.79 31650000
1 2 3.84 31650000
2 1 47.61 31700000
1 2 3.86 31700000
2 1 47.61 31750000
1 2 3.84 31750000
2 1 47.79 31800000
1 2 3.84 31800000
2 1 47.61 31850000
1 2 3.84 31850000
2 1 47.61 31900000
1 2 3.84 31900000
2 1 47.61 31950000
1 2 3.86 31950000
2 1 47.79 32000000
1 2 3.84 32000000
2 1 47.61 32050000
1 2 3.84 32050000
2 1 47.61 32100000
1 2 3.84 32100000
2 1 47.61 32150000
1 2 3.84 32150000
2 1 47.61 32200000
1 2 3.84 32200000
2 1 47.79 32250000
1 2 3.86 32250000
2 1 47.61 32300000
1 2 3.84 32300000
2 1 47.61 32350000
1 2 3.84 32350000
2 1 47.61 32400000
1 2 3.84 32400000
2 1 47.61 32450000
1 2 3.84 32450000
2 1 47.61 32500000
1 2 3.84 32500000
2 1 47.79 32550000
1 2 3.86 32550000
2 1 47.61 32600000
1 2 3.84 32600000
2 1 47.61 32650000
1 2 3.84 32650000
2 1 47.79 32700000
1 2 3.86 32700000
2 1 47.61 32750000
1 2 3.84 32750000
2 1 47.61 32800000
1 2 3.84 32800000
2 1 47.61 32850000
1 2 3.86 32850000
2 1 47.79 32900000
1 2 3.84 32900000
2 1 47.61 32950000
1 2 3.84 32950000
2 1 47.61 33000000
1 2 3.84 33000000
2 1 47.61 33050000
1 2 3.86 33050000
2 1 47.79 33100000
1 2 3.84 33100000
2 1 47.61 33150000
1 2 3.84 33150000
2 1 47.61 33200000
1 2 3.84 33200000
2 1 47.61 33250000
1 2 3.84 33250000
2 1 47.61 33300000
1 2 3.84 33300000
2 1 47.61 33350000
1 2 3.84 33350000
2 1 47.61 33400000
1 2 3.86 33400000
2 1 47.79 33450000
1 2 3.84 33450000
2 1 47.61 33500000
1 2 3.84 33500000
2 1 47.61 33550000
1 2 3.84 33550000
2 1 47.61 33600000
1 2 3.84 33600000
2 1 47.79 33650000
1 2 3.86 33650000
2 1 47.61 33700000
1 2 3.84 33700000
2 1 47.61 33750000
1 2 3.84 33750000
2 1 47.61 33800000
1 2 3.84 33800000
2 1 47.61 33850000
1 2 3.84 33850000
2 1 47.79 33900000
1 2 3.86 33900000
2 1 47.61 33950000
1 2 3.84 33950000
2 1 47.61 34000000
1 2 3.84 34000000
2 1 47.61 34050000
1 2 3.84 34050000
2 1 47.79 34100000
1 2 3.86 34100000
2 1 47.44 34150000
1 2 3.84 34150000
2 1 47.79 34200000
1 2 3.84 34200000
2 1 47.61 34250000
1 2 3.84 34250000
2 1 47.61 34300000
1 2 3.84 34300000
2 1 47.79 34350000
1 2 3.84 34350000
2 1 47.61 34400000
1 2 3.86 34400000
2 1 47.61 34450000
1 2 3.86 34450000
2 1 47.79 34500000
1 2 3.84 34500000
2 1 47.61 34550000
1 2 3.84 34550000
2 1 47.61 34600000
1 2 3.84 34600000
2 1 47.61 34650000
1 2 3.84 34650000
2 1 47.61 34700000
1 2 3.86 34700000
2 1 47.79 34750000
1 2 3.84 34750000
2 1 47.61 34800000
1 2 3.84 34800000
2 1 47.61 34850000
1 2 3.84 34850000
2 1 47.61 34900000
1 2 3.86 34900000
2 1 47.61 34950000
1 2 3.84 34950000
2 1 47.79 35000000
1 2 3.84 35000000
2 1 47.61 35050000
1 2 3.84 35050000
2 1 47.61 35100000
1 2 3.84 35100000
2 1 47.61 35150000
1 2 3.84 35150000
2 1 47.79 35200000
1 2 3.86 35200000
2 1 47.44 35250000
1 2 3.84 35250000
2 1 47.79 35300000
1 2 3.84 35300000
2 1 47.61 35350000
1 2 3.84 35350000
2 1 47.61 35400000
1 2 3.84 35400000
2 1 47.61 35450000
1 2 3.84 35450000
2 1 47.61 35500000
1 2 3.84 35500000
2 1 47.61 35550000
1 2 3.84 35550000
2 1 47.79 35600000
1 2 3.86 35600000
2 1 47.61 35650000
1 2 3.84 35650000
2 1 47.61 35700000
1 2 3.84 35700000
2 1 47.79 35750000
1 2 3.86 35750000
2 1 47.44 35800000
1 2 3.84 35800000
2 1 47.79 35850000
1 2 3.84 35850000
2 1 47.61 35900000
1 2 3.84 35900000
2 1 47.79 35950000
1 2 3.86 35950000
2 1 47.61 36000000
1 2 3.84 36000000
2 1 47.61 36050000
1 2 3.84 36050000
2 1 47.79 36100000
1 2 3.84 36100000
2 1 47.44 36150000
1 2 3.86 36150000
2 1 47.79 36200000
1 2 3.84 36200000
2 1 47.44 36250000
1 2 3.84 36250000
2 1 47.79 36300000
1 2 3.84 36300000
2 1 47.61 36350000
1 2 3.84 36350000
2 1 47.79 36400000
1 2 3.86 36400000
2 1 47.61 36450000
1 2 3.84 36450000
2 1 47.61 36500000
1 2 3.84 36500000
2 1 47.79 36550000
1 2 3.86 36550000
2 1 47.61 36600000
1 2 3.84 36600000
2 1 47.61 36650000
1 2 3.84 36650000
2 1 47.61 36700000
1 2 3.84 36700000
2 1 47.61 36750000
1 2 3.86 36750000
2 1 47.79 36800000
1 2 3.84 36800000
2 1 47.61 36850000
1 2 3.84 36850000
2 1 47.61 36900000
1 2 3.84 36900000
2 1 47.61 36950000
1 2 3.86 36950000
2 1 47.79 37000000
1 2 3.83 37000000
2 1 47.61 37050000
1 2 3.86 37050000
2 1 47.61 37100000
1 2 3.84 37100000
2 1 47.61 37150000
1 2 3.84 37150000
2 1 47.79 37200000
1 2 3.84 37200000
2 1 47.61 37250000
1 2 3.86 37250000
2 1 47.61 37300000
1 2 3.84 37300000
2 1 47.61 37350000
1 2 3.84 37350000
2 1 47.61 37400000
1 2 3.86 37400000
2 1 47.79 37450000
1 2 3.84 37450000
2 1 47.44 37500000
1 2 3.84 37500000
2 1 47.79 37550000
1 2 3.84 37550000
2 1 47.61 37600000
1 2 3.84 37600000
2 1 47.61 37650000
1 2 3.84 37650000
2 1 47.79 37700000
1 2 3.84 37700000
2 1 47.61 37750000
1 2 3.86 37750000
2 1 47.61 37800000
1 2 3.84 37800000
2 1 47.61 37850000
1 2 3.84 37850000
2 1 47.61 37900000
1 2 3.86 37900000
2 1 47.79 37950000
1 2 3.84 37950000
2 1 47.61 38000000
1 2 3.84 38000000
2 1 47.61 38050000
1 2 3.84 38050000
2 1 47.61 38100000
1 2 3.84 38100000
2 1 47.61 38150000
1 2 3.84 38150000
2 1 47.79 38200000
1 2 3.86 38200000
2 1 47.44 38250000
1 2 3.84 38250000
2 1 47.79 38300000
1 2 3.84 38300000
2 1 47.61 38350000
1 2 3.84 38350000
2 1 47.61 38400000
1 2 3.84 38400000
2 1 47.61 38450000
1 2 3.86 38450000
2 1 47.79 38500000
1 2 3.83 38500000
2 1 47.61 38550000
1 2 3.86 38550000
2 1 47.61 38600000
1 2 3.84 38600000
2 1 47.79 38650000
1 2 3.86 38650000
2 1 47.61 38700000
1 2 3.84 38700000
2 1 47.61 38750000
1 2 3.84 38750000
2 1 47.61 38800000
1 2 3.84 38800000
2 1 47.79 38850000
1 2 3.84 38850000
2 1 47.44 38900000
1 2 3.84 38900000
2 1 47.79 38950000
1 2 3.86 38950000
2 1 47.61 39000000
1 2 3.84 39000000
2 1 47.79 39050000
1 2 3.86 39050000
2 1 47.61 39100000
1 2 3.84 39100000
2 1 47.61 39150000
1 2 3.84 39150000
2 1 47.61 39200000
1 2 3.84 39200000
2 1 47.61 39250000
1 2 3.86 39250000
2 1 47.61 39300000
1 2 3.83 39300000
2 1 47.79 39350000
1 2 3.86 39350000
2 1 47.61 39400000
1 2 3.84 39400000
2 1 47.61 39450000
1 2 3.84 39450000
2 1 47.79 39500000
1 2 3.84 39500000
2 1 47.44 39550000
1 2 3.86 39550000
2 1 47.79 39600000
1 2 3.84 39600000
2 1 47.61 39650000
1 2 3.84 39650000
2 1 47.61 39700000
1 2 3.84 39700000
2 1 47.61 39750000
1 2 3.84 39750000
2 1 47.79 39800000
1 2 3.86 39800000
2 1 47.61 39850000
1 2 3.84 39850000
2 1 47.61 39900000
1 2 3.84 39900000
2 1 44.47 39950000
1 2 3.84 39950000
2 1 32.44 40000000
1 2 2.75 40000000
2 1 48.31 40050000
1 2 3.45 40050000
2 1 46.04 40100000
1 2 4.06 40100000
2 1 36.97 40150000
1 2 2.90 40150000
2 1 41.33 40200000
1 2 3.31 40200000
2 1 41.68 40250000
1 2 3.37 40250000
2 1 44.47 40300000
1 2 3.44 40300000
2 1 47.61 40350000
1 2 3.84 40350000
2 1 47.79 40400000
1 2 3.84 40400000
2 1 47.79 40450000
1 2 3.87 40450000
2 1 47.44 40500000
1 2 3.84 40500000
2 1 47.79 40550000
1 2 3.83 40550000
2 1 47.61 40600000
1 2 3.86 40600000
2 1 47.61 40650000
1 2 3.84 40650000
2 1 47.61 40700000
1 2 3.84 40700000
2 1 47.79 40750000
1 2 3.86 40750000
2 1 47.44 40800000
1 2 3.84 40800000
2 1 47.79 40850000
1 2 3.83 40850000
2 1 47.44 40900000
1 2 3.84 40900000
2 1 47.61 40950000
1 2 3.86 40950000
2 1 47.79 41000000
1 2 3.84 41000000
2 1 47.61 41050000
1 2 3.84 41050000
2 1 47.61 41100000
1 2 3.84 41100000
2 1 47.61 41150000
1 2 3.84 41150000
2 1 47.61 41200000
1 2 3.84 41200000
2 1 47.61 41250000
1 2 3.84 41250000
2 1 47.61 41300000
1 2 3.84 41300000
2 1 47.61 41350000
1 2 3.84 41350000
2 1 47.61 41400000
1 2 3.84 41400000
2 1 47.61 41450000
1 2 3.84 41450000
2 1 47.61 41500000
1 2 3.86 41500000
2 1 47.61 41550000
1 2 3.84 41550000
2 1 47.61 41600000
1 2 3.84 41600000
2 1 47.79 41650000
1 2 3.84 41650000
2 1 47.61 41700000
1 2 3.84 41700000
2 1 47.61 41750000
1 2 3.86 41750000
2 1 47.79 41800000
1 2 3.84 41800000
2 1 47.44 41850000
1 2 3.83 41850000
2 1 47.61 41900000
1 2 3.84 41900000
2 1 47.61 41950000
1 2 3.86 41950000
2 1 47.79 42000000
1 2 3.84 42000000
2 1 47.44 42050000
1 2 3.84 42050000
2 1 47.79 42100000
1 2 3.84 42100000
2 1 47.61 42150000
1 2 3.84 42150000
2 1 47.61 42200000
1 2 3.84 42200000
2 1 47.61 42250000
1 2 3.84 42250000
2 1 47.61 42300000
1 2 3.84 42300000
2 1 47.61 42350000
1 2 3.84 42350000
2 1 47.61 42400000
1 2 3.84 42400000
2 1 47.79 42450000
1 2 3.86 42450000
2 1 47.61 42500000
1 2 3.84 42500000
2 1 47.61 42550000
1 2 3.83 42550000
2 1 47.61 42600000
1 2 3.86 42600000
2 1 47.61 42650000
1 2 3.84 42650000
2 1 47.61 42700000
1 2 3.86 42700000
2 1 47.61 42750000
1 2 3.83 42750000
2 1 47.61 42800000
1 2 3.84 42800000
2 1 47.61 42850000
1 2 3.84 42850000
2 1 47.61 42900000
1 2 3.84 42900000
2 1 47.61 42950000
1 2 3.86 42950000
2 1 47.61 43000000
1 2 3.84 43000000
2 1 47.79 43050000
1 2 3.84 43050000
2 1 47.79 43100000
1 2 3.84 43100000
2 1 47.44 43150000
1 2 3.86 43150000
2 1 47.61 43200000
1 2 3.84 43200000
2 1 47.61 43250000
1 2 3.84 43250000
2 1 47.79 43300000
1 2 3.84 43300000
2 1 47.61 43350000
1 2 3.84 43350000
2 1 47.61 43400000
1 2 3.84 43400000
2 1 47.61 43450000
1 2 3.84 43450000
2 1 47.61 43500000
1 2 3.84 43500000
2 1 47.61 43550000
1 2 3.84 43550000
2 1 47.79 43600000
1 2 3.86 43600000
2 1 47.44 43650000
1 2 3.84 43650000
2 1 47.79 43700000
1 2 3.84 43700000
2 1 47.61 43750000
1 2 3.84 43750000
2 1 47.61 43800000
1 2 3.84 43800000
2 1 47.61 43850000
1 2 3.84 43850000
2 1 47.61 43900000
1 2 3.84 43900000
2 1 47.79 43950000
1 2 3.84 43950000
2 1 47.61 44000000
1 2 3.86 44000000
2 1 47.44 44050000
1 2 3.84 44050000
2 1 47.61 44100000
1 2 3.83 44100000
2 1 47.79 44150000
1 2 3.84 44150000
2 1 47.44 44200000
1 2 3.84 44200000
2 1 47.79 44250000
1 2 3.86 44250000
2 1 47.61 44300000
1 2 3.84 44300000
2 1 47.44 44350000
1 2 3.83 44350000
2 1 47.79 44400000
1 2 3.86 44400000
2 1 47.61 44450000
1 2 3.86 44450000
2 1 47.61 44500000
1 2 3.83 44500000
2 1 47.79 44550000
1 2 3.86 44550000
2 1 47.61 44600000
1 2 3.84 44600000
2 1 47.61 44650000
1 2 3.84 44650000
2 1 47.61 44700000
1 2 3.84 44700000
2 1 47.79 44750000
1 2 3.86 44750000
2 1 47.61 44800000
1 2 3.84 44800000
2 1 47.79 44850000
1 2 3.84 44850000
2 1 47.61 44900000
1 2 3.86 44900000
2 1 47.61 44950000
1 2 3.84 44950000
2 1 47.61 45000000
1 2 3.84 45000000
2 1 47.61 45050000
1 2 3.84 45050000
2 1 47.61 45100000
1 2 3.84 45100000
2 1 47.79 45150000
1 2 3.86 45150000
2 1 47.61 45200000
1 2 3.84 45200000
2 1 47.61 45250000
1 2 3.84 45250000
2 1 47.61 45300000
1 2 3.84 45300000
2 1 47.61 45350000
1 2 3.84 45350000
2 1 47.79 45400000
1 2 3.86 45400000
2 1 47.61 45450000
1 2 3.86 45450000
2 1 47.61 45500000
1 2 3.83 45500000
2 1 47.61 45550000
1 2 3.86 45550000
2 1 47.61 45600000
1 2 3.84 45600000
2 1 47.79 45650000
1 2 3.83 45650000
2 1 47.61 45700000
1 2 3.86 45700000
2 1 47.61 45750000
1 2 3.84 45750000
2 1 47.61 45800000
1 2 3.84 45800000
2 1 47.79 45850000
1 2 3.84 45850000
2 1 47.44 45900000
1 2 3.86 45900000
2 1 47.79 45950000
1 2 3.84 45950000
2 1 47.61 46000000
1 2 3.84 46000000
2 1 47.61 46050000
1 2 3.86 46050000
2 1 47.61 46100000
1 2 3.83 46100000
2 1 47.79 46150000
1 2 3.86 46150000
2 1 47.61 46200000
1 2 3.84 46200000
2 1 47.61 46250000
1 2 3.84 46250000
2 1 47.61 46300000
1 2 3.84 46300000
2 1 47.61 46350000
1 2 3.86 46350000
2 1 47.79 46400000
1 2 3.84 46400000
2 1 47.61 46450000
1 2 3.84 46450000
2 1 47.61 46500000
1 2 3.84 46500000
2 1 47.79 46550000
1 2 3.86 46550000
2 1 47.61 46600000
1 2 3.84 46600000
2 1 47.61 46650000
1 2 3.84 46650000
2 1 47.61 46700000
1 2 3.84 46700000
2 1 47.61 46750000
1 2 3.84 46750000
2 1 47.79 46800000
1 2 3.84 46800000
2 1 47.61 46850000
1 2 3.86 46850000
2 1 47.61 46900000
1 2 3.84 46900000
2 1 47.44 46950000
1 2 3.84 46950000
2 1 47.79 47000000
1 2 3.83 47000000
2 1 47.61 47050000
1 2 3.86 47050000
2 1 47.61 47100000
1 2 3.84 47100000
2 1 47.79 47150000
1 2 3.84 47150000
2 1 47.61 47200000
1 2 3.86 47200000
2 1 47.61 47250000
1 2 3.84 47250000
2 1 47.61 47300000
1 2 3.84 47300000
2 1 47.61 47350000
1 2 3.84 47350000
2 1 47.79 47400000
1 2 3.86 47400000
2 1 47.61 47450000
1 2 3.84 47450000
2 1 47.61 47500000
1 2 3.84 47500000
2 1 47.61 47550000
1 2 3.84 47550000
2 1 47.61 47600000
1 2 3.86 47600000
2 1 47.61 47650000
1 2 3.84 47650000
2 1 47.79 47700000
1 2 3.84 47700000
2 1 47.61 47750000
1 2 3.84 47750000
2 1 47.61 47800000
1 2 3.86 47800000
2 1 47.79 47850000
1 2 3.84 47850000
2 1 47.61 47900000
1 2 3.84 47900000
2 1 47.61 47950000
1 2 3.84 47950000
2 1 47.79 48000000
1 2 3.84 48000000
2 1 47.61 48050000
1 2 3.84 48050000
2 1 47.61 48100000
1 2 3.86 48100000
2 1 47.61 48150000
1 2 3.84 48150000
2 1 47.61 48200000
1 2 3.84 48200000
2 1 47.61 48250000
1 2 3.84 48250000
2 1 47.61 48300000
1 2 3.84 48300000
2 1 47.61 48350000
1 2 3.84 48350000
2 1 47.79 48400000
1 2 3.86 48400000
2 1 47.61 48450000
1 2 3.84 48450000
2 1 47.61 48500000
1 2 3.84 48500000
2 1 47.79 48550000
1 2 3.86 48550000
2 1 47.61 48600000
1 2 3.84 48600000
2 1 47.44 48650000
1 2 3.84 48650000
2 1 47.61 48700000
1 2 3.84 48700000
2 1 47.79 48750000
1 2 3.83 48750000
2 1 47.61 48800000
1 2 3.86 48800000
2 1 47.61 48850000
1 2 3.84 48850000
2 1 47.61 48900000
1 2 3.84 48900000
2 1 47.61 48950000
1 2 3.84 48950000
2 1 47.61 49000000
1 2 3.84 49000000
2 1 47.79 49050000
1 2 3.86 49050000
2 1 47.61 49100000
1 2 3.84 49100000
2 1 47.61 49150000
1 2 3.84 49150000
2 1 47.61 49200000
1 2 3.84 49200000
2 1 47.44 49250000
1 2 3.84 49250000
2 1 47.79 49300000
1 2 3.84 49300000
2 1 47.61 49350000
1 2 3.84 49350000
2 1 47.61 49400000
1 2 3.86 49400000
2 1 47.61 49450000
1 2 3.83 49450000
2 1 47.79 49500000
1 2 3.86 49500000
2 1 47.61 49550000
1 2 3.84 49550000
2 1 47.61 49600000
1 2 3.84 49600000
2 1 47.61 49650000
1 2 3.84 49650000
2 1 47.79 49700000
1 2 3.86 49700000
2 1 47.61 49750000
1 2 3.84 49750000
2 1 47.61 49800000
1 2 3.84 49800000
2 1 47.61 49850000
1 2 3.84 49850000
2 1 47.61 49900000
1 2 3.84 49900000
2 1 47.79 49950000
1 2 3.84 49950000
2 1 47.44 50000000
1 2 3.86 50000000
2 1 47.79 50050000
1 2 3.84 50050000
2 1 47.61 50100000
1 2 3.84 50100000
2 1 47.79 50150000
1 2 3.86 50150000
2 1 47.61 50200000
1 2 3.84 50200000
2 1 47.61 50250000
1 2 3.84 50250000
2 1 47.61 50300000
1 2 3.84 50300000
2 1 47.61 50350000
1 2 3.86 50350000
2 1 47.79 50400000
1 2 3.84 50400000
2 1 47.61 50450000
1 2 3.84 50450000
2 1 47.79 50500000
1 2 3.86 50500000
2 1 47.44 50550000
1 2 3.83 50550000
2 1 47.79 50600000
1 2 3.86 50600000
2 1 47.61 50650000
1 2 3.84 50650000
2 1 47.61 50700000
1 2 3.84 50700000
2 1 47.61 50750000
1 2 3.84 50750000
2 1 47.61 50800000
1 2 3.84 50800000
2 1 47.61 50850000
1 2 3.84 50850000
2 1 47.61 50900000
1 2 3.86 50900000
2 1 47.61 50950000
1 2 3.83 50950000
2 1 47.61 51000000
1 2 3.84 51000000
2 1 47.61 51050000
1 2 3.84 51050000
2 1 47.79 51100000
1 2 3.86 51100000
2 1 47.44 51150000
1 2 3.84 51150000
2 1 47.61 51200000
1 2 3.84 51200000
2 1 47.61 51250000
1 2 3.84 51250000
2 1 47.79 51300000
1 2 3.83 51300000
2 1 47.61 51350000
1 2 3.86 51350000
2 1 47.61 51400000
1 2 3.86 51400000
2 1 47.79 51450000
1 2 3.83 51450000
2 1 47.61 51500000
1 2 3.86 51500000
2 1 47.61 51550000
1 2 3.86 51550000
2 1 47.61 51600000
1 2 3.83 51600000
2 1 47.61 51650000
1 2 3.84 51650000
2 1 47.79 51700000
1 2 3.86 51700000
2 1 47.61 51750000
1 2 3.84 51750000
2 1 47.61 51800000
1 2 3.84 51800000
2 1 47.79 51850000
1 2 3.84 51850000
2 1 47.61 51900000
1 2 3.86 51900000
2 1 47.44 51950000
1 2 3.84 51950000
2 1 47.79 52000000
1 2 3.84 52000000
2 1 47.61 52050000
1 2 3.86 52050000
2 1 47.61 52100000
1 2 3.84 52100000
2 1 47.79 52150000
1 2 3.84 52150000
2 1 47.79 52200000
1 2 3.84 52200000
2 1 47.61 52250000
1 2 3.86 52250000
2 1 47.44 52300000
1 2 3.84 52300000
2 1 47.79 52350000
1 2 3.84 52350000
2 1 47.61 52400000
1 2 3.84 52400000
2 1 47.61 52450000
1 2 3.84 52450000
2 1 47.61 52500000
1 2 3.84 52500000
2 1 47.61 52550000
1 2 3.86 52550000
2 1 47.79 52600000
1 2 3.83 52600000
2 1 47.61 52650000
1 2 3.86 52650000
2 1 47.61 52700000
1 2 3.84 52700000
2 1 47.61 52750000
1 2 3.84 52750000
2 1 47.79 52800000
1 2 3.86 52800000
2 1 47.61 52850000
1 2 3.84 52850000
2 1 47.61 52900000
1 2 3.84 52900000
2 1 47.61 52950000
1 2 3.84 52950000
2 1 47.61 53000000
1 2 3.84 53000000
2 1 47.61 53050000
1 2 3.84 53050000
2 1 47.61 53100000
1 2 3.86 53100000
2 1 47.61 53150000
1 2 3.83 53150000
2 1 47.79 53200000
1 2 3.86 53200000
2 1 47.44 53250000
1 2 3.84 53250000
2 1 47.61 53300000
1 2 3.83 53300000
2 1 47.79 53350000
1 2 3.86 53350000
2 1 47.44 53400000
1 2 3.84 53400000
2 1 47.79 53450000
1 2 3.84 53450000
2 1 47.61 53500000
1 2 3.84 53500000
2 1 47.61 53550000
1 2 3.84 53550000
2 1 47.61 53600000
1 2 3.86 53600000
2 1 47.79 53650000
1 2 3.84 53650000
2 1 47.61 53700000
1 2 3.84 53700000
2 1 47.61 53750000
1 2 3.84 53750000
2 1 47.61 53800000
1 2 3.84 53800000
2 1 47.61 53850000
1 2 3.84 53850000
2 1 47.79 53900000
1 2 3.86 53900000
2 1 47.61 53950000
1 2 3.84 53950000
2 1 47.61 54000000
1 2 3.84 54000000
2 1 47.79 54050000
1 2 3.84 54050000
2 1 47.61 54100000
1 2 3.86 54100000
2 1 47.61 54150000
1 2 3.83 54150000
2 1 47.61 54200000
1 2 3.86 54200000
2 1 47.61 54250000
1 2 3.84 54250000
2 1 47.61 54300000
1 2 3.84 54300000
2 1 47.79 54350000
1 2 3.84 54350000
2 1 47.44 54400000
1 2 3.84 54400000
2 1 47.61 54450000
1 2 3.86 54450000
2 1 47.79 54500000
1 2 3.84 54500000
2 1 47.61 54550000
1 2 3.84 54550000
2 1 47.61 54600000
1 2 3.84 54600000
2 1 47.61 54650000
1 2 3.84 54650000
2 1 47.61 54700000
1 2 3.86 54700000
2 1 47.79 54750000
1 2 3.84 54750000
2 1 47.61 54800000
1 2 3.84 54800000
2 1 47.61 54850000
1 2 3.84 54850000
2 1 47.79 54900000
1 2 3.84 54900000
2 1 47.61 54950000
1 2 3.86 54950000
2 1 47.61 55000000
1 2 3.84 55000000
2 1 47.61 55050000
1 2 3.84 55050000
2 1 47.61 55100000
1 2 3.84 55100000
2 1 47.79 55150000
1 2 3.84 55150000
2 1 47.61 55200000
1 2 3.86 55200000
2 1 47.61 55250000
1 2 3.84 55250000
2 1 47.61 55300000
1 2 3.84 55300000
2 1 47.61 55350000
1 2 3.84 55350000
2 1 47.61 55400000
1 2 3.84 55400000
2 1 47.79 55450000
1 2 3.86 55450000
2 1 47.61 55500000
1 2 3.84 55500000
2 1 47.61 55550000
1 2 3.86 55550000
2 1 47.61 55600000
1 2 3.83 55600000
2 1 47.79 55650000
1 2 3.86 55650000
2 1 47.44 55700000
1 2 3.83 55700000
2 1 47.79 55750000
1 2 3.86 55750000
2 1 47.61 55800000
1 2 3.84 55800000
2 1 47.61 55850000
1 2 3.84 55850000
2 1 47.79 55900000
1 2 3.86 55900000
2 1 47.61 55950000
1 2 3.84 55950000
2 1 47.61 56000000
1 2 3.84 56000000
2 1 47.79 56050000
1 2 3.86 56050000
2 1 47.44 56100000
1 2 3.84 56100000
2 1 47.79 56150000
1 2 3.84 56150000
2 1 47.61 56200000
1 2 3.84 56200000
2 1 47.61 56250000
1 2 3.84 56250000
2 1 47.79 56300000
1 2 3.86 56300000
2 1 47.44 56350000
1 2 3.83 56350000
2 1 47.79 56400000
1 2 3.86 56400000
2 1 47.44 56450000
1 2 3.84 56450000
2 1 47.79 56500000
1 2 3.84 56500000
2 1 47.79 56550000
1 2 3.86 56550000
2 1 47.44 56600000
1 2 3.84 56600000
2 1 47.79 56650000
1 2 3.83 56650000
2 1 47.61 56700000
1 2 3.86 56700000
2 1 47.61 56750000
1 2 3.84 56750000
2 1 47.61 56800000
1 2 3.84 56800000
2 1 47.61 56850000
1 2 3.84 56850000
2 1 47.61 56900000
1 2 3.84 56900000
2 1 47.79 56950000
1 2 3.84 56950000
2 1 47.61 57000000
1 2 3.86 57000000
2 1 47.61 57050000
1 2 3.84 57050000
2 1 47.61 57100000
1 2 3.84 57100000
2 1 47.61 57150000
1 2 3.84 57150000
2 1 47.61 57200000
1 2 3.86 57200000
2 1 47.79 57250000
1 2 3.84 57250000
2 1 47.61 57300000
1 2 3.86 57300000
2 1 47.61 57350000
1 2 3.83 57350000
2 1 47.61 57400000
1 2 3.84 57400000
2 1 47.79 57450000
1 2 3.86 57450000
2 1 47.44 57500000
1 2 3.83 57500000
2 1 47.79 57550000
1 2 3.84 57550000
2 1 47.61 57600000
1 2 3.86 57600000
2 1 47.44 57650000
1 2 3.83 57650000
2 1 47.96 57700000
1 2 3.86 57700000
2 1 47.44 57750000
1 2 3.86 57750000
2 1 47.61 57800000
1 2 3.83 57800000
2 1 47.79 57850000
1 2 3.86 57850000
2 1 47.44 57900000
1 2 3.84 57900000
2 1 47.79 57950000
1 2 3.86 57950000
2 1 47.61 58000000
1 2 3.83 58000000
2 1 46.04 58050000
1 2 3.84 58050000
2 1 32.96 58100000
1 2 2.90 58100000
2 1 33.14 58150000
1 2 2.66 58150000
2 1 33.14 58200000
1 2 2.69 58200000
2 1 42.03 58250000
1 2 3.04 58250000
2 1 45.52 58300000
1 2 3.72 58300000
2 1 45.52 58350000
1 2 3.67 58350000
2 1 46.04 58400000
1 2 3.70 58400000
2 1 47.44 58450000
1 2 3.80 58450000
2 1 47.61 58500000
1 2 3.83 58500000
2 1 47.61 58550000
1 2 3.86 58550000
2 1 47.79 58600000
1 2 3.83 58600000
2 1 47.61 58650000
1 2 3.86 58650000
2 1 47.61 58700000
1 2 3.84 58700000
2 1 47.44 58750000
1 2 3.83 58750000
2 1 47.61 58800000
1 2 3.84 58800000
2 1 47.61 58850000
1 2 3.86 58850000
2 1 47.61 58900000
1 2 3.83 58900000
2 1 47.61 58950000
1 2 3.84 58950000
2 1 47.61 59000000
1 2 3.84 59000000
2 1 47.61 59050000
1 2 3.84 59050000
2 1 47.61 59100000
1 2 3.84 59100000
2 1 47.61 59150000
1 2 3.84 59150000
2 1 47.61 59200000
1 2 3.84 59200000
2 1 47.61 59250000
1 2 3.84 59250000
2 1 47.61 59300000
1 2 3.84 59300000
2 1 47.44 59350000
1 2 3.83 59350000
2 1 47.61 59400000
1 2 3.86 59400000
2 1 47.79 59450000
1 2 3.84 59450000
2 1 47.61 59500000
1 2 3.84 59500000
2 1 47.44 59550000
1 2 3.84 59550000
2 1 47.61 59600000
1 2 3.83 59600000
2 1 47.61 59650000
1 2 3.84 59650000
2 1 47.44 59700000
1 2 3.84 59700000
2 1 47.61 59750000
1 2 3.83 59750000
2 1 47.61 59800000
1 2 3.84 59800000
2 1 47.61 59850000
1 2 3.84 59850000
2 1 47.79 59900000
1 2 3.84 59900000
2 1 47.44 59950000
1 2 3.84 59950000
2 1 47.61 60000000
1 2 3.84 60000000
2 1 47.61 60050000
1 2 3.84 60050000
2 1 47.61 60100000
1 2 3.84 60100000
2 1 47.61 60150000
1 2 3.84 60150000
2 1 47.61 60200000
1 2 3.84 60200000
2 1 47.61 60250000
1 2 3.84 60250000
2 1 47.44 60300000
1 2 3.84 60300000
2 1 47.79 60350000
1 2 3.84 60350000
2 1 47.44 60400000
1 2 3.83 60400000
2 1 47.61 60450000
1 2 3.86 60450000
2 1 47.61 60500000
1 2 3.83 60500000
2 1 47.61 60550000
1 2 3.86 60550000
2 1 47.61 60600000
1 2 3.83 60600000
2 1 47.61 60650000
1 2 3.84 60650000
2 1 47.61 60700000
1 2 3.84 60700000
2 1 47.61 60750000
1 2 3.84 60750000
2 1 47.61 60800000
1 2 3.84 60800000
2 1 47.61 60850000
1 2 3.84 60850000
2 1 47.61 60900000
1 2 3.84 60900000
2 1 47.61 60950000
1 2 3.84 60950000
2 1 47.61 61000000
1 2 3.84 61000000
2 1 47.61 61050000
1 2 3.84 61050000
2 1 47.61 61100000
1 2 3.84 61100000
2 1 47.61 61150000
1 2 3.84 61150000
2 1 47.61 61200000
1 2 3.84 61200000
2 1 47.61 61250000
1 2 3.84 61250000
2 1 47.61 61300000
1 2 3.84 61300000
2 1 47.44 61350000
1 2 3.84 61350000
2 1 47.79 61400000
1 2 3.84 61400000
2 1 47.44 61450000
1 2 3.84 61450000
2 1 47.79 61500000
1 2 3.83 61500000
2 1 47.44 61550000
1 2 3.86 61550000
2 1 47.61 61600000
1 2 3.83 61600000
2 1 47.61 61650000
1 2 3.84 61650000
2 1 47.61 61700000
1 2 3.84 61700000
2 1 47.61 61750000
1 2 3.84 61750000
2 1 47.61 61800000
1 2 3.84 61800000
2 1 47.61 61850000
1 2 3.84 61850000
2 1 47.61 61900000
1 2 3.84 61900000
2 1 47.61 61950000
1 2 3.84 61950000
2 1 47.61 62000000
1 2 3.84 62000000
2 1 47.61 62050000
1 2 3.84 62050000
2 1 47.61 62100000
1 2 3.84 62100000
2 1 47.61 62150000
1 2 3.84 62150000
2 1 47.61 62200000
1 2 3.84 62200000
2 1 47.61 62250000
1 2 3.84 62250000
2 1 47.44 62300000
1 2 3.84 62300000
2 1 47.79 62350000
1 2 3.84 62350000
2 1 47.61 62400000
1 2 3.84 62400000
2 1 47.44 62450000
1 2 3.83 62450000
2 1 47.61 62500000
1 2 3.84 62500000
2 1 47.61 62550000
1 2 3.84 62550000
2 1 47.61 62600000
1 2 3.84 62600000
2 1 47.61 62650000
1 2 3.84 62650000
2 1 47.61 62700000
1 2 3.84 62700000
2 1 47.61 62750000
1 2 3.84 62750000
2 1 47.61 62800000
1 2 3.84 62800000
2 1 47.61 62850000
1 2 3.84 62850000
2 1 47.44 62900000
1 2 3.84 62900000
2 1 47.79 62950000
1 2 3.84 62950000
2 1 47.44 63000000
1 2 3.84 63000000
2 1 47.79 63050000
1 2 3.84 63050000
2 1 47.44 63100000
1 2 3.84 63100000
2 1 47.79 63150000
1 2 3.83 63150000
2 1 47.44 63200000
1 2 3.86 63200000
2 1 47.79 63250000
1 2 3.83 63250000
2 1 47.44 63300000
1 2 3.86 63300000
2 1 47.61 63350000
1 2 3.83 63350000
2 1 47.61 63400000
1 2 3.86 63400000
2 1 47.61 63450000
1 2 3.83 63450000
2 1 47.61 63500000
1 2 3.84 63500000
2 1 47.61 63550000
1 2 3.84 63550000
2 1 47.61 63600000
1 2 3.84 63600000
2 1 47.61 63650000
1 2 3.84 63650000
2 1 47.61 63700000
1 2 3.84 63700000
2 1 47.61 63750000
1 2 3.84 63750000
2 1 47.61 63800000
1 2 3.84 63800000
2 1 47.61 63850000
1 2 3.84 63850000
2 1 47.61 63900000
1 2 3.84 63900000
2 1 47.44 63950000
1 2 3.84 63950000
2 1 46.04 64000000
1 2 3.84 64000000
2 1 24.76 64050000
1 2 2.42 64050000
2 1 24.76 64100000
1 2 2.00 64100000
2 1 24.94 64150000
1 2 2.01 64150000
2 1 42.38 64200000
1 2 2.87 64200000
2 1 47.61 64250000
1 2 3.83 64250000
2 1 47.61 64300000
1 2 3.84 64300000
2 1 47.61 64350000
1 2 3.84 64350000
2 1 47.61 64400000
1 2 3.84 64400000
2 1 47.44 64450000
1 2 3.84 64450000
2 1 47.61 64500000
1 2 3.83 64500000
2 1 47.61 64550000
1 2 3.84 64550000
2 1 47.44 64600000
1 2 3.83 64600000
2 1 47.61 64650000
1 2 3.84 64650000
2 1 47.44 64700000
1 2 3.83 64700000
2 1 47.61 64750000
1 2 3.84 64750000
2 1 47.44 64800000
1 2 3.84 64800000
2 1 47.61 64850000
1 2 3.83 64850000
2 1 47.61 64900000
1 2 3.84 64900000
2 1 47.44 64950000
1 2 3.83 64950000
2 1 47.61 65000000
1 2 3.84 65000000
2 1 47.44 65050000
1 2 3.84 65050000
2 1 47.44 65100000
1 2 3.83 65100000
2 1 47.79 65150000
1 2 3.84 65150000
2 1 47.26 65200000
1 2 3.83 65200000
2 1 47.79 65250000
1 2 3.84 65250000
2 1 47.44 65300000
1 2 3.83 65300000
2 1 47.44 65350000
1 2 3.83 65350000
2 1 47.61 65400000
1 2 3.84 65400000
2 1 47.44 65450000
1 2 3.83 65450000
2 1 47.61 65500000
1 2 3.84 65500000
2 1 47.44 65550000
1 2 3.84 65550000
2 1 47.61 65600000
1 2 3.83 65600000
2 1 47.61 65650000
1 2 3.84 65650000
2 1 47.44 65700000
1 2 3.83 65700000
2 1 47.61 65750000
1 2 3.84 65750000
2 1 47.44 65800000
1 2 3.84 65800000
2 1 47.61 65850000
1 2 3.83 65850000
2 1 47.44 65900000
1 2 3.84 65900000
2 1 47.61 65950000
1 2 3.83 65950000
2 1 47.61 66000000
1 2 3.84 66000000
2 1 47.44 66050000
1 2 3.83 66050000
2 1 47.61 66100000
1 2 3.84 66100000
2 1 47.44 66150000
1 2 3.84 66150000
2 1 47.61 66200000
1 2 3.83 66200000
2 1 47.61 66250000
1 2 3.84 66250000
2 1 47.44 66300000
1 2 3.83 66300000
2 1 47.61 66350000
1 2 3.84 66350000
2 1 47.44 66400000
1 2 3.84 66400000
2 1 47.44 66450000
1 2 3.82 66450000
2 1 47.61 66500000
1 2 3.84 66500000
2 1 47.44 66550000
1 2 3.84 66550000
2 1 47.61 66600000
1 2 3.83 66600000
2 1 47.61 66650000
1 2 3.84 66650000
2 1 47.44 66700000
1 2 3.83 66700000
2 1 47.61 66750000
1 2 3.84 66750000
2 1 47.44 66800000
1 2 3.83 66800000
2 1 47.61 66850000
1 2 3.84 66850000
2 1 47.44 66900000
1 2 3.84 66900000
2 1 47.61 66950000
1 2 3.83 66950000
2 1 47.61 67000000
1 2 3.84 67000000
2 1 47.26 67050000
1 2 3.83 67050000
2 1 47.79 67100000
1 2 3.84 67100000
2 1 47.44 67150000
1 2 3.83 67150000
2 1 47.44 67200000
1 2 3.83 67200000
2 1 47.61 67250000
1 2 3.84 67250000
2 1 47.44 67300000
1 2 3.83 67300000
2 1 47.61 67350000
1 2 3.84 67350000
2 1 47.44 67400000
1 2 3.84 67400000
2 1 47.61 67450000
1 2 3.83 67450000
2 1 47.61 67500000
1 2 3.84 67500000
2 1 47.44 67550000
1 2 3.83 67550000
2 1 47.61 67600000
1 2 3.84 67600000
2 1 47.44 67650000
1 2 3.84 67650000
2 1 47.61 67700000
1 2 3.83 67700000
2 1 47.61 67750000
1 2 3.84 67750000
2 1 47.44 67800000
1 2 3.83 67800000
2 1 47.61 67850000
1 2 3.84 67850000
2 1 47.44 67900000
1 2 3.83 67900000
2 1 47.61 67950000
1 2 3.84 67950000
2 1 47.44 68000000
1 2 3.84 68000000
2 1 47.61 68050000
1 2 3.83 68050000
2 1 47.61 68100000
1 2 3.84 68100000
2 1 47.44 68150000
1 2 3.83 68150000
2 1 47.61 68200000
1 2 3.84 68200000
2 1 47.44 68250000
1 2 3.84 68250000
2 1 47.61 68300000
1 2 3.83 68300000
2 1 47.61 68350000
1 2 3.84 68350000
2 1 47.26 68400000
1 2 3.83 68400000
2 1 47.79 68450000
1 2 3.84 68450000
2 1 47.44 68500000
1 2 3.83 68500000
2 1 47.44 68550000
1 2 3.84 68550000
2 1 47.61 68600000
1 2 3.84 68600000
2 1 47.44 68650000
1 2 3.83 68650000
2 1 47.61 68700000
1 2 3.83 68700000
2 1 47.44 68750000
1 2 3.84 68750000
2 1 47.61 68800000
1 2 3.83 68800000
2 1 47.61 68850000
1 2 3.84 68850000
2 1 47.44 68900000
1 2 3.83 68900000
2 1 47.61 68950000
1 2 3.84 68950000
2 1 47.44 69000000
1 2 3.83 69000000
2 1 47.61 69050000
1 2 3.84 69050000
2 1 47.44 69100000
1 2 3.84 69100000
2 1 47.44 69150000
1 2 3.83 69150000
2 1 47.79 69200000
1 2 3.84 69200000
2 1 47.26 69250000
1 2 3.83 69250000
2 1 47.61 69300000
1 2 3.83 69300000
2 1 47.61 69350000
1 2 3.84 69350000
2 1 47.44 69400000
1 2 3.83 69400000
2 1 47.61 69450000
1 2 3.84 69450000
2 1 47.44 69500000
1 2 3.84 69500000
2 1 47.61 69550000
1 2 3.83 69550000
2 1 47.61 69600000
1 2 3.84 69600000
2 1 47.44 69650000
1 2 3.83 69650000
2 1 47.61 69700000
1 2 3.84 69700000
2 1 47.44 69750000
1 2 3.83 69750000
2 1 47.61 69800000
1 2 3.84 69800000
2 1 47.44 69850000
1 2 3.84 69850000
2 1 47.61 69900000
1 2 3.83 69900000
2 1 47.61 69950000
1 2 3.84 69950000
2 1 47.44 70000000
1 2 3.83 70000000
2 1 47.61 70050000
1 2 3.84 70050000
2 1 47.44 70100000
1 2 3.84 70100000
2 1 47.61 70150000
1 2 3.83 70150000
2 1 47.61 70200000
1 2 3.84 70200000
2 1 47.44 70250000
1 2 3.83 70250000
2 1 47.61 70300000
1 2 3.84 70300000
2 1 47.44 70350000
1 2 3.83 70350000
2 1 47.61 70400000
1 2 3.84 70400000
2 1 47.44 70450000
1 2 3.84 70450000
2 1 47.44 70500000
1 2 3.83 70500000
2 1 47.79 70550000
1 2 3.84 70550000
2 1 47.44 70600000
1 2 3.83 70600000
2 1 47.61 70650000
1 2 3.84 70650000
2 1 47.44 70700000
1 2 3.84 70700000
2 1 47.44 70750000
1 2 3.82 70750000
2 1 47.61 70800000
1 2 3.84 70800000
2 1 47.44 70850000
1 2 3.84 70850000
2 1 47.61 70900000
1 2 3.83 70900000
2 1 47.61 70950000
1 2 3.84 70950000
2 1 47.44 71000000
1 2 3.83 71000000
2 1 47.61 71050000
1 2 3.84 71050000
2 1 47.44 71100000
1 2 3.83 71100000
2 1 47.61 71150000
1 2 3.84 71150000
2 1 12.91 71200000
1 2 2.22 71200000
2 1 0.00 71250000
1 2 0.00 71250000
2 1 0.00 71300000
1 2 0.00 71300000
2 1 0.00 71350000
1 2 0.00 71350000
2 1 0.00 71400000
1 2 0.00 71400000
2 1 0.00 71450000
1 2 0.00 71450000
2 1 0.00 71500000
1 2 0.00 71500000
2 1 0.00 71550000
1 2 0.00 71550000
2 1 0.00 71600000
1 2 0.00 71600000
2 1 0.00 71650000
1 2 0.00 71650000
2 1 0.00 71700000
1 2 0.00 71700000
2 1 0.00 71750000
1 2 0.00 71750000
2 1 0.00 71800000
1 2 0.00 71800000
2 1 0.00 71850000
1 2 0.00 71850000
2 1 0.00 71900000
1 2 0.00 71900000
2 1 0.00 71950000
1 2 0.00 71950000
2 1 0.00 72000000
1 2 0.00 72000000
2 1 0.00 72050000
1 2 0.00 72050000
2 1 0.00 72100000
1 2 0.00 72100000
2 1 0.00 72150000
1 2 0.00 72150000
2 1 0.00 72200000
1 2 0.00 72200000
2 1 0.00 72250000
1 2 0.00 72250000
2 1 0.00 72300000
1 2 0.00 72300000
2 1 0.00 72350000
1 2 0.00 72350000
2 1 0.00 72400000
1 2 0.00 72400000
2 1 0.00 72450000
1 2 0.00 72450000
2 1 0.00 72500000
1 2 0.00 72500000
2 1 0.00 72550000
1 2 0.00 72550000
2 1 0.00 72600000
1 2 0.00 72600000
2 1 0.00 72650000
1 2 0.00 72650000
2 1 0.00 72700000
1 2 0.00 72700000
2 1 0.00 72750000
1 2 0.00 72750000
2 1 0.00 72800000
1 2 0.00 72800000
2 1 0.00 72850000
1 2 0.00 72850000
2 1 0.00 72900000
1 2 0.00 72900000
2 1 0.00 72950000
1 2 0.00 72950000
2 1 0.00 73000000
1 2 0.00 73000000
2 1 0.00 73050000
1 2 0.00 73050000
2 1 0.00 73100000
1 2 0.00 73100000
2 1 0.00 73150000
1 2 0.00 73150000
2 1 0.00 73200000
1 2 0.00 73200000
2 1 0.00 73250000
1 2 0.00 73250000
2 1 0.00 73300000
1 2 0.00 73300000
2 1 0.00 73350000
1 2 0.00 73350000
2 1 0.00 73400000
1 2 0.00 73400000
2 1 0.00 73450000
1 2 0.00 73450000
2 1 0.00 73500000
1 2 0.00 73500000
2 1 0.00 73550000
1 2 0.00 73550000
2 1 0.00 73600000
1 2 0.00 73600000
2 1 0.00 73650000
1 2 0.00 73650000
2 1 0.00 73700000
1 2 0.00 73700000
2 1 0.00 73750000
1 2 0.00 73750000
2 1 0.00 73800000
1 2 0.00 73800000
2 1 0.00 73850000
1 2 0.00 73850000
2 1 0.00 73900000
1 2 0.00 73900000
2 1 0.00 73950000
1 2 0.00 73950000
2 1 0.00 74000000
1 2 0.00 74000000
2 1 0.00 74050000
1 2 0.00 74050000
2 1 0.00 74100000
1 2 0.00 74100000
2 1 0.00 74150000
1 2 0.00 74150000
2 1 0.00 74200000
1 2 0.00 74200000
2 1 0.00 74250000
1 2 0.00 74250000
2 1 0.00 74300000
1 2 0.00 74300000
2 1 0.00 74350000
1 2 0.00 74350000
2 1 0.00 74400000
1 2 0.00 74400000
2 1 0.00 74450000
1 2 0.00 74450000
2 1 0.00 74500000
1 2 0.00 74500000
2 1 0.00 74550000
1 2 0.00 74550000
2 1 0.00 74600000
1 2 0.00 74600000
2 1 0.00 74650000
1 2 0.00 74650000
2 1 0.00 74700000
1 2 0.00 74700000
2 1 0.00 74750000
1 2 0.00 74750000
2 1 0.00 74800000
1 2 0.00 74800000
2 1 0.00 74850000
1 2 0.00 74850000
2 1 0.00 74900000
1 2 0.00 74900000
2 1 0.00 74950000
1 2 0.00 74950000
2 1 0.00 75000000
1 2 0.00 75000000
2 1 0.00 75050000
1 2 0.00 75050000
2 1 0.00 75100000
1 2 0.00 75100000
2 1 0.00 75150000
1 2 0.00 75150000
2 1 0.00 75200000
1 2 0.00 75200000
2 1 0.00 75250000
1 2 0.00 75250000
2 1 0.00 75300000
1 2 0.00 75300000
2 1 0.00 75350000
1 2 0.00 75350000
2 1 0.00 75400000
1 2 0.00 75400000
2 1 0.00 75450000
1 2 0.00 75450000
2 1 0.00 75500000
1 2 0.00 75500000
2 1 0.00 75550000
1 2 0.00 75550000
2 1 0.00 75600000
1 2 0.00 75600000
2 1 0.00 75650000
1 2 0.00 75650000
2 1 0.00 75700000
1 2 0.00 75700000
2 1 0.00 75750000
1 2 0.00 75750000
2 1 0.00 75800000
1 2 0.00 75800000
2 1 0.00 75850000
1 2 0.00 75850000
2 1 0.00 75900000
1 2 0.00 75900000
2 1 0.00 75950000
1 2 0.00 75950000
2 1 0.00 76000000
1 2 0.00 76000000
2 1 0.00 76050000
1 2 0.00 76050000
2 1 0.00 76100000
1 2 0.00 76100000
2 1 0.00 76150000
1 2 0.00 76150000
2 1 0.00 76200000
1 2 0.00 76200000
2 1 0.00 76250000
1 2 0.00 76250000
2 1 0.00 76300000
1 2 0.00 76300000
2 1 0.00 76350000
1 2 0.00 76350000
2 1 0.00 76400000
1 2 0.00 76400000
2 1 0.00 76450000
1 2 0.00 76450000
2 1 0.00 76500000
1 2 0.00 76500000
2 1 0.00 76550000
1 2 0.00 76550000
2 1 0.00 76600000
1 2 0.00 76600000
2 1 0.00 76650000
1 2 0.00 76650000
2 1 0.00 76700000
1 2 0.00 76700000
2 1 0.00 76750000
1 2 0.00 76750000
2 1 0.00 76800000
1 2 0.00 76800000
2 1 0.00 76850000
1 2 0.00 76850000
2 1 0.00 76900000
1 2 0.00 76900000
2 1 0.00 76950000
1 2 0.00 76950000
2 1 0.00 77000000
1 2 0.00 77000000
2 1 0.00 77050000
1 2 0.00 77050000
2 1 0.00 77100000
1 2 0.00 77100000
2 1 0.00 77150000
1 2 0.00 77150000
2 1 0.00 77200000
1 2 0.00 77200000
2 1 0.00 77250000
1 2 0.00 77250000
2 1 0.00 77300000
1 2 0.00 77300000
2 1 0.00 77350000
1 2 0.00 77350000
2 1 0.00 77400000
1 2 0.00 77400000
2 1 0.00 77450000
1 2 0.00 77450000
2 1 0.00 77500000
1 2 0.00 77500000
2 1 0.00 77550000
1 2 0.00 77550000
2 1 0.00 77600000
1 2 0.00 77600000
2 1 0.00 77650000
1 2 0.00 77650000
2 1 0.00 77700000
1 2 0.00 77700000
2 1 0.00 77750000
1 2 0.00 77750000
2 1 0.00 77800000
1 2 0.00 77800000
2 1 0.00 77850000
1 2 0.00 77850000
2 1 0.00 77900000
1 2 0.00 77900000
2 1 0.00 77950000
1 2 0.00 77950000
2 1 0.00 78000000
1 2 0.00 78000000
2 1 0.00 78050000
1 2 0.00 78050000
2 1 0.00 78100000
1 2 0.00 78100000
2 1 0.00 78150000
1 2 0.00 78150000
2 1 0.00 78200000
1 2 0.00 78200000
2 1 0.00 78250000
1 2 0.00 78250000
2 1 0.00 78300000
1 2 0.00 78300000
2 1 0.00 78350000
1 2 0.00 78350000
2 1 0.00 78400000
1 2 0.00 78400000
2 1 0.00 78450000
1 2 0.00 78450000
2 1 0.00 78500000
1 2 0.00 78500000
2 1 0.00 78550000
1 2 0.00 78550000
2 1 0.00 78600000
1 2 0.00 78600000
2 1 0.00 78650000
1 2 0.00 78650000
2 1 0.00 78700000
1 2 0.00 78700000
2 1 0.00 78750000
1 2 0.00 78750000
2 1 0.00 78800000
1 2 0.00 78800000
2 1 0.00 78850000
1 2 0.00 78850000
2 1 0.00 78900000
1 2 0.00 78900000
2 1 0.00 78950000
1 2 0.00 78950000
2 1 0.00 79000000
1 2 0.00 79000000
2 1 0.00 79050000
1 2 0.00 79050000
2 1 0.00 79100000
1 2 0.00 79100000
2 1 0.00 79150000
1 2 0.00 79150000
2 1 0.00 79200000
1 2 0.00 79200000
2 1 0.00 79250000
1 2 0.00 79250000
2 1 0.00 79300000
1 2 0.00 79300000
2 1 0.00 79350000
1 2 0.00 79350000
2 1 0.00 79400000
1 2 0.00 79400000
2 1 0.00 79450000
1 2 0.00 79450000
2 1 0.00 79500000
1 2 0.00 79500000
2 1 0.00 79550000
1 2 0.00 79550000
2 1 0.00 79600000
1 2 0.00 79600000
2 1 0.00 79650000
1 2 0.00 79650000
2 1 0.00 79700000
1 2 0.00 79700000
2 1 0.00 79750000
1 2 0.00 79750000
2 1 0.00 79800000
1 2 0.00 79800000
2 1 0.00 79850000
1 2 0.00 79850000
2 1 0.00 79900000
1 2 0.00 79900000
2 1 0.00 79950000
1 2 0.00 79950000
2 1 0.00 80000000
1 2 0.00 80000000
2 1 0.00 80050000
1 2 0.00 80050000
2 1 0.00 80100000
1 2 0.00 80100000
2 1 0.00 80150000
1 2 0.00 80150000
2 1 0.00 80200000
1 2 0.00 80200000
2 1 0.00 80250000
1 2 0.00 80250000
2 1 0.00 80300000
1 2 0.00 80300000
2 1 0.00 80350000
1 2 0.00 80350000
2 1 0.00 80400000
1 2 0.00 80400000
2 1 0.00 80450000
1 2 0.00 80450000
2 1 0.00 80500000
1 2 0.00 80500000
2 1 0.00 80550000
1 2 0.00 80550000
2 1 0.00 80600000
1 2 0.00 80600000
2 1 0.00 80650000
1 2 0.00 80650000
2 1 0.00 80700000
1 2 0.00 80700000
2 1 0.00 80750000
1 2 0.00 80750000
2 1 0.00 80800000
1 2 0.00 80800000
2 1 0.00 80850000
1 2 0.00 80850000
2 1 0.00 80900000
1 2 0.00 80900000
2 1 0.00 80950000
1 2 0.00 80950000
2 1 0.00 81000000
1 2 0.00 81000000
2 1 0.00 81050000
1 2 0.00 81050000
2 1 0.00 81100000
1 2 0.00 81100000
2 1 0.00 81150000
1 2 0.00 81150000
2 1 0.00 81200000
1 2 0.00 81200000
2 1 0.00 81250000
1 2 0.00 81250000
2 1 0.00 81300000
1 2 0.00 81300000
2 1 0.00 81350000
1 2 0.00 81350000
2 1 0.00 81400000
1 2 0.00 81400000
2 1 0.00 81450000
1 2 0.00 81450000
2 1 0.00 81500000
1 2 0.00 81500000
2 1 0.00 81550000
1 2 0.00 81550000
2 1 0.00 81600000
1 2 0.00 81600000
2 1 0.00 81650000
1 2 0.00 81650000
2 1 0.00 81700000
1 2 0.00 81700000
2 1 0.00 81750000
1 2 0.00 81750000
2 1 0.00 81800000
1 2 0.00 81800000
2 1 0.00 81850000
1 2 0.00 81850000
2 1 0.00 81900000
1 2 0.00 81900000
2 1 0.00 81950000
1 2 0.00 81950000
2 1 0.00 82000000
1 2 0.00 82000000
2 1 0.00 82050000
1 2 0.00 82050000
2 1 0.00 82100000
1 2 0.00 82100000
2 1 0.00 82150000
1 2 0.00 82150000
2 1 0.00 82200000
1 2 0.00 82200000
2 1 0.00 82250000
1 2 0.00 82250000
2 1 0.00 82300000
1 2 0.00 82300000
2 1 0.00 82350000
1 2 0.00 82350000
2 1 0.00 82400000
1 2 0.00 82400000
2 1 0.00 82450000
1 2 0.00 82450000
2 1 0.00 82500000
1 2 0.00 82500000
2 1 0.00 82550000
1 2 0.00 82550000
2 1 0.00 82600000
1 2 0.00 82600000
2 1 0.00 82650000
1 2 0.00 82650000
2 1 0.00 82700000
1 2 0.00 82700000
2 1 0.00 82750000
1 2 0.00 82750000
2 1 0.00 82800000
1 2 0.00 82800000
2 1 0.00 82850000
1 2 0.00 82850000
2 1 0.00 82900000
1 2 0.00 82900000
2 1 0.00 82950000
1 2 0.00 82950000
2 1 0.00 83000000
1 2 0.00 83000000
2 1 0.00 83050000
1 2 0.00 83050000
2 1 0.00 83100000
1 2 0.00 83100000
2 1 0.00 83150000
1 2 0.00 83150000
2 1 0.00 83200000
1 2 0.00 83200000
2 1 0.00 83250000
1 2 0.00 83250000
2 1 0.00 83300000
1 2 0.00 83300000
2 1 0.00 83350000
1 2 0.00 83350000
2 1 0.00 83400000
1 2 0.00 83400000
2 1 0.00 83450000
1 2 0.00 83450000
2 1 0.00 83500000
1 2 0.00 83500000
2 1 0.00 83550000
1 2 0.00 83550000
2 1 0.00 83600000
1 2 0.00 83600000
2 1 0.00 83650000
1 2 0.00 83650000
2 1 0.00 83700000
1 2 0.00 83700000
2 1 0.00 83750000
1 2 0.00 83750000
2 1 0.00 83800000
1 2 0.00 83800000
2 1 0.00 83850000
1 2 0.00 83850000
2 1 0.00 83900000
1 2 0.00 83900000
2 1 0.00 83950000
1 2 0.00 83950000
2 1 0.00 84000000
1 2 0.00 84000000
2 1 0.00 84050000
1 2 0.00 84050000
2 1 0.00 84100000
1 2 0.00 84100000
2 1 0.00 84150000
1 2 0.00 84150000
2 1 0.00 84200000
1 2 0.00 84200000
2 1 0.00 84250000
1 2 0.00 84250000
2 1 0.00 84300000
1 2 0.00 84300000
2 1 0.00 84350000
1 2 0.00 84350000
2 1 0.00 84400000
1 2 0.00 84400000
2 1 0.00 84450000
1 2 0.00 84450000
2 1 0.00 84500000
1 2 0.00 84500000
2 1 0.00 84550000
1 2 0.00 84550000
2 1 0.00 84600000
1 2 0.00 84600000
2 1 0.00 84650000
1 2 0.00 84650000
2 1 0.00 84700000
1 2 0.00 84700000
2 1 0.00 84750000
1 2 0.00 84750000
2 1 0.00 84800000
1 2 0.00 84800000
2 1 0.00 84850000
1 2 0.00 84850000
2 1 0.00 84900000
1 2 0.00 84900000
2 1 0.00 84950000
1 2 0.00 84950000
2 1 0.00 85000000
1 2 0.00 85000000
2 1 0.00 85050000
1 2 0.00 85050000
2 1 0.00 85100000
1 2 0.00 85100000
2 1 0.00 85150000
1 2 0.00 85150000
2 1 0.00 85200000
1 2 0.00 85200000
2 1 0.00 85250000
1 2 0.00 85250000
2 1 0.00 85300000
1 2 0.00 85300000
2 1 0.00 85350000
1 2 0.00 85350000
2 1 0.00 85400000
1 2 0.00 85400000
2 1 0.00 85450000
1 2 0.00 85450000
2 1 0.00 85500000
1 2 0.00 85500000
2 1 0.00 85550000
1 2 0.00 85550000
2 1 0.00 85600000
1 2 0.00 85600000
2 1 0.00 85650000
1 2 0.00 85650000
2 1 0.00 85700000
1 2 0.00 85700000
2 1 0.00 85750000
1 2 0.00 85750000
2 1 0.00 85800000
1 2 0.00 85800000
2 1 0.00 85850000
1 2 0.00 85850000
2 1 0.00 85900000
1 2 0.00 85900000
2 1 0.00 85950000
1 2 0.00 85950000
2 1 0.00 86000000
1 2 0.00 86000000
2 1 0.00 86050000
1 2 0.00 86050000
2 1 0.00 86100000
1 2 0.00 86100000
2 1 0.00 86150000
1 2 0.00 86150000
2 1 0.00 86200000
1 2 0.00 86200000
2 1 0.00 86250000
1 2 0.00 86250000
2 1 0.00 86300000
1 2 0.00 86300000
2 1 0.00 86350000
1 2 0.00 86350000
2 1 0.00 86400000
1 2 0.00 86400000
2 1 0.00 86450000
1 2 0.00 86450000
2 1 0.00 86500000
1 2 0.00 86500000
2 1 0.00 86550000
1 2 0.00 86550000
2 1 0.00 86600000
1 2 0.00 86600000
2 1 0.00 86650000
1 2 0.00 86650000
2 1 0.00 86700000
1 2 0.00 86700000
2 1 0.00 86750000
1 2 0.00 86750000
2 1 0.00 86800000
1 2 0.00 86800000
2 1 0.00 86850000
1 2 0.00 86850000
2 1 0.00 86900000
1 2 0.00 86900000
2 1 0.00 86950000
1 2 0.00 86950000
2 1 0.00 87000000
1 2 0.00 87000000
2 1 0.00 87050000
1 2 0.00 87050000
2 1 0.00 87100000
1 2 0.00 87100000
2 1 0.00 87150000
1 2 0.00 87150000
2 1 0.00 87200000
1 2 0.00 87200000
2 1 0.00 87250000
1 2 0.00 87250000
2 1 0.00 87300000
1 2 0.00 87300000
2 1 0.00 87350000
1 2 0.00 87350000
2 1 0.00 87400000
1 2 0.00 87400000
2 1 0.00 87450000
1 2 0.00 87450000
2 1 0.00 87500000
1 2 0.00 87500000
2 1 0.00 87550000
1 2 0.00 87550000
2 1 0.00 87600000
1 2 0.00 87600000
2 1 0.00 87650000
1 2 0.00 87650000
2 1 0.00 87700000
1 2 0.00 87700000
2 1 0.00 87750000
1 2 0.00 87750000
2 1 0.00 87800000
1 2 0.00 87800000
2 1 0.00 87850000
1 2 0.00 87850000
2 1 0.00 87900000
1 2 0.00 87900000
2 1 0.00 87950000
1 2 0.00 87950000
2 1 0.00 88000000
1 2 0.00 88000000
2 1 0.00 88050000
1 2 0.00 88050000
2 1 0.00 88100000
1 2 0.00 88100000
2 1 0.00 88150000
1 2 0.00 88150000
2 1 0.00 88200000
1 2 0.00 88200000
2 1 0.00 88250000
1 2 0.00 88250000
2 1 0.00 88300000
1 2 0.00 88300000
2 1 0.00 88350000
1 2 0.00 88350000
2 1 0.00 88400000
1 2 0.00 88400000
2 1 0.00 88450000
1 2 0.00 88450000
2 1 0.00 88500000
1 2 0.00 88500000
2 1 0.00 88550000
1 2 0.00 88550000
2 1 0.00 88600000
1 2 0.00 88600000
2 1 0.00 88650000
1 2 0.00 88650000
2 1 0.00 88700000
1 2 0.00 88700000
2 1 0.00 88750000
1 2 0.00 88750000
2 1 0.00 88800000
1 2 0.00 88800000
2 1 0.00 88850000
1 2 0.00 88850000
2 1 0.00 88900000
1 2 0.00 88900000
2 1 0.00 88950000
1 2 0.00 88950000
2 1 0.00 89000000
1 2 0.00 89000000
2 1 0.00 89050000
1 2 0.00 89050000
2 1 0.00 89100000
1 2 0.00 89100000
2 1 0.00 89150000
1 2 0.00 89150000
2 1 0.00 89200000
1 2 0.00 89200000
2 1 0.00 89250000
1 2 0.00 89250000
2 1 0.00 89300000
1 2 0.00 89300000
2 1 0.00 89350000
1 2 0.00 89350000
2 1 0.00 89400000
1 2 0.00 89400000
2 1 0.00 89450000
1 2 0.00 89450000
2 1 0.00 89500000
1 2 0.00 89500000
2 1 0.00 89550000
1 2 0.00 89550000
2 1 0.00 89600000
1 2 0.00 89600000
2 1 0.00 89650000
1 2 0.00 89650000
2 1 0.00 89700000
1 2 0.00 89700000
2 1 0.00 89750000
1 2 0.00 89750000
2 1 0.00 89800000
1 2 0.00 89800000
2 1 0.00 89850000
1 2 0.00 89850000
2 1 0.00 89900000
1 2 0.00 89900000
2 1 0.00 89950000
1 2 0.00 89950000
2 1 0.00 90000000
1 2 0.00 90000000
2 1 0.00 90050000
1 2 0.00 90050000
2 1 0.00 90100000
1 2 0.00 90100000
2 1 0.00 90150000
1 2 0.00 90150000
2 1 0.00 90200000
1 2 0.00 90200000
2 1 0.00 90250000
1 2 0.00 90250000
2 1 0.00 90300000
1 2 0.00 90300000
2 1 0.00 90350000
1 2 0.00 90350000
2 1 0.00 90400000
1 2 0.00 90400000
2 1 0.00 90450000
1 2 0.00 90450000
2 1 0.00 90500000
1 2 0.00 90500000
2 1 0.00 90550000
1 2 0.00 90550000
2 1 0.00 90600000
1 2 0.00 90600000
2 1 0.00 90650000
1 2 0.00 90650000
2 1 0.00 90700000
1 2 0.00 90700000
2 1 0.00 90750000
1 2 0.00 90750000
2 1 0.00 90800000
1 2 0.00 90800000
2 1 0.00 90850000
1 2 0.00 90850000
2 1 0.00 90900000
1 2 0.00 90900000
2 1 0.00 90950000
1 2 0.00 90950000
2 1 0.00 91000000
1 2 0.00 91000000
2 1 0.00 91050000
1 2 0.00 91050000
2 1 0.00 91100000
1 2 0.00 91100000
2 1 0.00 91150000
1 2 0.00 91150000
2 1 0.00 91200000
1 2 0.00 91200000
2 1 0.00 91250000
1 2 0.00 91250000
2 1 0.00 91300000
1 2 0.00 91300000
2 1 0.00 91350000
1 2 0.00 91350000
2 1 0.00 91400000
1 2 0.00 91400000
2 1 0.00 91450000
1 2 0.00 91450000
2 1 0.00 91500000
1 2 0.00 91500000
2 1 0.00 91550000
1 2 0.00 91550000
2 1 0.00 91600000
1 2 0.00 91600000
2 1 0.00 91650000
1 2 0.00 91650000
2 1 0.00 91700000
1 2 0.00 91700000
2 1 0.00 91750000
1 2 0.00 91750000
2 1 0.00 91800000
1 2 0.00 91800000
2 1 0.00 91850000
1 2 0.00 91850000
2 1 0.00 91900000
1 2 0.00 91900000
2 1 0.00 91950000
1 2 0.00 91950000
2 1 0.00 92000000
1 2 0.00 92000000
2 1 0.00 92050000
1 2 0.00 92050000
2 1 0.00 92100000
1 2 0.00 92100000
2 1 0.00 92150000
1 2 0.00 92150000
2 1 0.00 92200000
1 2 0.00 92200000
2 1 0.00 92250000
1 2 0.00 92250000
2 1 0.00 92300000
1 2 0.00 92300000
2 1 0.00 92350000
1 2 0.00 92350000
2 1 0.00 92400000
1 2 0.00 92400000
2 1 0.00 92450000
1 2 0.00 92450000
2 1 0.00 92500000
1 2 0.00 92500000
2 1 0.00 92550000
1 2 0.00 92550000
2 1 0.00 92600000
1 2 0.00 92600000
2 1 0.00 92650000
1 2 0.00 92650000
2 1 0.00 92700000
1 2 0.00 92700000
2 1 0.00 92750000
1 2 0.00 92750000
2 1 0.00 92800000
1 2 0.00 92800000
2 1 0.00 92850000
1 2 0.00 92850000
2 1 0.00 92900000
1 2 0.00 92900000
2 1 0.00 92950000
1 2 0.00 92950000
2 1 0.00 93000000
1 2 0.00 93000000
2 1 0.00 93050000
1 2 0.00 93050000
2 1 0.00 93100000
1 2 0.00 93100000
2 1 0.00 93150000
1 2 0.00 93150000
2 1 0.00 93200000
1 2 0.00 93200000
2 1 0.00 93250000
1 2 0.00 93250000
2 1 0.00 93300000
1 2 0.00 93300000
2 1 0.00 93350000
1 2 0.00 93350000
2 1 0.00 93400000
1 2 0.00 93400000
2 1 0.00 93450000
1 2 0.00 93450000
2 1 0.00 93500000
1 2 0.00 93500000
2 1 0.00 93550000
1 2 0.00 93550000
2 1 0.00 93600000
1 2 0.00 93600000
2 1 0.00 93650000
1 2 0.00 93650000
2 1 0.00 93700000
1 2 0.00 93700000
2 1 0.00 93750000
1 2 0.00 93750000
2 1 0.00 93800000
1 2 0.00 93800000
2 1 0.00 93850000
1 2 0.00 93850000
2 1 0.00 93900000
1 2 0.00 93900000
2 1 0.00 93950000
1 2 0.00 93950000
2 1 0.00 94000000
1 2 0.00 94000000
2 1 0.00 94050000
1 2 0.00 94050000
2 1 0.00 94100000
1 2 0.00 94100000
2 1 0.00 94150000
1 2 0.00 94150000
2 1 0.00 94200000
1 2 0.00 94200000
2 1 0.00 94250000
1 2 0.00 94250000
2 1 0.00 94300000
1 2 0.00 94300000
2 1 0.00 94350000
1 2 0.00 94350000
2 1 0.00 94400000
1 2 0.00 94400000
2 1 0.00 94450000
1 2 0.00 94450000
2 1 0.00 94500000
1 2 0.00 94500000
2 1 0.00 94550000
1 2 0.00 94550000
2 1 0.00 94600000
1 2 0.00 94600000
2 1 0.00 94650000
1 2 0.00 94650000
2 1 0.00 94700000
1 2 0.00 94700000
2 1 0.00 94750000
1 2 0.00 94750000
2 1 0.00 94800000
1 2 0.00 94800000
2 1 0.00 94850000
1 2 0.00 94850000
2 1 0.00 94900000
1 2 0.00 94900000
2 1 0.00 94950000
1 2 0.00 94950000
2 1 0.00 95000000
1 2 0.00 95000000
2 1 0.00 95050000
1 2 0.00 95050000
2 1 0.00 95100000
1 2 0.00 95100000
2 1 0.00 95150000
1 2 0.00 95150000
2 1 0.00 95200000
1 2 0.00 95200000
2 1 0.00 95250000
1 2 0.00 95250000
2 1 0.00 95300000
1 2 0.00 95300000
2 1 0.00 95350000
1 2 0.00 95350000
2 1 0.00 95400000
1 2 0.00 95400000
2 1 0.00 95450000
1 2 0.00 95450000
2 1 0.00 95500000
1 2 0.00 95500000
2 1 0.00 95550000
1 2 0.00 95550000
2 1 0.00 95600000
1 2 0.00 95600000
2 1 0.00 95650000
1 2 0.00 95650000
2 1 0.00 95700000
1 2 0.00 95700000
2 1 0.00 95750000
1 2 0.00 95750000
2 1 0.00 95800000
1 2 0.00 95800000
2 1 0.00 95850000
1 2 0.00 95850000
2 1 0.00 95900000
1 2 0.00 95900000
2 1 0.00 95950000
1 2 0.00 95950000
2 1 0.00 96000000
1 2 0.00 96000000
2 1 0.00 96050000
1 2 0.00 96050000
2 1 0.00 96100000
1 2 0.00 96100000
2 1 0.00 96150000
1 2 0.00 96150000
2 1 0.00 96200000
1 2 0.00 96200000
2 1 0.00 96250000
1 2 0.00 96250000
2 1 0.00 96300000
1 2 0.00 96300000
2 1 0.00 96350000
1 2 0.00 96350000
2 1 0.00 96400000
1 2 0.00 96400000
2 1 0.00 96450000
1 2 0.00 96450000
2 1 0.00 96500000
1 2 0.00 96500000
2 1 0.00 96550000
1 2 0.00 96550000
2 1 0.00 96600000
1 2 0.00 96600000
2 1 0.00 96650000
1 2 0.00 96650000
2 1 0.00 96700000
1 2 0.00 96700000
2 1 0.00 96750000
1 2 0.00 96750000
2 1 0.00 96800000
1 2 0.00 96800000
2 1 0.00 96850000
1 2 0.00 96850000
2 1 0.00 96900000
1 2 0.00 96900000
2 1 0.00 96950000
1 2 0.00 96950000
2 1 0.00 97000000
1 2 0.00 97000000
2 1 0.00 97050000
1 2 0.00 97050000
2 1 0.00 97100000
1 2 0.00 97100000
2 1 0.00 97150000
1 2 0.00 97150000
2 1 0.00 97200000
1 2 0.00 97200000
2 1 0.00 97250000
1 2 0.00 97250000
2 1 0.00 97300000
1 2 0.00 97300000
2 1 0.00 97350000
1 2 0.00 97350000
2 1 0.00 97400000
1 2 0.00 97400000
2 1 0.00 97450000
1 2 0.00 97450000
2 1 0.00 97500000
1 2 0.00 97500000
2 1 0.00 97550000
1 2 0.00 97550000
2 1 0.00 97600000
1 2 0.00 97600000
2 1 0.00 97650000
1 2 0.00 97650000
2 1 0.00 97700000
1 2 0.00 97700000
2 1 0.00 97750000
1 2 0.00 97750000
2 1 0.00 97800000
1 2 0.00 97800000
2 1 0.00 97850000
1 2 0.00 97850000
2 1 0.00 97900000
1 2 0.00 97900000
2 1 0.00 97950000
1 2 0.00 97950000
2 1 0.00 98000000
1 2 0.00 98000000
2 1 0.00 98050000
1 2 0.00 98050000
2 1 0.00 98100000
1 2 0.00 98100000
2 1 0.00 98150000
1 2 0.00 98150000
2 1 0.00 98200000
1 2 0.00 98200000
2 1 0.00 98250000
1 2 0.00 98250000
2 1 0.00 98300000
1 2 0.00 98300000
2 1 0.00 98350000
1 2 0.00 98350000
2 1 0.00 98400000
1 2 0.00 98400000
2 1 0.00 98450000
1 2 0.00 98450000
2 1 0.00 98500000
1 2 0.00 98500000
2 1 0.00 98550000
1 2 0.00 98550000
2 1 0.00 98600000
1 2 0.00 98600000
2 1 0.00 98650000
1 2 0.00 98650000
2 1 0.00 98700000
1 2 0.00 98700000
2 1 0.00 98750000
1 2 0.00 98750000
2 1 0.00 98800000
1 2 0.00 98800000
2 1 0.00 98850000
1 2 0.00 98850000
2 1 0.00 98900000
1 2 0.00 98900000
2 1 0.00 98950000
1 2 0.00 98950000
2 1 0.00 99000000
1 2 0.00 99000000
2 1 0.00 99050000
1 2 0.00 99050000
2 1 0.00 99100000
1 2 0.00 99100000
2 1 0.00 99150000
1 2 0.00 99150000
2 1 0.00 99200000
1 2 0.00 99200000
2 1 0.00 99250000
1 2 0.00 99250000
2 1 0.00 99300000
1 2 0.00 99300000
2 1 0.00 99350000
1 2 0.00 99350000
2 1 0.00 99400000
1 2 0.00 99400000
2 1 0.00 99450000
1 2 0.00 99450000
2 1 0.00 99500000
1 2 0.00 99500000
2 1 0.00 99550000
1 2 0.00 99550000
2 1 0.00 99600000
1 2 0.00 99600000
2 1 0.00 99650000
1 2 0.00 99650000
2 1 0.00 99700000
1 2 0.00 99700000
2 1 0.00 99750000
1 2 0.00 99750000
2 1 0.00 99800000
1 2 0.00 99800000
2 1 0.00 99850000
1 2 0.00 99850000
2 1 0.00 99900000
1 2 0.00 99900000
2 1 0.00 99950000
1 2 0.00 99950000
2 1 0.00 100000000
1 2 0.00 100000000
