2 1 0.00 50000
1 2 0.00 50000
2 1 0.00 100000
1 2 0.00 100000
2 1 0.00 150000
1 2 0.00 150000
2 1 0.00 200000
1 2 0.00 200000
2 1 0.00 250000
1 2 0.00 250000
2 1 0.00 300000
1 2 0.00 300000
2 1 0.00 350000
1 2 0.00 350000
2 1 0.00 400000
1 2 0.00 400000
2 1 0.00 450000
1 2 0.00 450000
2 1 0.00 500000
1 2 0.00 500000
2 1 0.00 550000
1 2 0.00 550000
2 1 0.00 600000
1 2 0.00 600000
2 1 0.00 650000
1 2 0.00 650000
2 1 0.00 700000
1 2 0.00 700000
2 1 0.00 750000
1 2 0.00 750000
2 1 0.00 800000
1 2 0.00 800000
2 1 0.00 850000
1 2 0.00 850000
2 1 0.00 900000
1 2 0.00 900000
2 1 0.00 950000
1 2 0.00 950000
2 1 0.00 1000000
1 2 0.00 1000000
2 1 0.00 1050000
1 2 0.00 1050000
2 1 0.00 1100000
1 2 0.00 1100000
2 1 0.00 1150000
1 2 0.00 1150000
2 1 0.00 1200000
1 2 0.00 1200000
2 1 0.00 1250000
1 2 0.00 1250000
2 1 0.00 1300000
1 2 0.00 1300000
2 1 0.00 1350000
1 2 0.00 1350000
2 1 0.00 1400000
1 2 0.00 1400000
2 1 0.00 1450000
1 2 0.00 1450000
2 1 0.00 1500000
1 2 0.00 1500000
2 1 0.00 1550000
1 2 0.00 1550000
2 1 0.00 1600000
1 2 0.00 1600000
2 1 0.00 1650000
1 2 0.00 1650000
2 1 0.00 1700000
1 2 0.00 1700000
2 1 0.00 1750000
1 2 0.00 1750000
2 1 0.00 1800000
1 2 0.00 1800000
2 1 0.00 1850000
1 2 0.00 1850000
2 1 0.00 1900000
1 2 0.00 1900000
2 1 0.00 1950000
1 2 0.00 1950000
2 1 0.00 2000000
1 2 0.00 2000000
2 1 0.00 2050000
1 2 0.00 2050000
2 1 0.00 2100000
1 2 0.00 2100000
2 1 0.00 2150000
1 2 0.00 2150000
2 1 0.00 2200000
1 2 0.00 2200000
2 1 0.00 2250000
1 2 0.00 2250000
2 1 0.00 2300000
1 2 0.00 2300000
2 1 0.00 2350000
1 2 0.00 2350000
2 1 0.00 2400000
1 2 0.00 2400000
2 1 0.00 2450000
1 2 0.00 2450000
2 1 0.00 2500000
1 2 0.00 2500000
2 1 0.00 2550000
1 2 0.00 2550000
2 1 0.00 2600000
1 2 0.00 2600000
2 1 0.00 2650000
1 2 0.00 2650000
2 1 0.00 2700000
1 2 0.00 2700000
2 1 0.00 2750000
1 2 0.00 2750000
2 1 0.00 2800000
1 2 0.00 2800000
2 1 0.00 2850000
1 2 0.00 2850000
2 1 0.00 2900000
1 2 0.00 2900000
2 1 0.00 2950000
1 2 0.00 2950000
2 1 0.00 3000000
1 2 0.00 3000000
2 1 0.00 3050000
1 2 0.00 3050000
2 1 0.00 3100000
1 2 0.00 3100000
2 1 0.00 3150000
1 2 0.00 3150000
2 1 0.00 3200000
1 2 0.00 3200000
2 1 0.00 3250000
1 2 0.00 3250000
2 1 0.00 3300000
1 2 0.00 3300000
2 1 0.00 3350000
1 2 0.00 3350000
2 1 0.00 3400000
1 2 0.00 3400000
2 1 0.00 3450000
1 2 0.00 3450000
2 1 0.00 3500000
1 2 0.00 3500000
2 1 0.00 3550000
1 2 0.00 3550000
2 1 0.00 3600000
1 2 0.00 3600000
2 1 0.00 3650000
1 2 0.00 3650000
2 1 0.00 3700000
1 2 0.00 3700000
2 1 0.00 3750000
1 2 0.00 3750000
2 1 0.00 3800000
1 2 0.00 3800000
2 1 0.00 3850000
1 2 0.00 3850000
2 1 0.00 3900000
1 2 0.00 3900000
2 1 0.00 3950000
1 2 0.00 3950000
2 1 0.00 4000000
1 2 0.00 4000000
2 1 0.00 4050000
1 2 0.00 4050000
2 1 0.00 4100000
1 2 0.00 4100000
2 1 0.00 4150000
1 2 0.00 4150000
2 1 0.00 4200000
1 2 0.00 4200000
2 1 0.00 4250000
1 2 0.00 4250000
2 1 0.00 4300000
1 2 0.00 4300000
2 1 0.00 4350000
1 2 0.00 4350000
2 1 0.00 4400000
1 2 0.00 4400000
2 1 0.00 4450000
1 2 0.00 4450000
2 1 0.00 4500000
1 2 0.00 4500000
2 1 0.00 4550000
1 2 0.00 4550000
2 1 0.00 4600000
1 2 0.00 4600000
2 1 0.00 4650000
1 2 0.00 4650000
2 1 0.00 4700000
1 2 0.00 4700000
2 1 0.00 4750000
1 2 0.00 4750000
2 1 0.00 4800000
1 2 0.00 4800000
2 1 0.00 4850000
1 2 0.00 4850000
2 1 0.00 4900000
1 2 0.00 4900000
2 1 0.00 4950000
1 2 0.00 4950000
2 1 0.00 5000000
1 2 0.00 5000000
2 1 0.00 5050000
1 2 0.00 5050000
2 1 0.00 5100000
1 2 0.00 5100000
2 1 0.00 5150000
1 2 0.00 5150000
2 1 0.00 5200000
1 2 0.00 5200000
2 1 0.00 5250000
1 2 0.00 5250000
2 1 0.00 5300000
1 2 0.00 5300000
2 1 0.00 5350000
1 2 0.00 5350000
2 1 0.00 5400000
1 2 0.00 5400000
2 1 0.00 5450000
1 2 0.00 5450000
2 1 0.00 5500000
1 2 0.00 5500000
2 1 0.00 5550000
1 2 0.00 5550000
2 1 0.00 5600000
1 2 0.00 5600000
2 1 0.00 5650000
1 2 0.00 5650000
2 1 0.00 5700000
1 2 0.00 5700000
2 1 0.00 5750000
1 2 0.00 5750000
2 1 0.00 5800000
1 2 0.00 5800000
2 1 0.00 5850000
1 2 0.00 5850000
2 1 0.00 5900000
1 2 0.00 5900000
2 1 0.00 5950000
1 2 0.00 5950000
2 1 0.00 6000000
1 2 0.00 6000000
2 1 0.00 6050000
1 2 0.00 6050000
2 1 0.00 6100000
1 2 0.00 6100000
2 1 0.00 6150000
1 2 0.00 6150000
2 1 0.00 6200000
1 2 0.00 6200000
2 1 0.00 6250000
1 2 0.00 6250000
2 1 0.00 6300000
1 2 0.00 6300000
2 1 0.00 6350000
1 2 0.00 6350000
2 1 0.00 6400000
1 2 0.00 6400000
2 1 0.00 6450000
1 2 0.00 6450000
2 1 0.00 6500000
1 2 0.00 6500000
2 1 0.00 6550000
1 2 0.00 6550000
2 1 0.00 6600000
1 2 0.00 6600000
2 1 0.00 6650000
1 2 0.00 6650000
2 1 0.00 6700000
1 2 0.00 6700000
2 1 0.00 6750000
1 2 0.00 6750000
2 1 0.00 6800000
1 2 0.00 6800000
2 1 0.00 6850000
1 2 0.00 6850000
2 1 0.00 6900000
1 2 0.00 6900000
2 1 0.00 6950000
1 2 0.00 6950000
2 1 0.00 7000000
1 2 0.00 7000000
2 1 0.00 7050000
1 2 0.00 7050000
2 1 0.00 7100000
1 2 0.00 7100000
2 1 0.00 7150000
1 2 0.00 7150000
2 1 0.00 7200000
1 2 0.00 7200000
2 1 0.00 7250000
1 2 0.00 7250000
2 1 0.00 7300000
1 2 0.00 7300000
2 1 0.00 7350000
1 2 0.00 7350000
2 1 0.00 7400000
1 2 0.00 7400000
2 1 0.00 7450000
1 2 0.00 7450000
2 1 0.00 7500000
1 2 0.00 7500000
2 1 0.00 7550000
1 2 0.00 7550000
2 1 0.00 7600000
1 2 0.00 7600000
2 1 0.00 7650000
1 2 0.00 7650000
2 1 0.00 7700000
1 2 0.00 7700000
2 1 0.00 7750000
1 2 0.00 7750000
2 1 0.00 7800000
1 2 0.00 7800000
2 1 0.00 7850000
1 2 0.00 7850000
2 1 0.00 7900000
1 2 0.00 7900000
2 1 0.00 7950000
1 2 0.00 7950000
2 1 0.00 8000000
1 2 0.00 8000000
2 1 0.00 8050000
1 2 0.00 8050000
2 1 0.00 8100000
1 2 0.00 8100000
2 1 0.00 8150000
1 2 0.00 8150000
2 1 0.00 8200000
1 2 0.00 8200000
2 1 0.00 8250000
1 2 0.00 8250000
2 1 0.00 8300000
1 2 0.00 8300000
2 1 0.00 8350000
1 2 0.00 8350000
2 1 0.00 8400000
1 2 0.00 8400000
2 1 0.00 8450000
1 2 0.00 8450000
2 1 0.00 8500000
1 2 0.00 8500000
2 1 0.00 8550000
1 2 0.00 8550000
2 1 0.00 8600000
1 2 0.00 8600000
2 1 0.00 8650000
1 2 0.00 8650000
2 1 0.00 8700000
1 2 0.00 8700000
2 1 0.00 8750000
1 2 0.00 8750000
2 1 0.00 8800000
1 2 0.00 8800000
2 1 0.00 8850000
1 2 0.00 8850000
2 1 0.00 8900000
1 2 0.00 8900000
2 1 0.00 8950000
1 2 0.00 8950000
2 1 0.00 9000000
1 2 0.00 9000000
2 1 0.00 9050000
1 2 0.00 9050000
2 1 0.00 9100000
1 2 0.00 9100000
2 1 0.00 9150000
1 2 0.00 9150000
2 1 0.00 9200000
1 2 0.00 9200000
2 1 0.00 9250000
1 2 0.00 9250000
2 1 0.00 9300000
1 2 0.00 9300000
2 1 0.00 9350000
1 2 0.00 9350000
2 1 0.00 9400000
1 2 0.00 9400000
2 1 0.00 9450000
1 2 0.00 9450000
2 1 0.00 9500000
1 2 0.00 9500000
2 1 0.00 9550000
1 2 0.00 9550000
2 1 0.00 9600000
1 2 0.00 9600000
2 1 0.00 9650000
1 2 0.00 9650000
2 1 0.00 9700000
1 2 0.00 9700000
2 1 0.00 9750000
1 2 0.00 9750000
2 1 0.00 9800000
1 2 0.00 9800000
2 1 0.00 9850000
1 2 0.00 9850000
2 1 0.00 9900000
1 2 0.00 9900000
2 1 0.00 9950000
1 2 0.00 9950000
2 1 0.00 10000000
1 2 0.00 10000000
2 1 44.47 10050000
1 2 2.39 10050000
2 1 46.91 10100000
1 2 3.82 10100000
2 1 47.26 10150000
1 2 3.80 10150000
2 1 47.96 10200000
1 2 3.87 10200000
2 1 47.61 10250000
1 2 3.84 10250000
2 1 47.61 10300000
1 2 3.84 10300000
2 1 47.61 10350000
1 2 3.84 10350000
2 1 47.61 10400000
1 2 3.84 10400000
2 1 47.79 10450000
1 2 3.86 10450000
2 1 47.61 10500000
1 2 3.84 10500000
2 1 47.61 10550000
1 2 3.84 10550000
2 1 47.61 10600000
1 2 3.84 10600000
2 1 47.79 10650000
1 2 3.86 10650000
2 1 47.61 10700000
1 2 3.84 10700000
2 1 47.61 10750000
1 2 3.84 10750000
2 1 47.61 10800000
1 2 3.84 10800000
2 1 47.61 10850000
1 2 3.86 10850000
2 1 47.79 10900000
1 2 3.84 10900000
2 1 47.61 10950000
1 2 3.84 10950000
2 1 47.61 11000000
1 2 3.84 11000000
2 1 47.61 11050000
1 2 3.84 11050000
2 1 47.79 11100000
1 2 3.86 11100000
2 1 47.61 11150000
1 2 3.84 11150000
2 1 47.61 11200000
1 2 3.84 11200000
2 1 47.61 11250000
1 2 3.84 11250000
2 1 47.61 11300000
1 2 3.86 11300000
2 1 47.79 11350000
1 2 3.84 11350000
2 1 47.61 11400000
1 2 3.84 11400000
2 1 47.61 11450000
1 2 3.84 11450000
2 1 47.61 11500000
1 2 3.84 11500000
2 1 47.79 11550000
1 2 3.86 11550000
2 1 47.61 11600000
1 2 3.84 11600000
2 1 47.61 11650000
1 2 3.84 11650000
2 1 47.61 11700000
1 2 3.84 11700000
2 1 47.61 11750000
1 2 3.86 11750000
2 1 47.79 11800000
1 2 3.84 11800000
2 1 47.61 11850000
1 2 3.84 11850000
2 1 47.61 11900000
1 2 3.84 11900000
2 1 47.61 11950000
1 2 3.84 11950000
2 1 47.79 12000000
1 2 3.86 12000000
2 1 47.61 12050000
1 2 3.84 12050000
2 1 47.61 12100000
1 2 3.84 12100000
2 1 47.61 12150000
1 2 3.84 12150000
2 1 47.79 12200000
1 2 3.86 12200000
2 1 47.61 12250000
1 2 3.84 12250000
2 1 47.61 12300000
1 2 3.84 12300000
2 1 47.61 12350000
1 2 3.84 12350000
2 1 47.61 12400000
1 2 3.84 12400000
2 1 47.79 12450000
1 2 3.86 12450000
2 1 47.61 12500000
1 2 3.84 12500000
2 1 47.61 12550000
1 2 3.84 12550000
2 1 47.61 12600000
1 2 3.84 12600000
2 1 47.79 12650000
1 2 3.86 12650000
2 1 47.61 12700000
1 2 3.84 12700000
2 1 47.61 12750000
1 2 3.84 12750000
2 1 47.61 12800000
1 2 3.84 12800000
2 1 47.61 12850000
1 2 3.84 12850000
2 1 47.79 12900000
1 2 3.86 12900000
2 1 47.61 12950000
1 2 3.84 12950000
2 1 47.61 13000000
1 2 3.84 13000000
2 1 47.61 13050000
1 2 3.84 13050000
2 1 47.79 13100000
1 2 3.86 13100000
2 1 47.61 13150000
1 2 3.84 13150000
2 1 47.61 13200000
1 2 3.84 13200000
2 1 47.61 13250000
1 2 3.84 13250000
2 1 47.61 13300000
1 2 3.84 13300000
2 1 47.79 13350000
1 2 3.86 13350000
2 1 47.61 13400000
1 2 3.84 13400000
2 1 47.61 13450000
1 2 3.84 13450000
2 1 47.61 13500000
1 2 3.84 13500000
2 1 47.61 13550000
1 2 3.84 13550000
2 1 47.79 13600000
1 2 3.86 13600000
2 1 47.61 13650000
1 2 3.84 13650000
2 1 47.61 13700000
1 2 3.84 13700000
2 1 47.61 13750000
1 2 3.84 13750000
2 1 47.61 13800000
1 2 3.86 13800000
2 1 47.79 13850000
1 2 3.84 13850000
2 1 47.61 13900000
1 2 3.84 13900000
2 1 47.61 13950000
1 2 3.84 13950000
2 1 47.61 14000000
1 2 3.84 14000000
2 1 47.79 14050000
1 2 3.86 14050000
2 1 47.61 14100000
1 2 3.84 14100000
2 1 47.61 14150000
1 2 3.84 14150000
2 1 47.61 14200000
1 2 3.84 14200000
2 1 47.61 14250000
1 2 3.86 14250000
2 1 47.79 14300000
1 2 3.84 14300000
2 1 47.61 14350000
1 2 3.84 14350000
2 1 47.61 14400000
1 2 3.84 14400000
2 1 47.61 14450000
1 2 3.84 14450000
2 1 47.79 14500000
1 2 3.86 14500000
2 1 47.61 14550000
1 2 3.84 14550000
2 1 47.61 14600000
1 2 3.84 14600000
2 1 47.61 14650000
1 2 3.84 14650000
2 1 47.61 14700000
1 2 3.86 14700000
2 1 47.79 14750000
1 2 3.84 14750000
2 1 47.61 14800000
1 2 3.84 14800000
2 1 47.61 14850000
1 2 3.84 14850000
2 1 47.61 14900000
1 2 3.84 14900000
2 1 47.79 14950000
1 2 3.86 14950000
2 1 47.61 15000000
1 2 3.84 15000000
2 1 47.61 15050000
1 2 3.84 15050000
2 1 47.61 15100000
1 2 3.84 15100000
2 1 47.61 15150000
1 2 3.86 15150000
2 1 47.79 15200000
1 2 3.84 15200000
2 1 47.61 15250000
1 2 3.84 15250000
2 1 47.61 15300000
1 2 3.84 15300000
2 1 47.61 15350000
1 2 3.84 15350000
2 1 47.79 15400000
1 2 3.86 15400000
2 1 47.61 15450000
1 2 3.84 15450000
2 1 47.61 15500000
1 2 3.84 15500000
2 1 47.61 15550000
1 2 3.84 15550000
2 1 47.79 15600000
1 2 3.86 15600000
2 1 47.61 15650000
1 2 3.84 15650000
2 1 47.61 15700000
1 2 3.84 15700000
2 1 47.61 15750000
1 2 3.84 15750000
2 1 47.61 15800000
1 2 3.84 15800000
2 1 47.79 15850000
1 2 3.86 15850000
2 1 47.61 15900000
1 2 3.84 15900000
2 1 47.61 15950000
1 2 3.84 15950000
2 1 47.61 16000000
1 2 3.84 16000000
2 1 47.79 16050000
1 2 3.86 16050000
2 1 47.61 16100000
1 2 3.84 16100000
2 1 47.61 16150000
1 2 3.84 16150000
2 1 47.61 16200000
1 2 3.84 16200000
2 1 47.61 16250000
1 2 3.84 16250000
2 1 47.79 16300000
1 2 3.86 16300000
2 1 47.61 16350000
1 2 3.84 16350000
2 1 47.61 16400000
1 2 3.84 16400000
2 1 47.61 16450000
1 2 3.84 16450000
2 1 47.79 16500000
1 2 3.86 16500000
2 1 47.61 16550000
1 2 3.84 16550000
2 1 47.61 16600000
1 2 3.84 16600000
2 1 47.61 16650000
1 2 3.84 16650000
2 1 47.61 16700000
1 2 3.86 16700000
2 1 47.79 16750000
1 2 3.84 16750000
2 1 47.61 16800000
1 2 3.84 16800000
2 1 47.61 16850000
1 2 3.84 16850000
2 1 47.61 16900000
1 2 3.84 16900000
2 1 47.79 16950000
1 2 3.86 16950000
2 1 47.61 17000000
1 2 3.84 17000000
2 1 47.61 17050000
1 2 3.84 17050000
2 1 47.61 17100000
1 2 3.84 17100000
2 1 47.79 17150000
1 2 3.86 17150000
2 1 47.61 17200000
1 2 3.84 17200000
2 1 47.61 17250000
1 2 3.84 17250000
2 1 47.61 17300000
1 2 3.84 17300000
2 1 47.79 17350000
1 2 3.86 17350000
2 1 47.61 17400000
1 2 3.84 17400000
2 1 47.61 17450000
1 2 3.84 17450000
2 1 47.61 17500000
1 2 3.84 17500000
2 1 47.61 17550000
1 2 3.86 17550000
2 1 47.79 17600000
1 2 3.84 17600000
2 1 47.61 17650000
1 2 3.84 17650000
2 1 47.61 17700000
1 2 3.84 17700000
2 1 47.61 17750000
1 2 3.84 17750000
2 1 47.79 17800000
1 2 3.86 17800000
2 1 47.61 17850000
1 2 3.84 17850000
2 1 47.61 17900000
1 2 3.84 17900000
2 1 47.61 17950000
1 2 3.84 17950000
2 1 47.79 18000000
1 2 3.86 18000000
2 1 47.61 18050000
1 2 3.84 18050000
2 1 47.61 18100000
1 2 3.84 18100000
2 1 47.61 18150000
1 2 3.84 18150000
2 1 47.79 18200000
1 2 3.86 18200000
2 1 47.61 18250000
1 2 3.84 18250000
2 1 47.61 18300000
1 2 3.84 18300000
2 1 47.61 18350000
1 2 3.84 18350000
2 1 47.61 18400000
1 2 3.84 18400000
2 1 47.79 18450000
1 2 3.86 18450000
2 1 47.61 18500000
1 2 3.84 18500000
2 1 47.61 18550000
1 2 3.84 18550000
2 1 47.61 18600000
1 2 3.84 18600000
2 1 47.79 18650000
1 2 3.86 18650000
2 1 47.61 18700000
1 2 3.84 18700000
2 1 47.61 18750000
1 2 3.84 18750000
2 1 47.61 18800000
1 2 3.84 18800000
2 1 47.79 18850000
1 2 3.86 18850000
2 1 47.61 18900000
1 2 3.84 18900000
2 1 47.61 18950000
1 2 3.84 18950000
2 1 47.61 19000000
1 2 3.84 19000000
2 1 47.79 19050000
1 2 3.86 19050000
2 1 47.61 19100000
1 2 3.84 19100000
2 1 47.61 19150000
1 2 3.84 19150000
2 1 47.61 19200000
1 2 3.84 19200000
2 1 47.61 19250000
1 2 3.86 19250000
2 1 47.79 19300000
1 2 3.84 19300000
2 1 47.61 19350000
1 2 3.84 19350000
2 1 47.61 19400000
1 2 3.84 19400000
2 1 47.61 19450000
1 2 3.84 19450000
2 1 47.79 19500000
1 2 3.86 19500000
2 1 47.61 19550000
1 2 3.84 19550000
2 1 47.61 19600000
1 2 3.84 19600000
2 1 47.61 19650000
1 2 3.84 19650000
2 1 47.79 19700000
1 2 3.86 19700000
2 1 47.61 19750000
1 2 3.84 19750000
2 1 47.61 19800000
1 2 3.84 19800000
2 1 47.61 19850000
1 2 3.84 19850000
2 1 47.61 19900000
1 2 3.86 19900000
2 1 47.79 19950000
1 2 3.84 19950000
2 1 47.61 20000000
1 2 3.84 20000000
2 1 49.88 20050000
1 2 3.97 20050000
2 1 42.55 20100000
1 2 3.76 20100000
2 1 46.04 20150000
1 2 3.42 20150000
2 1 49.36 20200000
1 2 3.98 20200000
2 1 47.61 20250000
1 2 3.89 20250000
2 1 47.44 20300000
1 2 3.82 20300000
2 1 47.96 20350000
1 2 3.87 20350000
2 1 47.79 20400000
1 2 3.86 20400000
2 1 47.79 20450000
1 2 3.86 20450000
2 1 47.79 20500000
1 2 3.86 20500000
2 1 47.79 20550000
1 2 3.86 20550000
2 1 47.79 20600000
1 2 3.86 20600000
2 1 47.79 20650000
1 2 3.86 20650000
2 1 47.96 20700000
1 2 3.86 20700000
2 1 47.61 20750000
1 2 3.86 20750000
2 1 47.79 20800000
1 2 3.86 20800000
2 1 47.96 20850000
1 2 3.86 20850000
2 1 47.79 20900000
1 2 3.87 20900000
2 1 47.79 20950000
1 2 3.84 20950000
2 1 47.79 21000000
1 2 3.86 21000000
2 1 47.79 21050000
1 2 3.87 21050000
2 1 47.79 21100000
1 2 3.86 21100000
2 1 47.79 21150000
1 2 3.86 21150000
2 1 47.79 21200000
1 2 3.86 21200000
2 1 47.79 21250000
1 2 3.86 21250000
2 1 47.79 21300000
1 2 3.86 21300000
2 1 47.79 21350000
1 2 3.86 21350000
2 1 47.79 21400000
1 2 3.86 21400000
2 1 47.79 21450000
1 2 3.86 21450000
2 1 47.79 21500000
1 2 3.86 21500000
2 1 47.79 21550000
1 2 3.86 21550000
2 1 47.79 21600000
1 2 3.86 21600000
2 1 47.79 21650000
1 2 3.86 21650000
2 1 47.79 21700000
1 2 3.86 21700000
2 1 47.96 21750000
1 2 3.86 21750000
2 1 47.79 21800000
1 2 3.86 21800000
2 1 47.79 21850000
1 2 3.86 21850000
2 1 47.79 21900000
1 2 3.87 21900000
2 1 47.79 21950000
1 2 3.86 21950000
2 1 47.79 22000000
1 2 3.86 22000000
2 1 47.79 22050000
1 2 3.86 22050000
2 1 47.79 22100000
1 2 3.86 22100000
2 1 47.96 22150000
1 2 3.86 22150000
2 1 47.61 22200000
1 2 3.86 22200000
2 1 47.79 22250000
1 2 3.86 22250000
2 1 47.96 22300000
1 2 3.86 22300000
2 1 47.79 22350000
1 2 3.87 22350000
2 1 47.79 22400000
1 2 3.84 22400000
2 1 47.79 22450000
1 2 3.86 22450000
2 1 47.79 22500000
1 2 3.87 22500000
2 1 47.79 22550000
1 2 3.86 22550000
2 1 47.79 22600000
1 2 3.86 22600000
2 1 47.79 22650000
1 2 3.86 22650000
2 1 47.79 22700000
1 2 3.86 22700000
2 1 47.79 22750000
1 2 3.86 22750000
2 1 47.79 22800000
1 2 3.86 22800000
2 1 47.79 22850000
1 2 3.86 22850000
2 1 47.79 22900000
1 2 3.86 22900000
2 1 47.79 22950000
1 2 3.86 22950000
2 1 47.79 23000000
1 2 3.86 23000000
2 1 47.79 23050000
1 2 3.86 23050000
2 1 47.96 23100000
1 2 3.86 23100000
2 1 47.79 23150000
1 2 3.86 23150000
2 1 47.79 23200000
1 2 3.87 23200000
2 1 47.79 23250000
1 2 3.86 23250000
2 1 47.79 23300000
1 2 3.86 23300000
2 1 47.79 23350000
1 2 3.86 23350000
2 1 47.79 23400000
1 2 3.86 23400000
2 1 47.79 23450000
1 2 3.86 23450000
2 1 47.79 23500000
1 2 3.86 23500000
2 1 47.79 23550000
1 2 3.86 23550000
2 1 47.79 23600000
1 2 3.86 23600000
2 1 47.79 23650000
1 2 3.86 23650000
2 1 47.79 23700000
1 2 3.86 23700000
2 1 47.79 23750000
1 2 3.86 23750000
2 1 47.79 23800000
1 2 3.86 23800000
2 1 47.96 23850000
1 2 3.86 23850000
2 1 47.61 23900000
1 2 3.86 23900000
2 1 47.79 23950000
1 2 3.86 23950000
2 1 47.79 24000000
1 2 3.86 24000000
2 1 47.96 24050000
1 2 3.86 24050000
2 1 47.79 24100000
1 2 3.86 24100000
2 1 47.79 24150000
1 2 3.87 24150000
2 1 47.79 24200000
1 2 3.86 24200000
2 1 47.79 24250000
1 2 3.86 24250000
2 1 47.79 24300000
1 2 3.86 24300000
2 1 47.79 24350000
1 2 3.86 24350000
2 1 47.79 24400000
1 2 3.86 24400000
2 1 47.79 24450000
1 2 3.86 24450000
2 1 47.96 24500000
1 2 3.86 24500000
2 1 47.79 24550000
1 2 3.86 24550000
2 1 47.79 24600000
1 2 3.86 24600000
2 1 47.79 24650000
1 2 3.86 24650000
2 1 47.79 24700000
1 2 3.87 24700000
2 1 47.79 24750000
1 2 3.86 24750000
2 1 47.79 24800000
1 2 3.86 24800000
2 1 47.79 24850000
1 2 3.86 24850000
2 1 47.79 24900000
1 2 3.86 24900000
2 1 47.79 24950000
1 2 3.86 24950000
2 1 47.96 25000000
1 2 3.86 25000000
2 1 47.61 25050000
1 2 3.86 25050000
2 1 47.96 25100000
1 2 3.86 25100000
2 1 47.79 25150000
1 2 3.87 25150000
2 1 47.79 25200000
1 2 3.86 25200000
2 1 47.79 25250000
1 2 3.86 25250000
2 1 47.79 25300000
1 2 3.86 25300000
2 1 47.79 25350000
1 2 3.86 25350000
2 1 47.96 25400000
1 2 3.87 25400000
2 1 47.79 25450000
1 2 3.86 25450000
2 1 47.79 25500000
1 2 3.86 25500000
2 1 47.79 25550000
1 2 3.86 25550000
2 1 47.79 25600000
1 2 3.86 25600000
2 1 47.79 25650000
1 2 3.86 25650000
2 1 47.79 25700000
1 2 3.86 25700000
2 1 47.96 25750000
1 2 3.86 25750000
2 1 47.79 25800000
1 2 3.87 25800000
2 1 47.79 25850000
1 2 3.86 25850000
2 1 47.79 25900000
1 2 3.86 25900000
2 1 47.79 25950000
1 2 3.86 25950000
2 1 47.79 26000000
1 2 3.86 26000000
2 1 47.79 26050000
1 2 3.86 26050000
2 1 47.96 26100000
1 2 3.86 26100000
2 1 47.79 26150000
1 2 3.86 26150000
2 1 47.79 26200000
1 2 3.86 26200000
2 1 47.79 26250000
1 2 3.86 26250000
2 1 47.79 26300000
1 2 3.87 26300000
2 1 47.79 26350000
1 2 3.86 26350000
2 1 47.79 26400000
1 2 3.86 26400000
2 1 47.79 26450000
1 2 3.86 26450000
2 1 47.79 26500000
1 2 3.86 26500000
2 1 47.79 26550000
1 2 3.86 26550000
2 1 47.79 26600000
1 2 3.86 26600000
2 1 47.79 26650000
1 2 3.86 26650000
2 1 47.79 26700000
1 2 3.86 26700000
2 1 47.79 26750000
1 2 3.86 26750000
2 1 47.79 26800000
1 2 3.86 26800000
2 1 47.96 26850000
1 2 3.86 26850000
2 1 47.79 26900000
1 2 3.87 26900000
2 1 47.79 26950000
1 2 3.86 26950000
2 1 47.79 27000000
1 2 3.86 27000000
2 1 47.79 27050000
1 2 3.86 27050000
2 1 47.79 27100000
1 2 3.86 27100000
2 1 47.79 27150000
1 2 3.86 27150000
2 1 47.79 27200000
1 2 3.86 27200000
2 1 47.96 27250000
1 2 3.86 27250000
2 1 47.79 27300000
1 2 3.86 27300000
2 1 47.79 27350000
1 2 3.86 27350000
2 1 47.79 27400000
1 2 3.87 27400000
2 1 47.61 27450000
1 2 3.86 27450000
2 1 47.96 27500000
1 2 3.84 27500000
2 1 47.79 27550000
1 2 3.87 27550000
2 1 47.79 27600000
1 2 3.86 27600000
2 1 47.79 27650000
1 2 3.84 27650000
2 1 47.79 27700000
1 2 3.87 27700000
2 1 47.79 27750000
1 2 3.86 27750000
2 1 47.79 27800000
1 2 3.86 27800000
2 1 47.79 27850000
1 2 3.86 27850000
2 1 47.79 27900000
1 2 3.86 27900000
2 1 47.79 27950000
1 2 3.86 27950000
2 1 47.79 28000000
1 2 3.86 28000000
2 1 47.96 28050000
1 2 3.86 28050000
2 1 47.61 28100000
1 2 3.86 28100000
2 1 47.79 28150000
1 2 3.87 28150000
2 1 47.96 28200000
1 2 3.86 28200000
2 1 47.79 28250000
1 2 3.86 28250000
2 1 47.79 28300000
1 2 3.86 28300000
2 1 47.79 28350000
1 2 3.86 28350000
2 1 47.79 28400000
1 2 3.86 28400000
2 1 47.79 28450000
1 2 3.86 28450000
2 1 47.79 28500000
1 2 3.86 28500000
2 1 47.79 28550000
1 2 3.86 28550000
2 1 47.79 28600000
1 2 3.86 28600000
2 1 47.79 28650000
1 2 3.86 28650000
2 1 47.96 28700000
1 2 3.86 28700000
2 1 47.79 28750000
1 2 3.87 28750000
2 1 47.79 28800000
1 2 3.84 28800000
2 1 47.79 28850000
1 2 3.87 28850000
2 1 47.79 28900000
1 2 3.86 28900000
2 1 47.79 28950000
1 2 3.84 28950000
2 1 47.79 29000000
1 2 3.87 29000000
2 1 47.79 29050000
1 2 3.86 29050000
2 1 47.79 29100000
1 2 3.86 29100000
2 1 47.79 29150000
1 2 3.86 29150000
2 1 47.79 29200000
1 2 3.86 29200000
2 1 47.79 29250000
1 2 3.86 29250000
2 1 47.79 29300000
1 2 3.86 29300000
2 1 47.79 29350000
1 2 3.86 29350000
2 1 47.79 29400000
1 2 3.86 29400000
2 1 47.96 29450000
1 2 3.87 29450000
2 1 47.79 29500000
1 2 3.84 29500000
2 1 47.79 29550000
1 2 3.87 29550000
2 1 47.79 29600000
1 2 3.84 29600000
2 1 47.79 29650000
1 2 3.87 29650000
2 1 47.79 29700000
1 2 3.86 29700000
2 1 47.79 29750000
1 2 3.86 29750000
2 1 47.79 29800000
1 2 3.86 29800000
2 1 47.79 29850000
1 2 3.86 29850000
2 1 47.79 29900000
1 2 3.86 29900000
2 1 47.96 29950000
1 2 3.86 29950000
2 1 47.61 30000000
1 2 3.86 30000000
2 1 50.05 30050000
1 2 3.97 30050000
2 1 45.17 30100000
1 2 4.01 30100000
2 1 44.65 30150000
1 2 3.35 30150000
2 1 47.09 30200000
1 2 3.77 30200000
2 1 46.22 30250000
1 2 3.76 30250000
2 1 46.39 30300000
1 2 3.72 30300000
2 1 46.56 30350000
1 2 3.79 30350000
2 1 46.56 30400000
1 2 3.73 30400000
2 1 46.39 30450000
1 2 3.76 30450000
2 1 46.39 30500000
1 2 3.75 30500000
2 1 46.39 30550000
1 2 3.76 30550000
2 1 46.22 30600000
1 2 3.73 30600000
2 1 46.39 30650000
1 2 3.73 30650000
2 1 46.56 30700000
1 2 3.76 30700000
2 1 46.22 30750000
1 2 3.75 30750000
2 1 46.39 30800000
1 2 3.73 30800000
2 1 46.91 30850000
1 2 3.79 30850000
2 1 45.52 30900000
1 2 3.69 30900000
2 1 46.22 30950000
1 2 3.72 30950000
2 1 46.74 31000000
1 2 3.77 31000000
2 1 46.04 31050000
1 2 3.73 31050000
2 1 46.04 31100000
1 2 3.70 31100000
2 1 46.39 31150000
1 2 3.75 31150000
2 1 46.22 31200000
1 2 3.75 31200000
2 1 46.56 31250000
1 2 3.75 31250000
2 1 46.56 31300000
1 2 3.77 31300000
2 1 45.52 31350000
1 2 3.69 31350000
2 1 46.39 31400000
1 2 3.70 31400000
2 1 46.04 31450000
1 2 3.76 31450000
2 1 45.87 31500000
1 2 3.70 31500000
2 1 45.87 31550000
1 2 3.69 31550000
2 1 46.22 31600000
1 2 3.73 31600000
2 1 46.56 31650000
1 2 3.75 31650000
2 1 46.56 31700000
1 2 3.75 31700000
2 1 46.04 31750000
1 2 3.75 31750000
2 1 46.04 31800000
1 2 3.72 31800000
2 1 46.39 31850000
1 2 3.73 31850000
2 1 45.87 31900000
1 2 3.72 31900000
2 1 46.22 31950000
1 2 3.73 31950000
2 1 46.56 32000000
1 2 3.75 32000000
2 1 46.22 32050000
1 2 3.73 32050000
2 1 45.87 32100000
1 2 3.72 32100000
2 1 46.39 32150000
1 2 3.73 32150000
2 1 45.87 32200000
1 2 3.73 32200000
2 1 46.04 32250000
1 2 3.69 32250000
2 1 47.09 32300000
1 2 3.79 32300000
2 1 46.39 32350000
1 2 3.76 32350000
2 1 46.22 32400000
1 2 3.75 32400000
2 1 45.69 32450000
1 2 3.70 32450000
2 1 46.22 32500000
1 2 3.70 32500000
2 1 46.39 32550000
1 2 3.75 32550000
2 1 46.22 32600000
1 2 3.75 32600000
2 1 46.22 32650000
1 2 3.73 32650000
2 1 46.39 32700000
1 2 3.73 32700000
2 1 46.22 32750000
1 2 3.75 32750000
2 1 46.04 32800000
1 2 3.70 32800000
2 1 46.22 32850000
1 2 3.73 32850000
2 1 46.39 32900000
1 2 3.76 32900000
2 1 46.74 32950000
1 2 3.75 32950000
2 1 45.87 33000000
1 2 3.75 33000000
2 1 45.87 33050000
1 2 3.70 33050000
2 1 46.56 33100000
1 2 3.75 33100000
2 1 46.39 33150000
1 2 3.75 33150000
2 1 46.39 33200000
1 2 3.73 33200000
2 1 46.74 33250000
1 2 3.77 33250000
2 1 46.22 33300000
1 2 3.75 33300000
2 1 46.22 33350000
1 2 3.72 33350000
2 1 46.56 33400000
1 2 3.76 33400000
2 1 46.74 33450000
1 2 3.77 33450000
2 1 46.22 33500000
1 2 3.76 33500000
2 1 45.69 33550000
1 2 3.67 33550000
2 1 46.22 33600000
1 2 3.72 33600000
2 1 46.56 33650000
1 2 3.77 33650000
2 1 46.04 33700000
1 2 3.72 33700000
2 1 46.22 33750000
1 2 3.73 33750000
2 1 46.39 33800000
1 2 3.73 33800000
2 1 46.56 33850000
1 2 3.76 33850000
2 1 46.22 33900000
1 2 3.75 33900000
2 1 46.39 33950000
1 2 3.73 33950000
2 1 46.74 34000000
1 2 3.77 34000000
2 1 46.39 34050000
1 2 3.75 34050000
2 1 46.39 34100000
1 2 3.75 34100000
2 1 46.22 34150000
1 2 3.73 34150000
2 1 46.22 34200000
1 2 3.73 34200000
2 1 46.91 34250000
1 2 3.77 34250000
2 1 46.04 34300000
1 2 3.75 34300000
2 1 46.22 34350000
1 2 3.72 34350000
2 1 46.56 34400000
1 2 3.77 34400000
2 1 45.87 34450000
1 2 3.72 34450000
2 1 46.39 34500000
1 2 3.72 34500000
2 1 46.91 34550000
1 2 3.79 34550000
2 1 46.04 34600000
1 2 3.73 34600000
2 1 46.39 34650000
1 2 3.75 34650000
2 1 46.22 34700000
1 2 3.75 34700000
2 1 46.22 34750000
1 2 3.72 34750000
2 1 46.39 34800000
1 2 3.73 34800000
2 1 46.22 34850000
1 2 3.73 34850000
2 1 46.39 34900000
1 2 3.75 34900000
2 1 46.39 34950000
1 2 3.76 34950000
2 1 46.04 35000000
1 2 3.72 35000000
2 1 46.22 35050000
1 2 3.73 35050000
2 1 46.39 35100000
1 2 3.75 35100000
2 1 46.04 35150000
1 2 3.70 35150000
2 1 46.74 35200000
1 2 3.77 35200000
2 1 46.56 35250000
1 2 3.76 35250000
2 1 45.52 35300000
1 2 3.70 35300000
2 1 46.39 35350000
1 2 3.72 35350000
2 1 46.22 35400000
1 2 3.75 35400000
2 1 45.87 35450000
1 2 3.70 35450000
2 1 46.39 35500000
1 2 3.73 35500000
2 1 46.22 35550000
1 2 3.75 35550000
2 1 46.04 35600000
1 2 3.72 35600000
2 1 46.04 35650000
1 2 3.70 35650000
2 1 46.22 35700000
1 2 3.75 35700000
2 1 46.04 35750000
1 2 3.72 35750000
2 1 46.22 35800000
1 2 3.72 35800000
2 1 46.39 35850000
1 2 3.76 35850000
2 1 46.39 35900000
1 2 3.73 35900000
2 1 46.39 35950000
1 2 3.75 35950000
2 1 46.56 36000000
1 2 3.76 36000000
2 1 46.04 36050000
1 2 3.72 36050000
2 1 46.56 36100000
1 2 3.76 36100000
2 1 46.04 36150000
1 2 3.75 36150000
2 1 46.91 36200000
1 2 3.75 36200000
2 1 46.39 36250000
1 2 3.77 36250000
2 1 46.04 36300000
1 2 3.70 36300000
2 1 46.39 36350000
1 2 3.75 36350000
2 1 46.22 36400000
1 2 3.73 36400000
2 1 46.39 36450000
1 2 3.75 36450000
2 1 46.39 36500000
1 2 3.75 36500000
2 1 46.04 36550000
1 2 3.73 36550000
2 1 46.22 36600000
1 2 3.73 36600000
2 1 46.56 36650000
1 2 3.75 36650000
2 1 46.56 36700000
1 2 3.77 36700000
2 1 45.69 36750000
1 2 3.69 36750000
2 1 46.56 36800000
1 2 3.73 36800000
2 1 47.26 36850000
1 2 3.82 36850000
2 1 46.04 36900000
1 2 3.76 36900000
2 1 45.87 36950000
1 2 3.69 36950000
2 1 46.56 37000000
1 2 3.73 37000000
2 1 46.56 37050000
1 2 3.77 37050000
2 1 46.22 37100000
1 2 3.73 37100000
2 1 46.56 37150000
1 2 3.76 37150000
2 1 46.39 37200000
1 2 3.75 37200000
2 1 46.04 37250000
1 2 3.73 37250000
2 1 46.74 37300000
1 2 3.76 37300000
2 1 46.39 37350000
1 2 3.76 37350000
2 1 46.56 37400000
1 2 3.73 37400000
2 1 47.09 37450000
1 2 3.80 37450000
2 1 46.56 37500000
1 2 3.79 37500000
2 1 46.22 37550000
1 2 3.72 37550000
2 1 46.91 37600000
1 2 3.79 37600000
2 1 46.56 37650000
1 2 3.77 37650000
2 1 45.87 37700000
1 2 3.70 37700000
2 1 46.74 37750000
1 2 3.75 37750000
2 1 46.74 37800000
1 2 3.79 37800000
2 1 46.04 37850000
1 2 3.72 37850000
2 1 46.74 37900000
1 2 3.77 37900000
2 1 46.39 37950000
1 2 3.76 37950000
2 1 46.39 38000000
1 2 3.75 38000000
2 1 46.39 38050000
1 2 3.75 38050000
2 1 46.91 38100000
1 2 3.76 38100000
2 1 46.74 38150000
1 2 3.79 38150000
2 1 46.39 38200000
1 2 3.75 38200000
2 1 46.39 38250000
1 2 3.75 38250000
2 1 46.56 38300000
1 2 3.76 38300000
2 1 46.74 38350000
1 2 3.77 38350000
2 1 46.56 38400000
1 2 3.77 38400000
2 1 46.04 38450000
1 2 3.70 38450000
2 1 46.39 38500000
1 2 3.75 38500000
2 1 46.39 38550000
1 2 3.75 38550000
2 1 46.22 38600000
1 2 3.75 38600000
2 1 46.39 38650000
1 2 3.73 38650000
2 1 46.22 38700000
1 2 3.73 38700000
2 1 46.22 38750000
1 2 3.75 38750000
2 1 46.04 38800000
1 2 3.70 38800000
2 1 45.87 38850000
1 2 3.72 38850000
2 1 46.22 38900000
1 2 3.72 38900000
2 1 47.09 38950000
1 2 3.79 38950000
2 1 45.87 39000000
1 2 3.73 39000000
2 1 45.87 39050000
1 2 3.70 39050000
2 1 46.39 39100000
1 2 3.73 39100000
2 1 46.39 39150000
1 2 3.75 39150000
2 1 46.56 39200000
1 2 3.76 39200000
2 1 46.22 39250000
1 2 3.75 39250000
2 1 46.39 39300000
1 2 3.73 39300000
2 1 45.87 39350000
1 2 3.73 39350000
2 1 46.39 39400000
1 2 3.70 39400000
2 1 46.56 39450000
1 2 3.77 39450000
2 1 46.56 39500000
1 2 3.76 39500000
2 1 46.39 39550000
1 2 3.75 39550000
2 1 46.22 39600000
1 2 3.73 39600000
2 1 46.74 39650000
1 2 3.77 39650000
2 1 46.22 39700000
1 2 3.73 39700000
2 1 46.39 39750000
1 2 3.75 39750000
2 1 46.56 39800000
1 2 3.76 39800000
2 1 46.91 39850000
1 2 3.77 39850000
2 1 46.56 39900000
1 2 3.77 39900000
2 1 46.04 39950000
1 2 3.73 39950000
2 1 46.91 40000000
1 2 3.76 40000000
2 1 49.70 40050000
1 2 3.94 40050000
2 1 42.55 40100000
1 2 3.70 40100000
2 1 46.91 40150000
1 2 3.55 40150000
2 1 46.04 40200000
1 2 3.84 40200000
2 1 44.82 40250000
1 2 3.56 40250000
2 1 46.91 40300000
1 2 3.77 40300000
2 1 46.22 40350000
1 2 3.75 40350000
2 1 45.52 40400000
1 2 3.69 40400000
2 1 46.04 40450000
1 2 3.70 40450000
2 1 45.87 40500000
1 2 3.72 40500000
2 1 45.34 40550000
1 2 3.65 40550000
2 1 46.91 40600000
1 2 3.76 40600000
2 1 46.04 40650000
1 2 3.75 40650000
2 1 46.22 40700000
1 2 3.73 40700000
2 1 46.04 40750000
1 2 3.70 40750000
2 1 46.04 40800000
1 2 3.73 40800000
2 1 45.87 40850000
1 2 3.70 40850000
2 1 46.04 40900000
1 2 3.72 40900000
2 1 45.87 40950000
1 2 3.72 40950000
2 1 45.17 41000000
1 2 3.66 41000000
2 1 46.39 41050000
1 2 3.69 41050000
2 1 46.56 41100000
1 2 3.80 41100000
2 1 45.00 41150000
1 2 3.63 41150000
2 1 46.39 41200000
1 2 3.72 41200000
2 1 46.39 41250000
1 2 3.76 41250000
2 1 45.87 41300000
1 2 3.69 41300000
2 1 46.39 41350000
1 2 3.75 41350000
2 1 46.22 41400000
1 2 3.75 41400000
2 1 45.69 41450000
1 2 3.69 41450000
2 1 46.04 41500000
1 2 3.72 41500000
2 1 46.22 41550000
1 2 3.73 41550000
2 1 46.39 41600000
1 2 3.75 41600000
2 1 46.22 41650000
1 2 3.73 41650000
2 1 46.04 41700000
1 2 3.73 41700000
2 1 46.39 41750000
1 2 3.72 41750000
2 1 46.39 41800000
1 2 3.76 41800000
2 1 45.87 41850000
1 2 3.70 41850000
2 1 46.39 41900000
1 2 3.73 41900000
2 1 46.39 41950000
1 2 3.75 41950000
2 1 46.22 42000000
1 2 3.73 42000000
2 1 46.22 42050000
1 2 3.75 42050000
2 1 46.39 42100000
1 2 3.75 42100000
2 1 46.22 42150000
1 2 3.73 42150000
2 1 46.56 42200000
1 2 3.75 42200000
2 1 45.87 42250000
1 2 3.72 42250000
2 1 46.56 42300000
1 2 3.75 42300000
2 1 46.39 42350000
1 2 3.73 42350000
2 1 46.56 42400000
1 2 3.77 42400000
2 1 46.39 42450000
1 2 3.75 42450000
2 1 46.04 42500000
1 2 3.73 42500000
2 1 46.22 42550000
1 2 3.73 42550000
2 1 46.22 42600000
1 2 3.73 42600000
2 1 46.04 42650000
1 2 3.72 42650000
2 1 46.22 42700000
1 2 3.72 42700000
2 1 46.39 42750000
1 2 3.75 42750000
2 1 46.39 42800000
1 2 3.75 42800000
2 1 46.04 42850000
1 2 3.75 42850000
2 1 46.04 42900000
1 2 3.72 42900000
2 1 46.22 42950000
1 2 3.72 42950000
2 1 46.74 43000000
1 2 3.76 43000000
2 1 46.39 43050000
1 2 3.76 43050000
2 1 46.39 43100000
1 2 3.73 43100000
2 1 46.56 43150000
1 2 3.76 43150000
2 1 47.09 43200000
1 2 3.80 43200000
2 1 46.56 43250000
1 2 3.76 43250000
2 1 46.74 43300000
1 2 3.77 43300000
2 1 46.74 43350000
1 2 3.76 43350000
2 1 47.09 43400000
1 2 3.80 43400000
2 1 46.91 43450000
1 2 3.80 43450000
2 1 47.09 43500000
1 2 3.79 43500000
2 1 46.74 43550000
1 2 3.77 43550000
2 1 46.74 43600000
1 2 3.77 43600000
2 1 46.56 43650000
1 2 3.77 43650000
2 1 46.56 43700000
1 2 3.75 43700000
2 1 46.39 43750000
1 2 3.77 43750000
2 1 46.22 43800000
1 2 3.72 43800000
2 1 46.74 43850000
1 2 3.77 43850000
2 1 46.39 43900000
1 2 3.75 43900000
2 1 46.74 43950000
1 2 3.77 43950000
2 1 46.91 44000000
1 2 3.79 44000000
2 1 46.39 44050000
1 2 3.75 44050000
2 1 46.39 44100000
1 2 3.77 44100000
2 1 46.04 44150000
1 2 3.69 44150000
2 1 46.56 44200000
1 2 3.76 44200000
2 1 47.09 44250000
1 2 3.79 44250000
2 1 46.91 44300000
1 2 3.80 44300000
2 1 46.22 44350000
1 2 3.75 44350000
2 1 46.56 44400000
1 2 3.73 44400000
2 1 46.91 44450000
1 2 3.79 44450000
2 1 46.74 44500000
1 2 3.80 44500000
2 1 46.22 44550000
1 2 3.73 44550000
2 1 46.91 44600000
1 2 3.77 44600000
2 1 46.56 44650000
1 2 3.76 44650000
2 1 46.04 44700000
1 2 3.72 44700000
2 1 46.74 44750000
1 2 3.77 44750000
2 1 46.56 44800000
1 2 3.76 44800000
2 1 46.56 44850000
1 2 3.76 44850000
2 1 46.56 44900000
1 2 3.76 44900000
2 1 47.09 44950000
1 2 3.79 44950000
2 1 46.74 45000000
1 2 3.77 45000000
2 1 46.91 45050000
1 2 3.80 45050000
2 1 46.39 45100000
1 2 3.75 45100000
2 1 47.26 45150000
1 2 3.79 45150000
2 1 46.39 45200000
1 2 3.79 45200000
2 1 46.39 45250000
1 2 3.73 45250000
2 1 46.91 45300000
1 2 3.77 45300000
2 1 46.22 45350000
1 2 3.76 45350000
2 1 46.22 45400000
1 2 3.73 45400000
2 1 46.56 45450000
1 2 3.76 45450000
2 1 46.04 45500000
1 2 3.70 45500000
2 1 46.56 45550000
1 2 3.76 45550000
2 1 46.56 45600000
1 2 3.76 45600000
2 1 45.87 45650000
1 2 3.72 45650000
2 1 46.56 45700000
1 2 3.73 45700000
2 1 46.74 45750000
1 2 3.77 45750000
2 1 46.91 45800000
1 2 3.79 45800000
2 1 46.91 45850000
1 2 3.80 45850000
2 1 46.74 45900000
1 2 3.76 45900000
2 1 46.39 45950000
1 2 3.77 45950000
2 1 46.04 46000000
1 2 3.70 46000000
2 1 46.91 46050000
1 2 3.77 46050000
2 1 46.39 46100000
1 2 3.76 46100000
2 1 46.04 46150000
1 2 3.73 46150000
2 1 46.04 46200000
1 2 3.72 46200000
2 1 46.74 46250000
1 2 3.75 46250000
2 1 46.04 46300000
1 2 3.75 46300000
2 1 46.39 46350000
1 2 3.73 46350000
2 1 45.87 46400000
1 2 3.72 46400000
2 1 46.22 46450000
1 2 3.70 46450000
2 1 46.74 46500000
1 2 3.79 46500000
2 1 46.39 46550000
1 2 3.75 46550000
2 1 45.87 46600000
1 2 3.70 46600000
2 1 46.56 46650000
1 2 3.76 46650000
2 1 46.39 46700000
1 2 3.76 46700000
2 1 46.22 46750000
1 2 3.75 46750000
2 1 45.87 46800000
1 2 3.69 46800000
2 1 46.56 46850000
1 2 3.75 46850000
2 1 46.74 46900000
1 2 3.76 46900000
2 1 46.39 46950000
1 2 3.77 46950000
2 1 46.04 47000000
1 2 3.70 47000000
2 1 46.22 47050000
1 2 3.73 47050000
2 1 46.22 47100000
1 2 3.73 47100000
2 1 46.04 47150000
1 2 3.73 47150000
2 1 46.91 47200000
1 2 3.77 47200000
2 1 46.74 47250000
1 2 3.77 47250000
2 1 46.74 47300000
1 2 3.79 47300000
2 1 46.74 47350000
1 2 3.76 47350000
2 1 46.22 47400000
1 2 3.75 47400000
2 1 46.56 47450000
1 2 3.73 47450000
2 1 46.22 47500000
1 2 3.76 47500000
2 1 46.22 47550000
1 2 3.72 47550000
2 1 46.39 47600000
1 2 3.75 47600000
2 1 46.39 47650000
1 2 3.75 47650000
2 1 46.39 47700000
1 2 3.75 47700000
2 1 45.87 47750000
1 2 3.72 47750000
2 1 46.39 47800000
1 2 3.73 47800000
2 1 46.39 47850000
1 2 3.75 47850000
2 1 46.22 47900000
1 2 3.73 47900000
2 1 46.91 47950000
1 2 3.76 47950000
2 1 46.56 48000000
1 2 3.80 48000000
2 1 44.82 48050000
1 2 3.65 48050000
2 1 46.39 48100000
1 2 3.69 48100000
2 1 47.26 48150000
1 2 3.82 48150000
2 1 47.09 48200000
1 2 3.79 48200000
2 1 47.09 48250000
1 2 3.82 48250000
2 1 46.22 48300000
1 2 3.75 48300000
2 1 46.56 48350000
1 2 3.75 48350000
2 1 46.22 48400000
1 2 3.75 48400000
2 1 46.74 48450000
1 2 3.76 48450000
2 1 45.69 48500000
1 2 3.72 48500000
2 1 46.39 48550000
1 2 3.72 48550000
2 1 46.39 48600000
1 2 3.77 48600000
2 1 46.04 48650000
1 2 3.72 48650000
2 1 46.56 48700000
1 2 3.73 48700000
2 1 46.22 48750000
1 2 3.76 48750000
2 1 46.22 48800000
1 2 3.72 48800000
2 1 46.39 48850000
1 2 3.75 48850000
2 1 46.74 48900000
1 2 3.76 48900000
2 1 46.22 48950000
1 2 3.75 48950000
2 1 46.04 49000000
1 2 3.73 49000000
2 1 46.22 49050000
1 2 3.73 49050000
2 1 46.56 49100000
1 2 3.76 49100000
2 1 46.56 49150000
1 2 3.75 49150000
2 1 46.56 49200000
1 2 3.75 49200000
2 1 46.56 49250000
1 2 3.79 49250000
2 1 46.04 49300000
1 2 3.70 49300000
2 1 46.56 49350000
1 2 3.75 49350000
2 1 46.39 49400000
1 2 3.76 49400000
2 1 46.91 49450000
1 2 3.76 49450000
2 1 46.74 49500000
1 2 3.82 49500000
2 1 45.69 49550000
1 2 3.69 49550000
2 1 46.56 49600000
1 2 3.73 49600000
2 1 46.39 49650000
1 2 3.77 49650000
2 1 46.39 49700000
1 2 3.75 49700000
2 1 46.22 49750000
1 2 3.73 49750000
2 1 46.56 49800000
1 2 3.73 49800000
2 1 46.22 49850000
1 2 3.76 49850000
2 1 46.56 49900000
1 2 3.75 49900000
2 1 46.22 49950000
1 2 3.73 49950000
2 1 46.04 50000000
1 2 3.72 50000000
2 1 46.04 50050000
1 2 3.72 50050000
2 1 41.86 50100000
1 2 3.60 50100000
2 1 42.03 50150000
1 2 3.17 50150000
2 1 50.05 50200000
1 2 3.96 50200000
2 1 46.04 50250000
1 2 3.87 50250000
2 1 45.17 50300000
1 2 3.56 50300000
2 1 48.31 50350000
1 2 3.87 50350000
2 1 46.74 50400000
1 2 3.82 50400000
2 1 46.74 50450000
1 2 3.76 50450000
2 1 47.26 50500000
1 2 3.82 50500000
2 1 47.09 50550000
1 2 3.80 50550000
2 1 47.09 50600000
1 2 3.80 50600000
2 1 47.26 50650000
1 2 3.82 50650000
2 1 46.91 50700000
1 2 3.79 50700000
2 1 46.91 50750000
1 2 3.77 50750000
2 1 47.09 50800000
1 2 3.82 50800000
2 1 46.91 50850000
1 2 3.79 50850000
2 1 46.91 50900000
1 2 3.79 50900000
2 1 47.09 50950000
1 2 3.82 50950000
2 1 46.91 51000000
1 2 3.79 51000000
2 1 47.26 51050000
1 2 3.79 51050000
2 1 46.91 51100000
1 2 3.82 51100000
2 1 47.09 51150000
1 2 3.79 51150000
2 1 46.74 51200000
1 2 3.79 51200000
2 1 46.91 51250000
1 2 3.77 51250000
2 1 47.09 51300000
1 2 3.79 51300000
2 1 46.91 51350000
1 2 3.82 51350000
2 1 46.91 51400000
1 2 3.79 51400000
2 1 46.56 51450000
1 2 3.75 51450000
2 1 47.09 51500000
1 2 3.82 51500000
2 1 47.44 51550000
1 2 3.82 51550000
2 1 47.09 51600000
1 2 3.82 51600000
2 1 46.74 51650000
1 2 3.76 51650000
2 1 46.74 51700000
1 2 3.79 51700000
2 1 47.09 51750000
1 2 3.80 51750000
2 1 47.09 51800000
1 2 3.79 51800000
2 1 47.09 51850000
1 2 3.80 51850000
2 1 47.26 51900000
1 2 3.80 51900000
2 1 46.91 51950000
1 2 3.80 51950000
2 1 46.74 52000000
1 2 3.77 52000000
2 1 46.91 52050000
1 2 3.79 52050000
2 1 46.91 52100000
1 2 3.80 52100000
2 1 47.09 52150000
1 2 3.80 52150000
2 1 47.09 52200000
1 2 3.79 52200000
2 1 47.09 52250000
1 2 3.80 52250000
2 1 47.44 52300000
1 2 3.82 52300000
2 1 47.09 52350000
1 2 3.80 52350000
2 1 47.44 52400000
1 2 3.84 52400000
2 1 46.56 52450000
1 2 3.77 52450000
2 1 46.39 52500000
1 2 3.75 52500000
2 1 47.09 52550000
1 2 3.79 52550000
2 1 47.44 52600000
1 2 3.83 52600000
2 1 46.56 52650000
1 2 3.76 52650000
2 1 47.09 52700000
1 2 3.80 52700000
2 1 46.91 52750000
1 2 3.80 52750000
2 1 46.91 52800000
1 2 3.77 52800000
2 1 46.91 52850000
1 2 3.80 52850000
2 1 47.09 52900000
1 2 3.79 52900000
2 1 46.74 52950000
1 2 3.79 52950000
2 1 47.26 53000000
1 2 3.80 53000000
2 1 47.09 53050000
1 2 3.80 53050000
2 1 47.09 53100000
1 2 3.80 53100000
2 1 47.09 53150000
1 2 3.82 53150000
2 1 47.09 53200000
1 2 3.79 53200000
2 1 46.91 53250000
1 2 3.80 53250000
2 1 47.26 53300000
1 2 3.80 53300000
2 1 47.09 53350000
1 2 3.80 53350000
2 1 47.09 53400000
1 2 3.80 53400000
2 1 46.91 53450000
1 2 3.79 53450000
2 1 47.09 53500000
1 2 3.80 53500000
2 1 47.09 53550000
1 2 3.79 53550000
2 1 48.13 53600000
1 2 3.87 53600000
2 1 46.22 53650000
1 2 3.80 53650000
2 1 46.74 53700000
1 2 3.72 53700000
2 1 47.61 53750000
1 2 3.86 53750000
2 1 46.74 53800000
1 2 3.79 53800000
2 1 46.91 53850000
1 2 3.79 53850000
2 1 47.09 53900000
1 2 3.80 53900000
2 1 47.09 53950000
1 2 3.79 53950000
2 1 47.09 54000000
1 2 3.80 54000000
2 1 47.09 54050000
1 2 3.80 54050000
2 1 46.91 54100000
1 2 3.79 54100000
2 1 46.74 54150000
1 2 3.77 54150000
2 1 47.26 54200000
1 2 3.82 54200000
2 1 47.26 54250000
1 2 3.82 54250000
2 1 46.74 54300000
1 2 3.79 54300000
2 1 47.09 54350000
1 2 3.77 54350000
2 1 46.91 54400000
1 2 3.82 54400000
2 1 46.74 54450000
1 2 3.76 54450000
2 1 47.09 54500000
1 2 3.79 54500000
2 1 47.09 54550000
1 2 3.82 54550000
2 1 46.91 54600000
1 2 3.80 54600000
2 1 47.09 54650000
1 2 3.79 54650000
2 1 47.09 54700000
1 2 3.80 54700000
2 1 46.91 54750000
1 2 3.79 54750000
2 1 46.91 54800000
1 2 3.79 54800000
2 1 46.91 54850000
1 2 3.79 54850000
2 1 46.91 54900000
1 2 3.79 54900000
2 1 46.91 54950000
1 2 3.79 54950000
2 1 46.91 55000000
1 2 3.79 55000000
2 1 46.91 55050000
1 2 3.80 55050000
2 1 46.74 55100000
1 2 3.77 55100000
2 1 47.09 55150000
1 2 3.79 55150000
2 1 47.09 55200000
1 2 3.82 55200000
2 1 47.09 55250000
1 2 3.79 55250000
2 1 46.74 55300000
1 2 3.77 55300000
2 1 46.91 55350000
1 2 3.79 55350000
2 1 46.56 55400000
1 2 3.77 55400000
2 1 47.09 55450000
1 2 3.79 55450000
2 1 46.56 55500000
1 2 3.77 55500000
2 1 46.74 55550000
1 2 3.76 55550000
2 1 46.91 55600000
1 2 3.80 55600000
2 1 47.09 55650000
1 2 3.79 55650000
2 1 46.91 55700000
1 2 3.79 55700000
2 1 46.74 55750000
1 2 3.79 55750000
2 1 47.09 55800000
1 2 3.80 55800000
2 1 46.91 55850000
1 2 3.77 55850000
2 1 46.22 55900000
1 2 3.76 55900000
2 1 47.44 55950000
1 2 3.80 55950000
2 1 46.74 56000000
1 2 3.79 56000000
2 1 47.09 56050000
1 2 3.79 56050000
2 1 47.09 56100000
1 2 3.82 56100000
2 1 46.91 56150000
1 2 3.77 56150000
2 1 47.26 56200000
1 2 3.82 56200000
2 1 46.91 56250000
1 2 3.79 56250000
2 1 46.74 56300000
1 2 3.79 56300000
2 1 47.09 56350000
1 2 3.79 56350000
2 1 47.09 56400000
1 2 3.79 56400000
2 1 46.74 56450000
1 2 3.80 56450000
2 1 46.91 56500000
1 2 3.79 56500000
2 1 47.09 56550000
1 2 3.79 56550000
2 1 46.91 56600000
1 2 3.79 56600000
2 1 46.91 56650000
1 2 3.77 56650000
2 1 42.90 56700000
1 2 3.80 56700000
2 1 36.28 56750000
1 2 2.73 56750000
2 1 49.70 56800000
1 2 3.82 56800000
2 1 44.12 56850000
1 2 3.82 56850000
2 1 45.17 56900000
1 2 3.42 56900000
2 1 50.23 56950000
1 2 4.01 56950000
2 1 46.22 57000000
1 2 3.89 57000000
2 1 46.91 57050000
1 2 3.69 57050000
2 1 48.66 57100000
1 2 3.91 57100000
2 1 47.61 57150000
1 2 3.87 57150000
2 1 47.61 57200000
1 2 3.84 57200000
2 1 47.96 57250000
1 2 3.87 57250000
2 1 47.79 57300000
1 2 3.86 57300000
2 1 47.79 57350000
1 2 3.86 57350000
2 1 47.79 57400000
1 2 3.86 57400000
2 1 47.79 57450000
1 2 3.86 57450000
2 1 47.79 57500000
1 2 3.86 57500000
2 1 47.96 57550000
1 2 3.86 57550000
2 1 47.79 57600000
1 2 3.86 57600000
2 1 47.79 57650000
1 2 3.87 57650000
2 1 47.79 57700000
1 2 3.86 57700000
2 1 47.79 57750000
1 2 3.86 57750000
2 1 47.79 57800000
1 2 3.86 57800000
2 1 47.79 57850000
1 2 3.86 57850000
2 1 47.79 57900000
1 2 3.86 57900000
2 1 47.79 57950000
1 2 3.86 57950000
2 1 47.79 58000000
1 2 3.86 58000000
2 1 47.96 58050000
1 2 3.86 58050000
2 1 47.79 58100000
1 2 3.86 58100000
2 1 47.79 58150000
1 2 3.86 58150000
2 1 47.79 58200000
1 2 3.87 58200000
2 1 47.79 58250000
1 2 3.86 58250000
2 1 47.79 58300000
1 2 3.86 58300000
2 1 47.79 58350000
1 2 3.86 58350000
2 1 47.79 58400000
1 2 3.86 58400000
2 1 47.79 58450000
1 2 3.86 58450000
2 1 47.96 58500000
1 2 3.86 58500000
2 1 47.61 58550000
1 2 3.86 58550000
2 1 47.96 58600000
1 2 3.87 58600000
2 1 47.79 58650000
1 2 3.84 58650000
2 1 47.79 58700000
1 2 3.86 58700000
2 1 47.79 58750000
1 2 3.87 58750000
2 1 47.79 58800000
1 2 3.86 58800000
2 1 47.79 58850000
1 2 3.86 58850000
2 1 47.79 58900000
1 2 3.86 58900000
2 1 47.79 58950000
1 2 3.86 58950000
2 1 47.79 59000000
1 2 3.86 59000000
2 1 47.96 59050000
1 2 3.86 59050000
2 1 47.61 59100000
1 2 3.86 59100000
2 1 47.96 59150000
1 2 3.87 59150000
2 1 47.79 59200000
1 2 3.84 59200000
2 1 47.79 59250000
1 2 3.87 59250000
2 1 47.79 59300000
1 2 3.86 59300000
2 1 47.79 59350000
1 2 3.86 59350000
2 1 47.79 59400000
1 2 3.86 59400000
2 1 47.79 59450000
1 2 3.86 59450000
2 1 47.79 59500000
1 2 3.86 59500000
2 1 47.96 59550000
1 2 3.86 59550000
2 1 47.61 59600000
1 2 3.86 59600000
2 1 47.96 59650000
1 2 3.87 59650000
2 1 47.79 59700000
1 2 3.84 59700000
2 1 47.79 59750000
1 2 3.87 59750000
2 1 47.79 59800000
1 2 3.86 59800000
2 1 47.79 59850000
1 2 3.84 59850000
2 1 47.79 59900000
1 2 3.87 59900000
2 1 47.79 59950000
1 2 3.86 59950000
2 1 47.79 60000000
1 2 3.86 60000000
2 1 47.79 60050000
1 2 3.86 60050000
2 1 47.79 60100000
1 2 3.86 60100000
2 1 38.02 60150000
1 2 3.66 60150000
2 1 32.61 60200000
1 2 2.11 60200000
2 1 49.53 60250000
1 2 3.86 60250000
2 1 49.88 60300000
1 2 4.06 60300000
2 1 47.44 60350000
1 2 3.90 60350000
2 1 47.09 60400000
1 2 3.77 60400000
2 1 47.96 60450000
1 2 3.87 60450000
2 1 47.61 60500000
1 2 3.86 60500000
2 1 47.61 60550000
1 2 3.83 60550000
2 1 47.61 60600000
1 2 3.84 60600000
2 1 47.79 60650000
1 2 3.86 60650000
2 1 47.61 60700000
1 2 3.84 60700000
2 1 47.61 60750000
1 2 3.84 60750000
2 1 47.61 60800000
1 2 3.84 60800000
2 1 47.79 60850000
1 2 3.86 60850000
2 1 47.61 60900000
1 2 3.84 60900000
2 1 47.61 60950000
1 2 3.84 60950000
2 1 47.61 61000000
1 2 3.84 61000000
2 1 47.61 61050000
1 2 3.86 61050000
2 1 47.79 61100000
1 2 3.84 61100000
2 1 47.61 61150000
1 2 3.84 61150000
2 1 47.61 61200000
1 2 3.84 61200000
2 1 47.61 61250000
1 2 3.84 61250000
2 1 47.79 61300000
1 2 3.86 61300000
2 1 47.61 61350000
1 2 3.84 61350000
2 1 47.61 61400000
1 2 3.84 61400000
2 1 47.61 61450000
1 2 3.84 61450000
2 1 47.61 61500000
1 2 3.86 61500000
2 1 47.79 61550000
1 2 3.84 61550000
2 1 47.61 61600000
1 2 3.84 61600000
2 1 47.61 61650000
1 2 3.84 61650000
2 1 47.61 61700000
1 2 3.84 61700000
2 1 47.79 61750000
1 2 3.86 61750000
2 1 47.61 61800000
1 2 3.84 61800000
2 1 47.61 61850000
1 2 3.84 61850000
2 1 47.61 61900000
1 2 3.84 61900000
2 1 47.61 61950000
1 2 3.86 61950000
2 1 47.79 62000000
1 2 3.84 62000000
2 1 47.61 62050000
1 2 3.84 62050000
2 1 47.61 62100000
1 2 3.84 62100000
2 1 47.61 62150000
1 2 3.84 62150000
2 1 47.79 62200000
1 2 3.86 62200000
2 1 47.61 62250000
1 2 3.84 62250000
2 1 47.61 62300000
1 2 3.84 62300000
2 1 47.61 62350000
1 2 3.84 62350000
2 1 47.79 62400000
1 2 3.86 62400000
2 1 47.61 62450000
1 2 3.84 62450000
2 1 47.61 62500000
1 2 3.84 62500000
2 1 47.61 62550000
1 2 3.84 62550000
2 1 47.61 62600000
1 2 3.84 62600000
2 1 47.79 62650000
1 2 3.86 62650000
2 1 47.61 62700000
1 2 3.84 62700000
2 1 47.61 62750000
1 2 3.84 62750000
2 1 47.61 62800000
1 2 3.84 62800000
2 1 47.79 62850000
1 2 3.86 62850000
2 1 47.61 62900000
1 2 3.84 62900000
2 1 47.61 62950000
1 2 3.84 62950000
2 1 47.61 63000000
1 2 3.84 63000000
2 1 47.61 63050000
1 2 3.84 63050000
2 1 47.79 63100000
1 2 3.86 63100000
2 1 47.61 63150000
1 2 3.84 63150000
2 1 47.61 63200000
1 2 3.84 63200000
2 1 47.61 63250000
1 2 3.84 63250000
2 1 47.79 63300000
1 2 3.86 63300000
2 1 47.61 63350000
1 2 3.84 63350000
2 1 47.61 63400000
1 2 3.84 63400000
2 1 47.61 63450000
1 2 3.84 63450000
2 1 47.61 63500000
1 2 3.84 63500000
2 1 47.79 63550000
1 2 3.86 63550000
2 1 47.61 63600000
1 2 3.84 63600000
2 1 47.61 63650000
1 2 3.84 63650000
2 1 47.61 63700000
1 2 3.84 63700000
2 1 47.79 63750000
1 2 3.86 63750000
2 1 47.61 63800000
1 2 3.84 63800000
2 1 47.61 63850000
1 2 3.84 63850000
2 1 47.61 63900000
1 2 3.84 63900000
2 1 47.61 63950000
1 2 3.84 63950000
2 1 47.79 64000000
1 2 3.86 64000000
2 1 47.61 64050000
1 2 3.84 64050000
2 1 47.61 64100000
1 2 3.84 64100000
2 1 47.61 64150000
1 2 3.84 64150000
2 1 47.61 64200000
1 2 3.86 64200000
2 1 47.79 64250000
1 2 3.84 64250000
2 1 47.61 64300000
1 2 3.84 64300000
2 1 47.61 64350000
1 2 3.84 64350000
2 1 47.61 64400000
1 2 3.84 64400000
2 1 47.79 64450000
1 2 3.86 64450000
2 1 47.61 64500000
1 2 3.84 64500000
2 1 47.61 64550000
1 2 3.84 64550000
2 1 47.61 64600000
1 2 3.84 64600000
2 1 47.61 64650000
1 2 3.84 64650000
2 1 47.79 64700000
1 2 3.86 64700000
2 1 47.61 64750000
1 2 3.84 64750000
2 1 47.61 64800000
1 2 3.84 64800000
2 1 47.61 64850000
1 2 3.84 64850000
2 1 47.79 64900000
1 2 3.86 64900000
2 1 47.61 64950000
1 2 3.84 64950000
2 1 47.61 65000000
1 2 3.84 65000000
2 1 47.61 65050000
1 2 3.84 65050000
2 1 47.61 65100000
1 2 3.84 65100000
2 1 47.79 65150000
1 2 3.86 65150000
2 1 47.61 65200000
1 2 3.84 65200000
2 1 47.61 65250000
1 2 3.84 65250000
2 1 47.61 65300000
1 2 3.84 65300000
2 1 47.79 65350000
1 2 3.86 65350000
2 1 47.61 65400000
1 2 3.84 65400000
2 1 47.61 65450000
1 2 3.84 65450000
2 1 47.61 65500000
1 2 3.84 65500000
2 1 47.61 65550000
1 2 3.84 65550000
2 1 47.79 65600000
1 2 3.86 65600000
2 1 47.61 65650000
1 2 3.84 65650000
2 1 47.61 65700000
1 2 3.84 65700000
2 1 47.61 65750000
1 2 3.84 65750000
2 1 47.79 65800000
1 2 3.86 65800000
2 1 47.61 65850000
1 2 3.84 65850000
2 1 47.61 65900000
1 2 3.84 65900000
2 1 47.61 65950000
1 2 3.84 65950000
2 1 47.61 66000000
1 2 3.84 66000000
2 1 47.79 66050000
1 2 3.86 66050000
2 1 47.61 66100000
1 2 3.84 66100000
2 1 47.61 66150000
1 2 3.84 66150000
2 1 47.61 66200000
1 2 3.84 66200000
2 1 47.79 66250000
1 2 3.86 66250000
2 1 47.61 66300000
1 2 3.84 66300000
2 1 47.61 66350000
1 2 3.84 66350000
2 1 47.61 66400000
1 2 3.84 66400000
2 1 47.61 66450000
1 2 3.86 66450000
2 1 47.79 66500000
1 2 3.84 66500000
2 1 47.61 66550000
1 2 3.84 66550000
2 1 47.61 66600000
1 2 3.84 66600000
2 1 47.61 66650000
1 2 3.84 66650000
2 1 47.79 66700000
1 2 3.86 66700000
2 1 47.61 66750000
1 2 3.84 66750000
2 1 47.61 66800000
1 2 3.84 66800000
2 1 47.61 66850000
1 2 3.84 66850000
2 1 47.61 66900000
1 2 3.86 66900000
2 1 47.79 66950000
1 2 3.84 66950000
2 1 47.61 67000000
1 2 3.84 67000000
2 1 47.61 67050000
1 2 3.84 67050000
2 1 47.61 67100000
1 2 3.84 67100000
2 1 47.79 67150000
1 2 3.86 67150000
2 1 47.61 67200000
1 2 3.84 67200000
2 1 47.61 67250000
1 2 3.84 67250000
2 1 47.61 67300000
1 2 3.84 67300000
2 1 47.61 67350000
1 2 3.86 67350000
2 1 47.79 67400000
1 2 3.84 67400000
2 1 47.61 67450000
1 2 3.84 67450000
2 1 47.61 67500000
1 2 3.84 67500000
2 1 47.61 67550000
1 2 3.84 67550000
2 1 47.79 67600000
1 2 3.86 67600000
2 1 47.61 67650000
1 2 3.84 67650000
2 1 47.61 67700000
1 2 3.84 67700000
2 1 47.61 67750000
1 2 3.84 67750000
2 1 47.61 67800000
1 2 3.86 67800000
2 1 47.79 67850000
1 2 3.84 67850000
2 1 47.61 67900000
1 2 3.84 67900000
2 1 47.61 67950000
1 2 3.84 67950000
2 1 47.61 68000000
1 2 3.86 68000000
2 1 47.79 68050000
1 2 3.84 68050000
2 1 47.61 68100000
1 2 3.84 68100000
2 1 47.61 68150000
1 2 3.84 68150000
2 1 47.61 68200000
1 2 3.84 68200000
2 1 47.79 68250000
1 2 3.86 68250000
2 1 47.61 68300000
1 2 3.84 68300000
2 1 47.61 68350000
1 2 3.84 68350000
2 1 47.61 68400000
1 2 3.84 68400000
2 1 47.79 68450000
1 2 3.86 68450000
2 1 47.61 68500000
1 2 3.84 68500000
2 1 47.61 68550000
1 2 3.84 68550000
2 1 47.61 68600000
1 2 3.84 68600000
2 1 47.79 68650000
1 2 3.86 68650000
2 1 47.61 68700000
1 2 3.84 68700000
2 1 47.61 68750000
1 2 3.84 68750000
2 1 47.61 68800000
1 2 3.84 68800000
2 1 47.61 68850000
1 2 3.84 68850000
2 1 47.79 68900000
1 2 3.86 68900000
2 1 47.61 68950000
1 2 3.84 68950000
2 1 47.61 69000000
1 2 3.84 69000000
2 1 47.61 69050000
1 2 3.84 69050000
2 1 47.79 69100000
1 2 3.86 69100000
2 1 47.61 69150000
1 2 3.84 69150000
2 1 47.61 69200000
1 2 3.84 69200000
2 1 47.61 69250000
1 2 3.84 69250000
2 1 47.79 69300000
1 2 3.86 69300000
2 1 47.61 69350000
1 2 3.84 69350000
2 1 47.61 69400000
1 2 3.84 69400000
2 1 47.61 69450000
1 2 3.84 69450000
2 1 47.61 69500000
1 2 3.84 69500000
2 1 47.79 69550000
1 2 3.86 69550000
2 1 47.61 69600000
1 2 3.84 69600000
2 1 47.61 69650000
1 2 3.84 69650000
2 1 47.61 69700000
1 2 3.84 69700000
2 1 47.79 69750000
1 2 3.86 69750000
2 1 47.61 69800000
1 2 3.84 69800000
2 1 47.61 69850000
1 2 3.84 69850000
2 1 47.61 69900000
1 2 3.84 69900000
2 1 47.79 69950000
1 2 3.86 69950000
2 1 47.61 70000000
1 2 3.84 70000000
2 1 47.61 70050000
1 2 3.84 70050000
2 1 47.61 70100000
1 2 3.84 70100000
2 1 47.79 70150000
1 2 3.86 70150000
2 1 47.61 70200000
1 2 3.84 70200000
2 1 47.61 70250000
1 2 3.84 70250000
2 1 47.61 70300000
1 2 3.84 70300000
2 1 47.61 70350000
1 2 3.84 70350000
2 1 47.79 70400000
1 2 3.86 70400000
2 1 47.61 70450000
1 2 3.84 70450000
2 1 47.61 70500000
1 2 3.84 70500000
2 1 47.61 70550000
1 2 3.84 70550000
2 1 47.79 70600000
1 2 3.86 70600000
2 1 47.61 70650000
1 2 3.84 70650000
2 1 47.61 70700000
1 2 3.84 70700000
2 1 47.61 70750000
1 2 3.84 70750000
2 1 47.79 70800000
1 2 3.86 70800000
2 1 47.61 70850000
1 2 3.84 70850000
2 1 47.61 70900000
1 2 3.84 70900000
2 1 47.61 70950000
1 2 3.84 70950000
2 1 47.61 71000000
1 2 3.84 71000000
2 1 47.79 71050000
1 2 3.86 71050000
2 1 47.61 71100000
1 2 3.84 71100000
2 1 47.61 71150000
1 2 3.84 71150000
2 1 47.61 71200000
1 2 3.84 71200000
2 1 47.79 71250000
1 2 3.86 71250000
2 1 47.61 71300000
1 2 3.84 71300000
2 1 47.61 71350000
1 2 3.84 71350000
2 1 47.61 71400000
1 2 3.84 71400000
2 1 47.79 71450000
1 2 3.86 71450000
2 1 47.61 71500000
1 2 3.84 71500000
2 1 19.18 71550000
1 2 2.73 71550000
2 1 0.00 71600000
1 2 0.00 71600000
2 1 0.00 71650000
1 2 0.00 71650000
2 1 0.00 71700000
1 2 0.00 71700000
2 1 0.00 71750000
1 2 0.00 71750000
2 1 0.00 71800000
1 2 0.00 71800000
2 1 0.00 71850000
1 2 0.00 71850000
2 1 0.00 71900000
1 2 0.00 71900000
2 1 0.00 71950000
1 2 0.00 71950000
2 1 0.00 72000000
1 2 0.00 72000000
2 1 0.00 72050000
1 2 0.00 72050000
2 1 0.00 72100000
1 2 0.00 72100000
2 1 0.00 72150000
1 2 0.00 72150000
2 1 0.00 72200000
1 2 0.00 72200000
2 1 0.00 72250000
1 2 0.00 72250000
2 1 0.00 72300000
1 2 0.00 72300000
2 1 0.00 72350000
1 2 0.00 72350000
2 1 0.00 72400000
1 2 0.00 72400000
2 1 0.00 72450000
1 2 0.00 72450000
2 1 0.00 72500000
1 2 0.00 72500000
2 1 0.00 72550000
1 2 0.00 72550000
2 1 0.00 72600000
1 2 0.00 72600000
2 1 0.00 72650000
1 2 0.00 72650000
2 1 0.00 72700000
1 2 0.00 72700000
2 1 0.00 72750000
1 2 0.00 72750000
2 1 0.00 72800000
1 2 0.00 72800000
2 1 0.00 72850000
1 2 0.00 72850000
2 1 0.00 72900000
1 2 0.00 72900000
2 1 0.00 72950000
1 2 0.00 72950000
2 1 0.00 73000000
1 2 0.00 73000000
2 1 0.00 73050000
1 2 0.00 73050000
2 1 0.00 73100000
1 2 0.00 73100000
2 1 0.00 73150000
1 2 0.00 73150000
2 1 0.00 73200000
1 2 0.00 73200000
2 1 0.00 73250000
1 2 0.00 73250000
2 1 0.00 73300000
1 2 0.00 73300000
2 1 0.00 73350000
1 2 0.00 73350000
2 1 0.00 73400000
1 2 0.00 73400000
2 1 0.00 73450000
1 2 0.00 73450000
2 1 0.00 73500000
1 2 0.00 73500000
2 1 0.00 73550000
1 2 0.00 73550000
2 1 0.00 73600000
1 2 0.00 73600000
2 1 0.00 73650000
1 2 0.00 73650000
2 1 0.00 73700000
1 2 0.00 73700000
2 1 0.00 73750000
1 2 0.00 73750000
2 1 0.00 73800000
1 2 0.00 73800000
2 1 0.00 73850000
1 2 0.00 73850000
2 1 0.00 73900000
1 2 0.00 73900000
2 1 0.00 73950000
1 2 0.00 73950000
2 1 0.00 74000000
1 2 0.00 74000000
2 1 0.00 74050000
1 2 0.00 74050000
2 1 0.00 74100000
1 2 0.00 74100000
2 1 0.00 74150000
1 2 0.00 74150000
2 1 0.00 74200000
1 2 0.00 74200000
2 1 0.00 74250000
1 2 0.00 74250000
2 1 0.00 74300000
1 2 0.00 74300000
2 1 0.00 74350000
1 2 0.00 74350000
2 1 0.00 74400000
1 2 0.00 74400000
2 1 0.00 74450000
1 2 0.00 74450000
2 1 0.00 74500000
1 2 0.00 74500000
2 1 0.00 74550000
1 2 0.00 74550000
2 1 0.00 74600000
1 2 0.00 74600000
2 1 0.00 74650000
1 2 0.00 74650000
2 1 0.00 74700000
1 2 0.00 74700000
2 1 0.00 74750000
1 2 0.00 74750000
2 1 0.00 74800000
1 2 0.00 74800000
2 1 0.00 74850000
1 2 0.00 74850000
2 1 0.00 74900000
1 2 0.00 74900000
2 1 0.00 74950000
1 2 0.00 74950000
2 1 0.00 75000000
1 2 0.00 75000000
2 1 0.00 75050000
1 2 0.00 75050000
2 1 0.00 75100000
1 2 0.00 75100000
2 1 0.00 75150000
1 2 0.00 75150000
2 1 0.00 75200000
1 2 0.00 75200000
2 1 0.00 75250000
1 2 0.00 75250000
2 1 0.00 75300000
1 2 0.00 75300000
2 1 0.00 75350000
1 2 0.00 75350000
2 1 0.00 75400000
1 2 0.00 75400000
2 1 0.00 75450000
1 2 0.00 75450000
2 1 0.00 75500000
1 2 0.00 75500000
2 1 0.00 75550000
1 2 0.00 75550000
2 1 0.00 75600000
1 2 0.00 75600000
2 1 0.00 75650000
1 2 0.00 75650000
2 1 0.00 75700000
1 2 0.00 75700000
2 1 0.00 75750000
1 2 0.00 75750000
2 1 0.00 75800000
1 2 0.00 75800000
2 1 0.00 75850000
1 2 0.00 75850000
2 1 0.00 75900000
1 2 0.00 75900000
2 1 0.00 75950000
1 2 0.00 75950000
2 1 0.00 76000000
1 2 0.00 76000000
2 1 0.00 76050000
1 2 0.00 76050000
2 1 0.00 76100000
1 2 0.00 76100000
2 1 0.00 76150000
1 2 0.00 76150000
2 1 0.00 76200000
1 2 0.00 76200000
2 1 0.00 76250000
1 2 0.00 76250000
2 1 0.00 76300000
1 2 0.00 76300000
2 1 0.00 76350000
1 2 0.00 76350000
2 1 0.00 76400000
1 2 0.00 76400000
2 1 0.00 76450000
1 2 0.00 76450000
2 1 0.00 76500000
1 2 0.00 76500000
2 1 0.00 76550000
1 2 0.00 76550000
2 1 0.00 76600000
1 2 0.00 76600000
2 1 0.00 76650000
1 2 0.00 76650000
2 1 0.00 76700000
1 2 0.00 76700000
2 1 0.00 76750000
1 2 0.00 76750000
2 1 0.00 76800000
1 2 0.00 76800000
2 1 0.00 76850000
1 2 0.00 76850000
2 1 0.00 76900000
1 2 0.00 76900000
2 1 0.00 76950000
1 2 0.00 76950000
2 1 0.00 77000000
1 2 0.00 77000000
2 1 0.00 77050000
1 2 0.00 77050000
2 1 0.00 77100000
1 2 0.00 77100000
2 1 0.00 77150000
1 2 0.00 77150000
2 1 0.00 77200000
1 2 0.00 77200000
2 1 0.00 77250000
1 2 0.00 77250000
2 1 0.00 77300000
1 2 0.00 77300000
2 1 0.00 77350000
1 2 0.00 77350000
2 1 0.00 77400000
1 2 0.00 77400000
2 1 0.00 77450000
1 2 0.00 77450000
2 1 0.00 77500000
1 2 0.00 77500000
2 1 0.00 77550000
1 2 0.00 77550000
2 1 0.00 77600000
1 2 0.00 77600000
2 1 0.00 77650000
1 2 0.00 77650000
2 1 0.00 77700000
1 2 0.00 77700000
2 1 0.00 77750000
1 2 0.00 77750000
2 1 0.00 77800000
1 2 0.00 77800000
2 1 0.00 77850000
1 2 0.00 77850000
2 1 0.00 77900000
1 2 0.00 77900000
2 1 0.00 77950000
1 2 0.00 77950000
2 1 0.00 78000000
1 2 0.00 78000000
2 1 0.00 78050000
1 2 0.00 78050000
2 1 0.00 78100000
1 2 0.00 78100000
2 1 0.00 78150000
1 2 0.00 78150000
2 1 0.00 78200000
1 2 0.00 78200000
2 1 0.00 78250000
1 2 0.00 78250000
2 1 0.00 78300000
1 2 0.00 78300000
2 1 0.00 78350000
1 2 0.00 78350000
2 1 0.00 78400000
1 2 0.00 78400000
2 1 0.00 78450000
1 2 0.00 78450000
2 1 0.00 78500000
1 2 0.00 78500000
2 1 0.00 78550000
1 2 0.00 78550000
2 1 0.00 78600000
1 2 0.00 78600000
2 1 0.00 78650000
1 2 0.00 78650000
2 1 0.00 78700000
1 2 0.00 78700000
2 1 0.00 78750000
1 2 0.00 78750000
2 1 0.00 78800000
1 2 0.00 78800000
2 1 0.00 78850000
1 2 0.00 78850000
2 1 0.00 78900000
1 2 0.00 78900000
2 1 0.00 78950000
1 2 0.00 78950000
2 1 0.00 79000000
1 2 0.00 79000000
2 1 0.00 79050000
1 2 0.00 79050000
2 1 0.00 79100000
1 2 0.00 79100000
2 1 0.00 79150000
1 2 0.00 79150000
2 1 0.00 79200000
1 2 0.00 79200000
2 1 0.00 79250000
1 2 0.00 79250000
2 1 0.00 79300000
1 2 0.00 79300000
2 1 0.00 79350000
1 2 0.00 79350000
2 1 0.00 79400000
1 2 0.00 79400000
2 1 0.00 79450000
1 2 0.00 79450000
2 1 0.00 79500000
1 2 0.00 79500000
2 1 0.00 79550000
1 2 0.00 79550000
2 1 0.00 79600000
1 2 0.00 79600000
2 1 0.00 79650000
1 2 0.00 79650000
2 1 0.00 79700000
1 2 0.00 79700000
2 1 0.00 79750000
1 2 0.00 79750000
2 1 0.00 79800000
1 2 0.00 79800000
2 1 0.00 79850000
1 2 0.00 79850000
2 1 0.00 79900000
1 2 0.00 79900000
2 1 0.00 79950000
1 2 0.00 79950000
2 1 0.00 80000000
1 2 0.00 80000000
2 1 0.00 80050000
1 2 0.00 80050000
2 1 0.00 80100000
1 2 0.00 80100000
2 1 0.00 80150000
1 2 0.00 80150000
2 1 0.00 80200000
1 2 0.00 80200000
2 1 0.00 80250000
1 2 0.00 80250000
2 1 0.00 80300000
1 2 0.00 80300000
2 1 0.00 80350000
1 2 0.00 80350000
2 1 0.00 80400000
1 2 0.00 80400000
2 1 0.00 80450000
1 2 0.00 80450000
2 1 0.00 80500000
1 2 0.00 80500000
2 1 0.00 80550000
1 2 0.00 80550000
2 1 0.00 80600000
1 2 0.00 80600000
2 1 0.00 80650000
1 2 0.00 80650000
2 1 0.00 80700000
1 2 0.00 80700000
2 1 0.00 80750000
1 2 0.00 80750000
2 1 0.00 80800000
1 2 0.00 80800000
2 1 0.00 80850000
1 2 0.00 80850000
2 1 0.00 80900000
1 2 0.00 80900000
2 1 0.00 80950000
1 2 0.00 80950000
2 1 0.00 81000000
1 2 0.00 81000000
2 1 0.00 81050000
1 2 0.00 81050000
2 1 0.00 81100000
1 2 0.00 81100000
2 1 0.00 81150000
1 2 0.00 81150000
2 1 0.00 81200000
1 2 0.00 81200000
2 1 0.00 81250000
1 2 0.00 81250000
2 1 0.00 81300000
1 2 0.00 81300000
2 1 0.00 81350000
1 2 0.00 81350000
2 1 0.00 81400000
1 2 0.00 81400000
2 1 0.00 81450000
1 2 0.00 81450000
2 1 0.00 81500000
1 2 0.00 81500000
2 1 0.00 81550000
1 2 0.00 81550000
2 1 0.00 81600000
1 2 0.00 81600000
2 1 0.00 81650000
1 2 0.00 81650000
2 1 0.00 81700000
1 2 0.00 81700000
2 1 0.00 81750000
1 2 0.00 81750000
2 1 0.00 81800000
1 2 0.00 81800000
2 1 0.00 81850000
1 2 0.00 81850000
2 1 0.00 81900000
1 2 0.00 81900000
2 1 0.00 81950000
1 2 0.00 81950000
2 1 0.00 82000000
1 2 0.00 82000000
2 1 0.00 82050000
1 2 0.00 82050000
2 1 0.00 82100000
1 2 0.00 82100000
2 1 0.00 82150000
1 2 0.00 82150000
2 1 0.00 82200000
1 2 0.00 82200000
2 1 0.00 82250000
1 2 0.00 82250000
2 1 0.00 82300000
1 2 0.00 82300000
2 1 0.00 82350000
1 2 0.00 82350000
2 1 0.00 82400000
1 2 0.00 82400000
2 1 0.00 82450000
1 2 0.00 82450000
2 1 0.00 82500000
1 2 0.00 82500000
2 1 0.00 82550000
1 2 0.00 82550000
2 1 0.00 82600000
1 2 0.00 82600000
2 1 0.00 82650000
1 2 0.00 82650000
2 1 0.00 82700000
1 2 0.00 82700000
2 1 0.00 82750000
1 2 0.00 82750000
2 1 0.00 82800000
1 2 0.00 82800000
2 1 0.00 82850000
1 2 0.00 82850000
2 1 0.00 82900000
1 2 0.00 82900000
2 1 0.00 82950000
1 2 0.00 82950000
2 1 0.00 83000000
1 2 0.00 83000000
2 1 0.00 83050000
1 2 0.00 83050000
2 1 0.00 83100000
1 2 0.00 83100000
2 1 0.00 83150000
1 2 0.00 83150000
2 1 0.00 83200000
1 2 0.00 83200000
2 1 0.00 83250000
1 2 0.00 83250000
2 1 0.00 83300000
1 2 0.00 83300000
2 1 0.00 83350000
1 2 0.00 83350000
2 1 0.00 83400000
1 2 0.00 83400000
2 1 0.00 83450000
1 2 0.00 83450000
2 1 0.00 83500000
1 2 0.00 83500000
2 1 0.00 83550000
1 2 0.00 83550000
2 1 0.00 83600000
1 2 0.00 83600000
2 1 0.00 83650000
1 2 0.00 83650000
2 1 0.00 83700000
1 2 0.00 83700000
2 1 0.00 83750000
1 2 0.00 83750000
2 1 0.00 83800000
1 2 0.00 83800000
2 1 0.00 83850000
1 2 0.00 83850000
2 1 0.00 83900000
1 2 0.00 83900000
2 1 0.00 83950000
1 2 0.00 83950000
2 1 0.00 84000000
1 2 0.00 84000000
2 1 0.00 84050000
1 2 0.00 84050000
2 1 0.00 84100000
1 2 0.00 84100000
2 1 0.00 84150000
1 2 0.00 84150000
2 1 0.00 84200000
1 2 0.00 84200000
2 1 0.00 84250000
1 2 0.00 84250000
2 1 0.00 84300000
1 2 0.00 84300000
2 1 0.00 84350000
1 2 0.00 84350000
2 1 0.00 84400000
1 2 0.00 84400000
2 1 0.00 84450000
1 2 0.00 84450000
2 1 0.00 84500000
1 2 0.00 84500000
2 1 0.00 84550000
1 2 0.00 84550000
2 1 0.00 84600000
1 2 0.00 84600000
2 1 0.00 84650000
1 2 0.00 84650000
2 1 0.00 84700000
1 2 0.00 84700000
2 1 0.00 84750000
1 2 0.00 84750000
2 1 0.00 84800000
1 2 0.00 84800000
2 1 0.00 84850000
1 2 0.00 84850000
2 1 0.00 84900000
1 2 0.00 84900000
2 1 0.00 84950000
1 2 0.00 84950000
2 1 0.00 85000000
1 2 0.00 85000000
2 1 0.00 85050000
1 2 0.00 85050000
2 1 0.00 85100000
1 2 0.00 85100000
2 1 0.00 85150000
1 2 0.00 85150000
2 1 0.00 85200000
1 2 0.00 85200000
2 1 0.00 85250000
1 2 0.00 85250000
2 1 0.00 85300000
1 2 0.00 85300000
2 1 0.00 85350000
1 2 0.00 85350000
2 1 0.00 85400000
1 2 0.00 85400000
2 1 0.00 85450000
1 2 0.00 85450000
2 1 0.00 85500000
1 2 0.00 85500000
2 1 0.00 85550000
1 2 0.00 85550000
2 1 0.00 85600000
1 2 0.00 85600000
2 1 0.00 85650000
1 2 0.00 85650000
2 1 0.00 85700000
1 2 0.00 85700000
2 1 0.00 85750000
1 2 0.00 85750000
2 1 0.00 85800000
1 2 0.00 85800000
2 1 0.00 85850000
1 2 0.00 85850000
2 1 0.00 85900000
1 2 0.00 85900000
2 1 0.00 85950000
1 2 0.00 85950000
2 1 0.00 86000000
1 2 0.00 86000000
2 1 0.00 86050000
1 2 0.00 86050000
2 1 0.00 86100000
1 2 0.00 86100000
2 1 0.00 86150000
1 2 0.00 86150000
2 1 0.00 86200000
1 2 0.00 86200000
2 1 0.00 86250000
1 2 0.00 86250000
2 1 0.00 86300000
1 2 0.00 86300000
2 1 0.00 86350000
1 2 0.00 86350000
2 1 0.00 86400000
1 2 0.00 86400000
2 1 0.00 86450000
1 2 0.00 86450000
2 1 0.00 86500000
1 2 0.00 86500000
2 1 0.00 86550000
1 2 0.00 86550000
2 1 0.00 86600000
1 2 0.00 86600000
2 1 0.00 86650000
1 2 0.00 86650000
2 1 0.00 86700000
1 2 0.00 86700000
2 1 0.00 86750000
1 2 0.00 86750000
2 1 0.00 86800000
1 2 0.00 86800000
2 1 0.00 86850000
1 2 0.00 86850000
2 1 0.00 86900000
1 2 0.00 86900000
2 1 0.00 86950000
1 2 0.00 86950000
2 1 0.00 87000000
1 2 0.00 87000000
2 1 0.00 87050000
1 2 0.00 87050000
2 1 0.00 87100000
1 2 0.00 87100000
2 1 0.00 87150000
1 2 0.00 87150000
2 1 0.00 87200000
1 2 0.00 87200000
2 1 0.00 87250000
1 2 0.00 87250000
2 1 0.00 87300000
1 2 0.00 87300000
2 1 0.00 87350000
1 2 0.00 87350000
2 1 0.00 87400000
1 2 0.00 87400000
2 1 0.00 87450000
1 2 0.00 87450000
2 1 0.00 87500000
1 2 0.00 87500000
2 1 0.00 87550000
1 2 0.00 87550000
2 1 0.00 87600000
1 2 0.00 87600000
2 1 0.00 87650000
1 2 0.00 87650000
2 1 0.00 87700000
1 2 0.00 87700000
2 1 0.00 87750000
1 2 0.00 87750000
2 1 0.00 87800000
1 2 0.00 87800000
2 1 0.00 87850000
1 2 0.00 87850000
2 1 0.00 87900000
1 2 0.00 87900000
2 1 0.00 87950000
1 2 0.00 87950000
2 1 0.00 88000000
1 2 0.00 88000000
2 1 0.00 88050000
1 2 0.00 88050000
2 1 0.00 88100000
1 2 0.00 88100000
2 1 0.00 88150000
1 2 0.00 88150000
2 1 0.00 88200000
1 2 0.00 88200000
2 1 0.00 88250000
1 2 0.00 88250000
2 1 0.00 88300000
1 2 0.00 88300000
2 1 0.00 88350000
1 2 0.00 88350000
2 1 0.00 88400000
1 2 0.00 88400000
2 1 0.00 88450000
1 2 0.00 88450000
2 1 0.00 88500000
1 2 0.00 88500000
2 1 0.00 88550000
1 2 0.00 88550000
2 1 0.00 88600000
1 2 0.00 88600000
2 1 0.00 88650000
1 2 0.00 88650000
2 1 0.00 88700000
1 2 0.00 88700000
2 1 0.00 88750000
1 2 0.00 88750000
2 1 0.00 88800000
1 2 0.00 88800000
2 1 0.00 88850000
1 2 0.00 88850000
2 1 0.00 88900000
1 2 0.00 88900000
2 1 0.00 88950000
1 2 0.00 88950000
2 1 0.00 89000000
1 2 0.00 89000000
2 1 0.00 89050000
1 2 0.00 89050000
2 1 0.00 89100000
1 2 0.00 89100000
2 1 0.00 89150000
1 2 0.00 89150000
2 1 0.00 89200000
1 2 0.00 89200000
2 1 0.00 89250000
1 2 0.00 89250000
2 1 0.00 89300000
1 2 0.00 89300000
2 1 0.00 89350000
1 2 0.00 89350000
2 1 0.00 89400000
1 2 0.00 89400000
2 1 0.00 89450000
1 2 0.00 89450000
2 1 0.00 89500000
1 2 0.00 89500000
2 1 0.00 89550000
1 2 0.00 89550000
2 1 0.00 89600000
1 2 0.00 89600000
2 1 0.00 89650000
1 2 0.00 89650000
2 1 0.00 89700000
1 2 0.00 89700000
2 1 0.00 89750000
1 2 0.00 89750000
2 1 0.00 89800000
1 2 0.00 89800000
2 1 0.00 89850000
1 2 0.00 89850000
2 1 0.00 89900000
1 2 0.00 89900000
2 1 0.00 89950000
1 2 0.00 89950000
2 1 0.00 90000000
1 2 0.00 90000000
2 1 0.00 90050000
1 2 0.00 90050000
2 1 0.00 90100000
1 2 0.00 90100000
2 1 0.00 90150000
1 2 0.00 90150000
2 1 0.00 90200000
1 2 0.00 90200000
2 1 0.00 90250000
1 2 0.00 90250000
2 1 0.00 90300000
1 2 0.00 90300000
2 1 0.00 90350000
1 2 0.00 90350000
2 1 0.00 90400000
1 2 0.00 90400000
2 1 0.00 90450000
1 2 0.00 90450000
2 1 0.00 90500000
1 2 0.00 90500000
2 1 0.00 90550000
1 2 0.00 90550000
2 1 0.00 90600000
1 2 0.00 90600000
2 1 0.00 90650000
1 2 0.00 90650000
2 1 0.00 90700000
1 2 0.00 90700000
2 1 0.00 90750000
1 2 0.00 90750000
2 1 0.00 90800000
1 2 0.00 90800000
2 1 0.00 90850000
1 2 0.00 90850000
2 1 0.00 90900000
1 2 0.00 90900000
2 1 0.00 90950000
1 2 0.00 90950000
2 1 0.00 91000000
1 2 0.00 91000000
2 1 0.00 91050000
1 2 0.00 91050000
2 1 0.00 91100000
1 2 0.00 91100000
2 1 0.00 91150000
1 2 0.00 91150000
2 1 0.00 91200000
1 2 0.00 91200000
2 1 0.00 91250000
1 2 0.00 91250000
2 1 0.00 91300000
1 2 0.00 91300000
2 1 0.00 91350000
1 2 0.00 91350000
2 1 0.00 91400000
1 2 0.00 91400000
2 1 0.00 91450000
1 2 0.00 91450000
2 1 0.00 91500000
1 2 0.00 91500000
2 1 0.00 91550000
1 2 0.00 91550000
2 1 0.00 91600000
1 2 0.00 91600000
2 1 0.00 91650000
1 2 0.00 91650000
2 1 0.00 91700000
1 2 0.00 91700000
2 1 0.00 91750000
1 2 0.00 91750000
2 1 0.00 91800000
1 2 0.00 91800000
2 1 0.00 91850000
1 2 0.00 91850000
2 1 0.00 91900000
1 2 0.00 91900000
2 1 0.00 91950000
1 2 0.00 91950000
2 1 0.00 92000000
1 2 0.00 92000000
2 1 0.00 92050000
1 2 0.00 92050000
2 1 0.00 92100000
1 2 0.00 92100000
2 1 0.00 92150000
1 2 0.00 92150000
2 1 0.00 92200000
1 2 0.00 92200000
2 1 0.00 92250000
1 2 0.00 92250000
2 1 0.00 92300000
1 2 0.00 92300000
2 1 0.00 92350000
1 2 0.00 92350000
2 1 0.00 92400000
1 2 0.00 92400000
2 1 0.00 92450000
1 2 0.00 92450000
2 1 0.00 92500000
1 2 0.00 92500000
2 1 0.00 92550000
1 2 0.00 92550000
2 1 0.00 92600000
1 2 0.00 92600000
2 1 0.00 92650000
1 2 0.00 92650000
2 1 0.00 92700000
1 2 0.00 92700000
2 1 0.00 92750000
1 2 0.00 92750000
2 1 0.00 92800000
1 2 0.00 92800000
2 1 0.00 92850000
1 2 0.00 92850000
2 1 0.00 92900000
1 2 0.00 92900000
2 1 0.00 92950000
1 2 0.00 92950000
2 1 0.00 93000000
1 2 0.00 93000000
2 1 0.00 93050000
1 2 0.00 93050000
2 1 0.00 93100000
1 2 0.00 93100000
2 1 0.00 93150000
1 2 0.00 93150000
2 1 0.00 93200000
1 2 0.00 93200000
2 1 0.00 93250000
1 2 0.00 93250000
2 1 0.00 93300000
1 2 0.00 93300000
2 1 0.00 93350000
1 2 0.00 93350000
2 1 0.00 93400000
1 2 0.00 93400000
2 1 0.00 93450000
1 2 0.00 93450000
2 1 0.00 93500000
1 2 0.00 93500000
2 1 0.00 93550000
1 2 0.00 93550000
2 1 0.00 93600000
1 2 0.00 93600000
2 1 0.00 93650000
1 2 0.00 93650000
2 1 0.00 93700000
1 2 0.00 93700000
2 1 0.00 93750000
1 2 0.00 93750000
2 1 0.00 93800000
1 2 0.00 93800000
2 1 0.00 93850000
1 2 0.00 93850000
2 1 0.00 93900000
1 2 0.00 93900000
2 1 0.00 93950000
1 2 0.00 93950000
2 1 0.00 94000000
1 2 0.00 94000000
2 1 0.00 94050000
1 2 0.00 94050000
2 1 0.00 94100000
1 2 0.00 94100000
2 1 0.00 94150000
1 2 0.00 94150000
2 1 0.00 94200000
1 2 0.00 94200000
2 1 0.00 94250000
1 2 0.00 94250000
2 1 0.00 94300000
1 2 0.00 94300000
2 1 0.00 94350000
1 2 0.00 94350000
2 1 0.00 94400000
1 2 0.00 94400000
2 1 0.00 94450000
1 2 0.00 94450000
2 1 0.00 94500000
1 2 0.00 94500000
2 1 0.00 94550000
1 2 0.00 94550000
2 1 0.00 94600000
1 2 0.00 94600000
2 1 0.00 94650000
1 2 0.00 94650000
2 1 0.00 94700000
1 2 0.00 94700000
2 1 0.00 94750000
1 2 0.00 94750000
2 1 0.00 94800000
1 2 0.00 94800000
2 1 0.00 94850000
1 2 0.00 94850000
2 1 0.00 94900000
1 2 0.00 94900000
2 1 0.00 94950000
1 2 0.00 94950000
2 1 0.00 95000000
1 2 0.00 95000000
2 1 0.00 95050000
1 2 0.00 95050000
2 1 0.00 95100000
1 2 0.00 95100000
2 1 0.00 95150000
1 2 0.00 95150000
2 1 0.00 95200000
1 2 0.00 95200000
2 1 0.00 95250000
1 2 0.00 95250000
2 1 0.00 95300000
1 2 0.00 95300000
2 1 0.00 95350000
1 2 0.00 95350000
2 1 0.00 95400000
1 2 0.00 95400000
2 1 0.00 95450000
1 2 0.00 95450000
2 1 0.00 95500000
1 2 0.00 95500000
2 1 0.00 95550000
1 2 0.00 95550000
2 1 0.00 95600000
1 2 0.00 95600000
2 1 0.00 95650000
1 2 0.00 95650000
2 1 0.00 95700000
1 2 0.00 95700000
2 1 0.00 95750000
1 2 0.00 95750000
2 1 0.00 95800000
1 2 0.00 95800000
2 1 0.00 95850000
1 2 0.00 95850000
2 1 0.00 95900000
1 2 0.00 95900000
2 1 0.00 95950000
1 2 0.00 95950000
2 1 0.00 96000000
1 2 0.00 96000000
2 1 0.00 96050000
1 2 0.00 96050000
2 1 0.00 96100000
1 2 0.00 96100000
2 1 0.00 96150000
1 2 0.00 96150000
2 1 0.00 96200000
1 2 0.00 96200000
2 1 0.00 96250000
1 2 0.00 96250000
2 1 0.00 96300000
1 2 0.00 96300000
2 1 0.00 96350000
1 2 0.00 96350000
2 1 0.00 96400000
1 2 0.00 96400000
2 1 0.00 96450000
1 2 0.00 96450000
2 1 0.00 96500000
1 2 0.00 96500000
2 1 0.00 96550000
1 2 0.00 96550000
2 1 0.00 96600000
1 2 0.00 96600000
2 1 0.00 96650000
1 2 0.00 96650000
2 1 0.00 96700000
1 2 0.00 96700000
2 1 0.00 96750000
1 2 0.00 96750000
2 1 0.00 96800000
1 2 0.00 96800000
2 1 0.00 96850000
1 2 0.00 96850000
2 1 0.00 96900000
1 2 0.00 96900000
2 1 0.00 96950000
1 2 0.00 96950000
2 1 0.00 97000000
1 2 0.00 97000000
2 1 0.00 97050000
1 2 0.00 97050000
2 1 0.00 97100000
1 2 0.00 97100000
2 1 0.00 97150000
1 2 0.00 97150000
2 1 0.00 97200000
1 2 0.00 97200000
2 1 0.00 97250000
1 2 0.00 97250000
2 1 0.00 97300000
1 2 0.00 97300000
2 1 0.00 97350000
1 2 0.00 97350000
2 1 0.00 97400000
1 2 0.00 97400000
2 1 0.00 97450000
1 2 0.00 97450000
2 1 0.00 97500000
1 2 0.00 97500000
2 1 0.00 97550000
1 2 0.00 97550000
2 1 0.00 97600000
1 2 0.00 97600000
2 1 0.00 97650000
1 2 0.00 97650000
2 1 0.00 97700000
1 2 0.00 97700000
2 1 0.00 97750000
1 2 0.00 97750000
2 1 0.00 97800000
1 2 0.00 97800000
2 1 0.00 97850000
1 2 0.00 97850000
2 1 0.00 97900000
1 2 0.00 97900000
2 1 0.00 97950000
1 2 0.00 97950000
2 1 0.00 98000000
1 2 0.00 98000000
2 1 0.00 98050000
1 2 0.00 98050000
2 1 0.00 98100000
1 2 0.00 98100000
2 1 0.00 98150000
1 2 0.00 98150000
2 1 0.00 98200000
1 2 0.00 98200000
2 1 0.00 98250000
1 2 0.00 98250000
2 1 0.00 98300000
1 2 0.00 98300000
2 1 0.00 98350000
1 2 0.00 98350000
2 1 0.00 98400000
1 2 0.00 98400000
2 1 0.00 98450000
1 2 0.00 98450000
2 1 0.00 98500000
1 2 0.00 98500000
2 1 0.00 98550000
1 2 0.00 98550000
2 1 0.00 98600000
1 2 0.00 98600000
2 1 0.00 98650000
1 2 0.00 98650000
2 1 0.00 98700000
1 2 0.00 98700000
2 1 0.00 98750000
1 2 0.00 98750000
2 1 0.00 98800000
1 2 0.00 98800000
2 1 0.00 98850000
1 2 0.00 98850000
2 1 0.00 98900000
1 2 0.00 98900000
2 1 0.00 98950000
1 2 0.00 98950000
2 1 0.00 99000000
1 2 0.00 99000000
2 1 0.00 99050000
1 2 0.00 99050000
2 1 0.00 99100000
1 2 0.00 99100000
2 1 0.00 99150000
1 2 0.00 99150000
2 1 0.00 99200000
1 2 0.00 99200000
2 1 0.00 99250000
1 2 0.00 99250000
2 1 0.00 99300000
1 2 0.00 99300000
2 1 0.00 99350000
1 2 0.00 99350000
2 1 0.00 99400000
1 2 0.00 99400000
2 1 0.00 99450000
1 2 0.00 99450000
2 1 0.00 99500000
1 2 0.00 99500000
2 1 0.00 99550000
1 2 0.00 99550000
2 1 0.00 99600000
1 2 0.00 99600000
2 1 0.00 99650000
1 2 0.00 99650000
2 1 0.00 99700000
1 2 0.00 99700000
2 1 0.00 99750000
1 2 0.00 99750000
2 1 0.00 99800000
1 2 0.00 99800000
2 1 0.00 99850000
1 2 0.00 99850000
2 1 0.00 99900000
1 2 0.00 99900000
2 1 0.00 99950000
1 2 0.00 99950000
2 1 0.00 100000000
1 2 0.00 100000000
