2 1 0.00 50000
1 2 0.00 50000
2 1 0.00 100000
1 2 0.00 100000
2 1 0.00 150000
1 2 0.00 150000
2 1 0.00 200000
1 2 0.00 200000
2 1 0.00 250000
1 2 0.00 250000
2 1 0.00 300000
1 2 0.00 300000
2 1 0.00 350000
1 2 0.00 350000
2 1 0.00 400000
1 2 0.00 400000
2 1 0.00 450000
1 2 0.00 450000
2 1 0.00 500000
1 2 0.00 500000
2 1 0.00 550000
1 2 0.00 550000
2 1 0.00 600000
1 2 0.00 600000
2 1 0.00 650000
1 2 0.00 650000
2 1 0.00 700000
1 2 0.00 700000
2 1 0.00 750000
1 2 0.00 750000
2 1 0.00 800000
1 2 0.00 800000
2 1 0.00 850000
1 2 0.00 850000
2 1 0.00 900000
1 2 0.00 900000
2 1 0.00 950000
1 2 0.00 950000
2 1 0.00 1000000
1 2 0.00 1000000
2 1 0.00 1050000
1 2 0.00 1050000
2 1 0.00 1100000
1 2 0.00 1100000
2 1 0.00 1150000
1 2 0.00 1150000
2 1 0.00 1200000
1 2 0.00 1200000
2 1 0.00 1250000
1 2 0.00 1250000
2 1 0.00 1300000
1 2 0.00 1300000
2 1 0.00 1350000
1 2 0.00 1350000
2 1 0.00 1400000
1 2 0.00 1400000
2 1 0.00 1450000
1 2 0.00 1450000
2 1 0.00 1500000
1 2 0.00 1500000
2 1 0.00 1550000
1 2 0.00 1550000
2 1 0.00 1600000
1 2 0.00 1600000
2 1 0.00 1650000
1 2 0.00 1650000
2 1 0.00 1700000
1 2 0.00 1700000
2 1 0.00 1750000
1 2 0.00 1750000
2 1 0.00 1800000
1 2 0.00 1800000
2 1 0.00 1850000
1 2 0.00 1850000
2 1 0.00 1900000
1 2 0.00 1900000
2 1 0.00 1950000
1 2 0.00 1950000
2 1 0.00 2000000
1 2 0.00 2000000
2 1 0.00 2050000
1 2 0.00 2050000
2 1 0.00 2100000
1 2 0.00 2100000
2 1 0.00 2150000
1 2 0.00 2150000
2 1 0.00 2200000
1 2 0.00 2200000
2 1 0.00 2250000
1 2 0.00 2250000
2 1 0.00 2300000
1 2 0.00 2300000
2 1 0.00 2350000
1 2 0.00 2350000
2 1 0.00 2400000
1 2 0.00 2400000
2 1 0.00 2450000
1 2 0.00 2450000
2 1 0.00 2500000
1 2 0.00 2500000
2 1 0.00 2550000
1 2 0.00 2550000
2 1 0.00 2600000
1 2 0.00 2600000
2 1 0.00 2650000
1 2 0.00 2650000
2 1 0.00 2700000
1 2 0.00 2700000
2 1 0.00 2750000
1 2 0.00 2750000
2 1 0.00 2800000
1 2 0.00 2800000
2 1 0.00 2850000
1 2 0.00 2850000
2 1 0.00 2900000
1 2 0.00 2900000
2 1 0.00 2950000
1 2 0.00 2950000
2 1 0.00 3000000
1 2 0.00 3000000
2 1 0.00 3050000
1 2 0.00 3050000
2 1 0.00 3100000
1 2 0.00 3100000
2 1 0.00 3150000
1 2 0.00 3150000
2 1 0.00 3200000
1 2 0.00 3200000
2 1 0.00 3250000
1 2 0.00 3250000
2 1 0.00 3300000
1 2 0.00 3300000
2 1 0.00 3350000
1 2 0.00 3350000
2 1 0.00 3400000
1 2 0.00 3400000
2 1 0.00 3450000
1 2 0.00 3450000
2 1 0.00 3500000
1 2 0.00 3500000
2 1 0.00 3550000
1 2 0.00 3550000
2 1 0.00 3600000
1 2 0.00 3600000
2 1 0.00 3650000
1 2 0.00 3650000
2 1 0.00 3700000
1 2 0.00 3700000
2 1 0.00 3750000
1 2 0.00 3750000
2 1 0.00 3800000
1 2 0.00 3800000
2 1 0.00 3850000
1 2 0.00 3850000
2 1 0.00 3900000
1 2 0.00 3900000
2 1 0.00 3950000
1 2 0.00 3950000
2 1 0.00 4000000
1 2 0.00 4000000
2 1 0.00 4050000
1 2 0.00 4050000
2 1 0.00 4100000
1 2 0.00 4100000
2 1 0.00 4150000
1 2 0.00 4150000
2 1 0.00 4200000
1 2 0.00 4200000
2 1 0.00 4250000
1 2 0.00 4250000
2 1 0.00 4300000
1 2 0.00 4300000
2 1 0.00 4350000
1 2 0.00 4350000
2 1 0.00 4400000
1 2 0.00 4400000
2 1 0.00 4450000
1 2 0.00 4450000
2 1 0.00 4500000
1 2 0.00 4500000
2 1 0.00 4550000
1 2 0.00 4550000
2 1 0.00 4600000
1 2 0.00 4600000
2 1 0.00 4650000
1 2 0.00 4650000
2 1 0.00 4700000
1 2 0.00 4700000
2 1 0.00 4750000
1 2 0.00 4750000
2 1 0.00 4800000
1 2 0.00 4800000
2 1 0.00 4850000
1 2 0.00 4850000
2 1 0.00 4900000
1 2 0.00 4900000
2 1 0.00 4950000
1 2 0.00 4950000
2 1 0.00 5000000
1 2 0.00 5000000
2 1 0.00 5050000
1 2 0.00 5050000
2 1 0.00 5100000
1 2 0.00 5100000
2 1 0.00 5150000
1 2 0.00 5150000
2 1 0.00 5200000
1 2 0.00 5200000
2 1 0.00 5250000
1 2 0.00 5250000
2 1 0.00 5300000
1 2 0.00 5300000
2 1 0.00 5350000
1 2 0.00 5350000
2 1 0.00 5400000
1 2 0.00 5400000
2 1 0.00 5450000
1 2 0.00 5450000
2 1 0.00 5500000
1 2 0.00 5500000
2 1 0.00 5550000
1 2 0.00 5550000
2 1 0.00 5600000
1 2 0.00 5600000
2 1 0.00 5650000
1 2 0.00 5650000
2 1 0.00 5700000
1 2 0.00 5700000
2 1 0.00 5750000
1 2 0.00 5750000
2 1 0.00 5800000
1 2 0.00 5800000
2 1 0.00 5850000
1 2 0.00 5850000
2 1 0.00 5900000
1 2 0.00 5900000
2 1 0.00 5950000
1 2 0.00 5950000
2 1 0.00 6000000
1 2 0.00 6000000
2 1 0.00 6050000
1 2 0.00 6050000
2 1 0.00 6100000
1 2 0.00 6100000
2 1 0.00 6150000
1 2 0.00 6150000
2 1 0.00 6200000
1 2 0.00 6200000
2 1 0.00 6250000
1 2 0.00 6250000
2 1 0.00 6300000
1 2 0.00 6300000
2 1 0.00 6350000
1 2 0.00 6350000
2 1 0.00 6400000
1 2 0.00 6400000
2 1 0.00 6450000
1 2 0.00 6450000
2 1 0.00 6500000
1 2 0.00 6500000
2 1 0.00 6550000
1 2 0.00 6550000
2 1 0.00 6600000
1 2 0.00 6600000
2 1 0.00 6650000
1 2 0.00 6650000
2 1 0.00 6700000
1 2 0.00 6700000
2 1 0.00 6750000
1 2 0.00 6750000
2 1 0.00 6800000
1 2 0.00 6800000
2 1 0.00 6850000
1 2 0.00 6850000
2 1 0.00 6900000
1 2 0.00 6900000
2 1 0.00 6950000
1 2 0.00 6950000
2 1 0.00 7000000
1 2 0.00 7000000
2 1 0.00 7050000
1 2 0.00 7050000
2 1 0.00 7100000
1 2 0.00 7100000
2 1 0.00 7150000
1 2 0.00 7150000
2 1 0.00 7200000
1 2 0.00 7200000
2 1 0.00 7250000
1 2 0.00 7250000
2 1 0.00 7300000
1 2 0.00 7300000
2 1 0.00 7350000
1 2 0.00 7350000
2 1 0.00 7400000
1 2 0.00 7400000
2 1 0.00 7450000
1 2 0.00 7450000
2 1 0.00 7500000
1 2 0.00 7500000
2 1 0.00 7550000
1 2 0.00 7550000
2 1 0.00 7600000
1 2 0.00 7600000
2 1 0.00 7650000
1 2 0.00 7650000
2 1 0.00 7700000
1 2 0.00 7700000
2 1 0.00 7750000
1 2 0.00 7750000
2 1 0.00 7800000
1 2 0.00 7800000
2 1 0.00 7850000
1 2 0.00 7850000
2 1 0.00 7900000
1 2 0.00 7900000
2 1 0.00 7950000
1 2 0.00 7950000
2 1 0.00 8000000
1 2 0.00 8000000
2 1 0.00 8050000
1 2 0.00 8050000
2 1 0.00 8100000
1 2 0.00 8100000
2 1 0.00 8150000
1 2 0.00 8150000
2 1 0.00 8200000
1 2 0.00 8200000
2 1 0.00 8250000
1 2 0.00 8250000
2 1 0.00 8300000
1 2 0.00 8300000
2 1 0.00 8350000
1 2 0.00 8350000
2 1 0.00 8400000
1 2 0.00 8400000
2 1 0.00 8450000
1 2 0.00 8450000
2 1 0.00 8500000
1 2 0.00 8500000
2 1 0.00 8550000
1 2 0.00 8550000
2 1 0.00 8600000
1 2 0.00 8600000
2 1 0.00 8650000
1 2 0.00 8650000
2 1 0.00 8700000
1 2 0.00 8700000
2 1 0.00 8750000
1 2 0.00 8750000
2 1 0.00 8800000
1 2 0.00 8800000
2 1 0.00 8850000
1 2 0.00 8850000
2 1 0.00 8900000
1 2 0.00 8900000
2 1 0.00 8950000
1 2 0.00 8950000
2 1 0.00 9000000
1 2 0.00 9000000
2 1 0.00 9050000
1 2 0.00 9050000
2 1 0.00 9100000
1 2 0.00 9100000
2 1 0.00 9150000
1 2 0.00 9150000
2 1 0.00 9200000
1 2 0.00 9200000
2 1 0.00 9250000
1 2 0.00 9250000
2 1 0.00 9300000
1 2 0.00 9300000
2 1 0.00 9350000
1 2 0.00 9350000
2 1 0.00 9400000
1 2 0.00 9400000
2 1 0.00 9450000
1 2 0.00 9450000
2 1 0.00 9500000
1 2 0.00 9500000
2 1 0.00 9550000
1 2 0.00 9550000
2 1 0.00 9600000
1 2 0.00 9600000
2 1 0.00 9650000
1 2 0.00 9650000
2 1 0.00 9700000
1 2 0.00 9700000
2 1 0.00 9750000
1 2 0.00 9750000
2 1 0.00 9800000
1 2 0.00 9800000
2 1 0.00 9850000
1 2 0.00 9850000
2 1 0.00 9900000
1 2 0.00 9900000
2 1 0.00 9950000
1 2 0.00 9950000
2 1 0.00 10000000
1 2 0.00 10000000
2 1 45.11 10050000
1 2 1.69 10050000
2 1 50.35 10100000
1 2 2.86 10100000
2 1 50.35 10150000
1 2 2.85 10150000
2 1 50.18 10200000
1 2 2.86 10200000
2 1 50.35 10250000
1 2 2.85 10250000
2 1 50.18 10300000
1 2 2.86 10300000
2 1 50.35 10350000
1 2 2.86 10350000
2 1 50.35 10400000
1 2 2.85 10400000
2 1 50.18 10450000
1 2 2.86 10450000
2 1 50.35 10500000
1 2 2.86 10500000
2 1 50.35 10550000
1 2 2.85 10550000
2 1 50.18 10600000
1 2 2.86 10600000
2 1 50.35 10650000
1 2 2.85 10650000
2 1 50.18 10700000
1 2 2.86 10700000
2 1 50.35 10750000
1 2 2.86 10750000
2 1 50.35 10800000
1 2 2.85 10800000
2 1 50.18 10850000
1 2 2.86 10850000
2 1 50.35 10900000
1 2 2.86 10900000
2 1 50.18 10950000
1 2 2.85 10950000
2 1 50.35 11000000
1 2 2.86 11000000
2 1 50.35 11050000
1 2 2.85 11050000
2 1 50.18 11100000
1 2 2.86 11100000
2 1 50.35 11150000
1 2 2.86 11150000
2 1 50.35 11200000
1 2 2.85 11200000
2 1 50.18 11250000
1 2 2.86 11250000
2 1 50.35 11300000
1 2 2.85 11300000
2 1 50.18 11350000
1 2 2.86 11350000
2 1 50.35 11400000
1 2 2.86 11400000
2 1 50.35 11450000
1 2 2.85 11450000
2 1 50.18 11500000
1 2 2.86 11500000
2 1 50.35 11550000
1 2 2.86 11550000
2 1 50.35 11600000
1 2 2.85 11600000
2 1 50.18 11650000
1 2 2.86 11650000
2 1 50.35 11700000
1 2 2.85 11700000
2 1 50.18 11750000
1 2 2.86 11750000
2 1 50.35 11800000
1 2 2.86 11800000
2 1 50.35 11850000
1 2 2.85 11850000
2 1 50.18 11900000
1 2 2.86 11900000
2 1 50.35 11950000
1 2 2.86 11950000
2 1 50.18 12000000
1 2 2.85 12000000
2 1 50.35 12050000
1 2 2.86 12050000
2 1 50.35 12100000
1 2 2.85 12100000
2 1 50.18 12150000
1 2 2.86 12150000
2 1 50.35 12200000
1 2 2.86 12200000
2 1 50.35 12250000
1 2 2.85 12250000
2 1 50.18 12300000
1 2 2.86 12300000
2 1 50.35 12350000
1 2 2.85 12350000
2 1 50.18 12400000
1 2 2.86 12400000
2 1 50.35 12450000
1 2 2.86 12450000
2 1 50.35 12500000
1 2 2.85 12500000
2 1 50.18 12550000
1 2 2.86 12550000
2 1 50.35 12600000
1 2 2.86 12600000
2 1 50.35 12650000
1 2 2.85 12650000
2 1 50.18 12700000
1 2 2.86 12700000
2 1 50.35 12750000
1 2 2.85 12750000
2 1 50.18 12800000
1 2 2.86 12800000
2 1 50.35 12850000
1 2 2.86 12850000
2 1 50.35 12900000
1 2 2.85 12900000
2 1 50.18 12950000
1 2 2.86 12950000
2 1 50.35 13000000
1 2 2.86 13000000
2 1 50.18 13050000
1 2 2.85 13050000
2 1 50.35 13100000
1 2 2.86 13100000
2 1 50.35 13150000
1 2 2.85 13150000
2 1 50.18 13200000
1 2 2.86 13200000
2 1 50.35 13250000
1 2 2.86 13250000
2 1 50.35 13300000
1 2 2.85 13300000
2 1 50.18 13350000
1 2 2.86 13350000
2 1 50.35 13400000
1 2 2.85 13400000
2 1 50.18 13450000
1 2 2.86 13450000
2 1 50.35 13500000
1 2 2.86 13500000
2 1 50.35 13550000
1 2 2.85 13550000
2 1 50.18 13600000
1 2 2.86 13600000
2 1 50.35 13650000
1 2 2.86 13650000
2 1 50.35 13700000
1 2 2.85 13700000
2 1 50.18 13750000
1 2 2.86 13750000
2 1 50.35 13800000
1 2 2.85 13800000
2 1 50.18 13850000
1 2 2.86 13850000
2 1 50.35 13900000
1 2 2.86 13900000
2 1 50.35 13950000
1 2 2.85 13950000
2 1 50.18 14000000
1 2 2.86 14000000
2 1 50.35 14050000
1 2 2.86 14050000
2 1 50.18 14100000
1 2 2.85 14100000
2 1 50.35 14150000
1 2 2.86 14150000
2 1 50.35 14200000
1 2 2.85 14200000
2 1 50.18 14250000
1 2 2.86 14250000
2 1 50.35 14300000
1 2 2.86 14300000
2 1 50.35 14350000
1 2 2.85 14350000
2 1 50.18 14400000
1 2 2.86 14400000
2 1 50.35 14450000
1 2 2.85 14450000
2 1 50.18 14500000
1 2 2.86 14500000
2 1 50.35 14550000
1 2 2.86 14550000
2 1 50.35 14600000
1 2 2.85 14600000
2 1 50.18 14650000
1 2 2.86 14650000
2 1 50.35 14700000
1 2 2.86 14700000
2 1 50.35 14750000
1 2 2.85 14750000
2 1 50.18 14800000
1 2 2.86 14800000
2 1 50.35 14850000
1 2 2.85 14850000
2 1 50.18 14900000
1 2 2.86 14900000
2 1 50.35 14950000
1 2 2.86 14950000
2 1 50.35 15000000
1 2 2.85 15000000
2 1 50.18 15050000
1 2 2.86 15050000
2 1 50.35 15100000
1 2 2.86 15100000
2 1 50.18 15150000
1 2 2.85 15150000
2 1 50.35 15200000
1 2 2.86 15200000
2 1 50.35 15250000
1 2 2.85 15250000
2 1 50.18 15300000
1 2 2.86 15300000
2 1 50.35 15350000
1 2 2.86 15350000
2 1 50.35 15400000
1 2 2.85 15400000
2 1 50.18 15450000
1 2 2.86 15450000
2 1 50.35 15500000
1 2 2.85 15500000
2 1 50.18 15550000
1 2 2.86 15550000
2 1 50.35 15600000
1 2 2.86 15600000
2 1 50.35 15650000
1 2 2.85 15650000
2 1 50.18 15700000
1 2 2.86 15700000
2 1 50.35 15750000
1 2 2.86 15750000
2 1 50.35 15800000
1 2 2.85 15800000
2 1 50.18 15850000
1 2 2.86 15850000
2 1 50.35 15900000
1 2 2.85 15900000
2 1 50.18 15950000
1 2 2.86 15950000
2 1 50.35 16000000
1 2 2.86 16000000
2 1 50.35 16050000
1 2 2.85 16050000
2 1 50.18 16100000
1 2 2.86 16100000
2 1 50.35 16150000
1 2 2.86 16150000
2 1 50.18 16200000
1 2 2.85 16200000
2 1 50.35 16250000
1 2 2.86 16250000
2 1 50.35 16300000
1 2 2.85 16300000
2 1 50.18 16350000
1 2 2.86 16350000
2 1 50.35 16400000
1 2 2.86 16400000
2 1 50.35 16450000
1 2 2.85 16450000
2 1 50.18 16500000
1 2 2.86 16500000
2 1 50.35 16550000
1 2 2.85 16550000
2 1 50.18 16600000
1 2 2.86 16600000
2 1 50.35 16650000
1 2 2.86 16650000
2 1 50.35 16700000
1 2 2.85 16700000
2 1 50.18 16750000
1 2 2.86 16750000
2 1 50.35 16800000
1 2 2.86 16800000
2 1 50.35 16850000
1 2 2.85 16850000
2 1 50.18 16900000
1 2 2.86 16900000
2 1 50.35 16950000
1 2 2.85 16950000
2 1 50.18 17000000
1 2 2.86 17000000
2 1 50.35 17050000
1 2 2.86 17050000
2 1 50.35 17100000
1 2 2.85 17100000
2 1 50.18 17150000
1 2 2.86 17150000
2 1 50.35 17200000
1 2 2.86 17200000
2 1 50.18 17250000
1 2 2.85 17250000
2 1 50.35 17300000
1 2 2.86 17300000
2 1 50.35 17350000
1 2 2.85 17350000
2 1 50.18 17400000
1 2 2.86 17400000
2 1 50.35 17450000
1 2 2.86 17450000
2 1 50.35 17500000
1 2 2.85 17500000
2 1 50.18 17550000
1 2 2.86 17550000
2 1 50.35 17600000
1 2 2.85 17600000
2 1 50.18 17650000
1 2 2.86 17650000
2 1 50.35 17700000
1 2 2.86 17700000
2 1 50.35 17750000
1 2 2.85 17750000
2 1 50.18 17800000
1 2 2.86 17800000
2 1 50.35 17850000
1 2 2.86 17850000
2 1 50.35 17900000
1 2 2.85 17900000
2 1 50.18 17950000
1 2 2.86 17950000
2 1 50.35 18000000
1 2 2.85 18000000
2 1 50.18 18050000
1 2 2.86 18050000
2 1 50.35 18100000
1 2 2.86 18100000
2 1 50.35 18150000
1 2 2.85 18150000
2 1 50.18 18200000
1 2 2.86 18200000
2 1 50.35 18250000
1 2 2.86 18250000
2 1 50.18 18300000
1 2 2.85 18300000
2 1 50.35 18350000
1 2 2.86 18350000
2 1 50.35 18400000
1 2 2.85 18400000
2 1 50.18 18450000
1 2 2.86 18450000
2 1 50.35 18500000
1 2 2.86 18500000
2 1 50.35 18550000
1 2 2.85 18550000
2 1 50.18 18600000
1 2 2.86 18600000
2 1 50.35 18650000
1 2 2.85 18650000
2 1 50.18 18700000
1 2 2.86 18700000
2 1 50.35 18750000
1 2 2.86 18750000
2 1 50.35 18800000
1 2 2.85 18800000
2 1 50.18 18850000
1 2 2.86 18850000
2 1 50.35 18900000
1 2 2.86 18900000
2 1 50.35 18950000
1 2 2.85 18950000
2 1 50.18 19000000
1 2 2.86 19000000
2 1 50.35 19050000
1 2 2.85 19050000
2 1 50.18 19100000
1 2 2.86 19100000
2 1 50.35 19150000
1 2 2.86 19150000
2 1 50.35 19200000
1 2 2.85 19200000
2 1 50.18 19250000
1 2 2.86 19250000
2 1 50.35 19300000
1 2 2.86 19300000
2 1 50.18 19350000
1 2 2.85 19350000
2 1 50.35 19400000
1 2 2.86 19400000
2 1 50.35 19450000
1 2 2.85 19450000
2 1 50.18 19500000
1 2 2.86 19500000
2 1 50.35 19550000
1 2 2.86 19550000
2 1 50.35 19600000
1 2 2.85 19600000
2 1 50.18 19650000
1 2 2.86 19650000
2 1 50.35 19700000
1 2 2.85 19700000
2 1 50.18 19750000
1 2 2.86 19750000
2 1 50.35 19800000
1 2 2.86 19800000
2 1 50.35 19850000
1 2 2.85 19850000
2 1 50.18 19900000
1 2 2.86 19900000
2 1 50.35 19950000
1 2 2.86 19950000
2 1 50.35 20000000
1 2 2.85 20000000
2 1 50.18 20050000
1 2 2.86 20050000
2 1 50.35 20100000
1 2 2.85 20100000
2 1 50.18 20150000
1 2 2.86 20150000
2 1 36.33 20200000
1 2 2.86 20200000
2 1 0.00 20250000
1 2 0.08 20250000
2 1 0.34 20300000
1 2 0.02 20300000
2 1 0.17 20350000
1 2 0.00 20350000
2 1 0.17 20400000
1 2 0.02 20400000
2 1 0.68 20450000
1 2 0.02 20450000
2 1 0.34 20500000
1 2 0.04 20500000
2 1 0.68 20550000
1 2 0.02 20550000
2 1 0.68 20600000
1 2 0.05 20600000
2 1 1.01 20650000
1 2 0.05 20650000
2 1 1.35 20700000
1 2 0.08 20700000
2 1 1.69 20750000
1 2 0.08 20750000
2 1 1.69 20800000
1 2 0.11 20800000
2 1 2.20 20850000
1 2 0.12 20850000
2 1 2.53 20900000
1 2 0.13 20900000
2 1 2.70 20950000
1 2 0.15 20950000
2 1 3.04 21000000
1 2 0.16 21000000
2 1 3.21 21050000
1 2 0.18 21050000
2 1 3.72 21100000
1 2 0.20 21100000
2 1 4.06 21150000
1 2 0.22 21150000
2 1 4.06 21200000
1 2 0.23 21200000
2 1 4.73 21250000
1 2 0.26 21250000
2 1 4.73 21300000
1 2 0.28 21300000
2 1 5.07 21350000
1 2 0.29 21350000
2 1 5.74 21400000
1 2 0.31 21400000
2 1 5.74 21450000
1 2 0.32 21450000
2 1 6.08 21500000
1 2 0.34 21500000
2 1 6.42 21550000
1 2 0.36 21550000
2 1 6.76 21600000
1 2 0.38 21600000
2 1 7.10 21650000
1 2 0.38 21650000
2 1 7.27 21700000
1 2 0.42 21700000
2 1 7.77 21750000
1 2 0.42 21750000
2 1 7.94 21800000
1 2 0.45 21800000
2 1 8.28 21850000
1 2 0.47 21850000
2 1 8.62 21900000
1 2 0.49 21900000
2 1 8.95 21950000
1 2 0.50 21950000
2 1 9.29 22000000
1 2 0.52 22000000
2 1 9.63 22050000
1 2 0.54 22050000
2 1 9.80 22100000
1 2 0.56 22100000
2 1 10.14 22150000
1 2 0.58 22150000
2 1 10.81 22200000
1 2 0.60 22200000
2 1 10.81 22250000
1 2 0.61 22250000
2 1 11.15 22300000
1 2 0.62 22300000
2 1 11.49 22350000
1 2 0.64 22350000
2 1 11.83 22400000
1 2 0.67 22400000
2 1 12.17 22450000
1 2 0.69 22450000
2 1 12.33 22500000
1 2 0.69 22500000
2 1 12.84 22550000
1 2 0.73 22550000
2 1 13.01 22600000
1 2 0.73 22600000
2 1 13.52 22650000
1 2 0.77 22650000
2 1 13.69 22700000
1 2 0.77 22700000
2 1 14.02 22750000
1 2 0.79 22750000
2 1 14.53 22800000
1 2 0.82 22800000
2 1 14.53 22850000
1 2 0.84 22850000
2 1 15.21 22900000
1 2 0.84 22900000
2 1 15.21 22950000
1 2 0.86 22950000
2 1 15.71 23000000
1 2 0.88 23000000
2 1 16.05 23050000
1 2 0.91 23050000
2 1 16.22 23100000
1 2 0.91 23100000
2 1 16.73 23150000
1 2 0.94 23150000
2 1 16.90 23200000
1 2 0.96 23200000
2 1 17.23 23250000
1 2 0.98 23250000
2 1 17.74 23300000
1 2 0.99 23300000
2 1 17.91 23350000
1 2 1.02 23350000
2 1 18.25 23400000
1 2 1.04 23400000
2 1 18.42 23450000
1 2 1.05 23450000
2 1 18.92 23500000
1 2 1.07 23500000
2 1 19.26 23550000
1 2 1.08 23550000
2 1 19.60 23600000
1 2 1.10 23600000
2 1 19.94 23650000
1 2 1.13 23650000
2 1 20.11 23700000
1 2 1.13 23700000
2 1 20.44 23750000
1 2 1.16 23750000
2 1 20.95 23800000
1 2 1.18 23800000
2 1 20.95 23850000
1 2 1.19 23850000
2 1 21.63 23900000
1 2 1.21 23900000
2 1 21.80 23950000
1 2 1.24 23950000
2 1 22.13 24000000
1 2 1.26 24000000
2 1 22.47 24050000
1 2 1.27 24050000
2 1 22.81 24100000
1 2 1.29 24100000
2 1 22.98 24150000
1 2 1.31 24150000
2 1 23.49 24200000
1 2 1.32 24200000
2 1 23.82 24250000
1 2 1.34 24250000
2 1 23.99 24300000
1 2 1.36 24300000
2 1 24.33 24350000
1 2 1.38 24350000
2 1 24.67 24400000
1 2 1.40 24400000
2 1 25.18 24450000
1 2 1.42 24450000
2 1 25.34 24500000
1 2 1.43 24500000
2 1 25.68 24550000
1 2 1.45 24550000
2 1 26.02 24600000
1 2 1.48 24600000
2 1 26.36 24650000
1 2 1.49 24650000
2 1 26.70 24700000
1 2 1.51 24700000
2 1 26.86 24750000
1 2 1.53 24750000
2 1 27.37 24800000
1 2 1.55 24800000
2 1 27.71 24850000
1 2 1.56 24850000
2 1 27.88 24900000
1 2 1.58 24900000
2 1 28.39 24950000
1 2 1.60 24950000
2 1 28.55 25000000
1 2 1.61 25000000
2 1 28.89 25050000
1 2 1.64 25050000
2 1 29.23 25100000
1 2 1.66 25100000
2 1 29.57 25150000
1 2 1.67 25150000
2 1 29.91 25200000
1 2 1.70 25200000
2 1 30.24 25250000
1 2 1.71 25250000
2 1 30.58 25300000
1 2 1.73 25300000
2 1 30.92 25350000
1 2 1.76 25350000
2 1 31.09 25400000
1 2 1.77 25400000
2 1 31.60 25450000
1 2 1.79 25450000
2 1 31.93 25500000
1 2 1.80 25500000
2 1 32.10 25550000
1 2 1.82 25550000
2 1 32.44 25600000
1 2 1.84 25600000
2 1 32.95 25650000
1 2 1.85 25650000
2 1 33.29 25700000
1 2 1.88 25700000
2 1 33.45 25750000
1 2 1.89 25750000
2 1 33.79 25800000
1 2 1.92 25800000
2 1 34.13 25850000
1 2 1.93 25850000
2 1 34.47 25900000
1 2 1.96 25900000
2 1 34.81 25950000
1 2 1.97 25950000
2 1 34.97 26000000
1 2 1.99 26000000
2 1 35.48 26050000
1 2 2.02 26050000
2 1 35.82 26100000
1 2 2.02 26100000
2 1 35.99 26150000
1 2 2.05 26150000
2 1 36.50 26200000
1 2 2.05 26200000
2 1 36.66 26250000
1 2 2.08 26250000
2 1 37.17 26300000
1 2 2.10 26300000
2 1 37.34 26350000
1 2 2.12 26350000
2 1 37.68 26400000
1 2 2.13 26400000
2 1 38.02 26450000
1 2 2.16 26450000
2 1 38.35 26500000
1 2 2.17 26500000
2 1 38.69 26550000
1 2 2.20 26550000
2 1 39.03 26600000
1 2 2.21 26600000
2 1 39.37 26650000
1 2 2.23 26650000
2 1 39.71 26700000
1 2 2.26 26700000
2 1 39.87 26750000
1 2 2.27 26750000
2 1 40.38 26800000
1 2 2.28 26800000
2 1 40.55 26850000
1 2 2.29 26850000
2 1 41.06 26900000
1 2 2.32 26900000
2 1 41.23 26950000
1 2 2.33 26950000
2 1 41.56 27000000
1 2 2.36 27000000
2 1 41.90 27050000
1 2 2.38 27050000
2 1 42.24 27100000
1 2 2.39 27100000
2 1 42.58 27150000
1 2 2.42 27150000
2 1 42.92 27200000
1 2 2.43 27200000
2 1 43.25 27250000
1 2 2.46 27250000
2 1 43.59 27300000
1 2 2.47 27300000
2 1 43.93 27350000
1 2 2.49 27350000
2 1 44.27 27400000
1 2 2.51 27400000
2 1 44.61 27450000
1 2 2.52 27450000
2 1 44.77 27500000
1 2 2.55 27500000
2 1 45.28 27550000
1 2 2.56 27550000
2 1 45.45 27600000
1 2 2.58 27600000
2 1 45.96 27650000
1 2 2.59 27650000
2 1 46.13 27700000
1 2 2.62 27700000
2 1 46.46 27750000
1 2 2.64 27750000
2 1 46.97 27800000
1 2 2.65 27800000
2 1 47.14 27850000
1 2 2.68 27850000
2 1 47.48 27900000
1 2 2.69 27900000
2 1 47.82 27950000
1 2 2.71 27950000
2 1 47.98 28000000
1 2 2.74 28000000
2 1 48.49 28050000
1 2 2.75 28050000
2 1 48.83 28100000
1 2 2.77 28100000
2 1 49.17 28150000
1 2 2.78 28150000
2 1 49.51 28200000
1 2 2.80 28200000
2 1 49.67 28250000
1 2 2.82 28250000
2 1 50.18 28300000
1 2 2.84 28300000
2 1 50.18 28350000
1 2 2.85 28350000
2 1 50.35 28400000
1 2 2.86 28400000
2 1 50.35 28450000
1 2 2.85 28450000
2 1 50.18 28500000
1 2 2.86 28500000
2 1 50.35 28550000
1 2 2.86 28550000
2 1 50.18 28600000
1 2 2.85 28600000
2 1 50.35 28650000
1 2 2.86 28650000
2 1 50.35 28700000
1 2 2.85 28700000
2 1 50.18 28750000
1 2 2.86 28750000
2 1 50.35 28800000
1 2 2.86 28800000
2 1 50.35 28850000
1 2 2.85 28850000
2 1 50.18 28900000
1 2 2.86 28900000
2 1 50.35 28950000
1 2 2.85 28950000
2 1 50.18 29000000
1 2 2.86 29000000
2 1 50.35 29050000
1 2 2.86 29050000
2 1 50.01 29100000
1 2 2.85 29100000
2 1 41.56 29150000
1 2 2.51 29150000
2 1 41.73 29200000
1 2 2.36 29200000
2 1 41.90 29250000
1 2 2.38 29250000
2 1 42.41 29300000
1 2 2.40 29300000
2 1 42.75 29350000
1 2 2.42 29350000
2 1 42.92 29400000
1 2 2.44 29400000
2 1 43.25 29450000
1 2 2.45 29450000
2 1 43.76 29500000
1 2 2.48 29500000
2 1 43.76 29550000
1 2 2.50 29550000
2 1 44.44 29600000
1 2 2.51 29600000
2 1 44.61 29650000
1 2 2.52 29650000
2 1 44.77 29700000
1 2 2.55 29700000
2 1 45.45 29750000
1 2 2.56 29750000
2 1 45.45 29800000
1 2 2.58 29800000
2 1 45.96 29850000
1 2 2.60 29850000
2 1 46.30 29900000
1 2 2.62 29900000
2 1 46.46 29950000
1 2 2.65 29950000
2 1 46.97 30000000
1 2 2.65 30000000
2 1 49.84 30050000
1 2 2.78 30050000
2 1 50.35 30100000
1 2 2.86 30100000
2 1 50.35 30150000
1 2 2.85 30150000
2 1 32.27 30200000
1 2 2.69 30200000
2 1 0.17 30250000
1 2 0.04 30250000
2 1 0.51 30300000
1 2 0.02 30300000
2 1 0.51 30350000
1 2 0.01 30350000
2 1 0.17 30400000
1 2 0.03 30400000
2 1 1.01 30450000
1 2 0.04 30450000
2 1 0.51 30500000
1 2 0.06 30500000
2 1 1.18 30550000
1 2 0.04 30550000
2 1 1.18 30600000
1 2 0.07 30600000
2 1 1.69 30650000
1 2 0.10 30650000
2 1 2.20 30700000
1 2 0.12 30700000
2 1 2.70 30750000
1 2 0.13 30750000
2 1 2.70 30800000
1 2 0.16 30800000
2 1 3.55 30850000
1 2 0.18 30850000
2 1 3.89 30900000
1 2 0.21 30900000
2 1 4.22 30950000
1 2 0.23 30950000
2 1 4.73 31000000
1 2 0.27 31000000
2 1 5.24 31050000
1 2 0.29 31050000
2 1 5.58 31100000
1 2 0.31 31100000
2 1 6.08 31150000
1 2 0.35 31150000
2 1 6.42 31200000
1 2 0.36 31200000
2 1 7.10 31250000
1 2 0.38 31250000
2 1 7.43 31300000
1 2 0.42 31300000
2 1 8.11 31350000
1 2 0.44 31350000
2 1 8.28 31400000
1 2 0.47 31400000
2 1 8.95 31450000
1 2 0.50 31450000
2 1 9.46 31500000
1 2 0.52 31500000
2 1 9.80 31550000
1 2 0.56 31550000
2 1 10.31 31600000
1 2 0.57 31600000
2 1 10.64 31650000
1 2 0.60 31650000
2 1 11.32 31700000
1 2 0.63 31700000
2 1 11.66 31750000
1 2 0.65 31750000
2 1 12.33 31800000
1 2 0.69 31800000
2 1 12.50 31850000
1 2 0.71 31850000
2 1 13.18 31900000
1 2 0.74 31900000
2 1 13.69 31950000
1 2 0.76 31950000
2 1 14.02 32000000
1 2 0.79 32000000
2 1 14.53 32050000
1 2 0.84 32050000
2 1 15.04 32100000
1 2 0.84 32100000
2 1 15.71 32150000
1 2 0.86 32150000
2 1 15.88 32200000
1 2 0.90 32200000
2 1 16.39 32250000
1 2 0.93 32250000
2 1 17.06 32300000
1 2 0.96 32300000
2 1 17.40 32350000
1 2 0.99 32350000
2 1 17.91 32400000
1 2 1.00 32400000
2 1 18.42 32450000
1 2 1.05 32450000
2 1 18.92 32500000
1 2 1.06 32500000
2 1 19.43 32550000
1 2 1.09 32550000
2 1 19.77 32600000
1 2 1.12 32600000
2 1 20.28 32650000
1 2 1.14 32650000
2 1 20.95 32700000
1 2 1.17 32700000
2 1 21.12 32750000
1 2 1.20 32750000
2 1 21.80 32800000
1 2 1.24 32800000
2 1 22.30 32850000
1 2 1.25 32850000
2 1 22.81 32900000
1 2 1.29 32900000
2 1 22.98 32950000
1 2 1.31 32950000
2 1 23.82 33000000
1 2 1.33 33000000
2 1 24.16 33050000
1 2 1.37 33050000
2 1 24.67 33100000
1 2 1.39 33100000
2 1 25.18 33150000
1 2 1.42 33150000
2 1 25.68 33200000
1 2 1.45 33200000
2 1 26.02 33250000
1 2 1.48 33250000
2 1 26.70 33300000
1 2 1.50 33300000
2 1 27.03 33350000
1 2 1.54 33350000
2 1 27.54 33400000
1 2 1.56 33400000
2 1 28.05 33450000
1 2 1.57 33450000
2 1 28.55 33500000
1 2 1.62 33500000
2 1 29.06 33550000
1 2 1.64 33550000
2 1 29.57 33600000
1 2 1.67 33600000
2 1 29.91 33650000
1 2 1.68 33650000
2 1 30.41 33700000
1 2 1.74 33700000
2 1 31.09 33750000
1 2 1.75 33750000
2 1 31.26 33800000
1 2 1.78 33800000
2 1 31.93 33850000
1 2 1.80 33850000
2 1 32.44 33900000
1 2 1.83 33900000
2 1 32.95 33950000
1 2 1.85 33950000
2 1 33.45 34000000
1 2 1.90 34000000
2 1 33.79 34050000
1 2 1.91 34050000
2 1 34.30 34100000
1 2 1.95 34100000
2 1 34.97 34150000
1 2 1.97 34150000
2 1 35.31 34200000
1 2 2.00 34200000
2 1 35.82 34250000
1 2 2.03 34250000
2 1 36.33 34300000
1 2 2.05 34300000
2 1 36.66 34350000
1 2 2.08 34350000
2 1 37.17 34400000
1 2 2.11 34400000
2 1 37.85 34450000
1 2 2.13 34450000
2 1 38.18 34500000
1 2 2.16 34500000
2 1 38.69 34550000
1 2 2.20 34550000
2 1 39.20 34600000
1 2 2.22 34600000
2 1 39.71 34650000
1 2 2.25 34650000
2 1 40.21 34700000
1 2 2.28 34700000
2 1 40.89 34750000
1 2 2.29 34750000
2 1 41.06 34800000
1 2 2.33 34800000
2 1 41.73 34850000
1 2 2.36 34850000
2 1 42.07 34900000
1 2 2.38 34900000
2 1 42.58 34950000
1 2 2.42 34950000
2 1 43.08 35000000
1 2 2.44 35000000
2 1 43.76 35050000
1 2 2.46 35050000
2 1 43.93 35100000
1 2 2.51 35100000
2 1 44.61 35150000
1 2 2.52 35150000
2 1 45.11 35200000
1 2 2.55 35200000
2 1 45.45 35250000
1 2 2.57 35250000
2 1 46.13 35300000
1 2 2.61 35300000
2 1 46.46 35350000
1 2 2.63 35350000
2 1 46.97 35400000
1 2 2.67 35400000
2 1 47.65 35450000
1 2 2.69 35450000
2 1 47.98 35500000
1 2 2.72 35500000
2 1 48.32 35550000
1 2 2.75 35550000
2 1 48.83 35600000
1 2 2.77 35600000
2 1 49.51 35650000
1 2 2.79 35650000
2 1 50.01 35700000
1 2 2.82 35700000
2 1 50.18 35750000
1 2 2.86 35750000
2 1 50.35 35800000
1 2 2.85 35800000
2 1 50.18 35850000
1 2 2.86 35850000
2 1 50.35 35900000
1 2 2.86 35900000
2 1 50.35 35950000
1 2 2.85 35950000
2 1 50.18 36000000
1 2 2.86 36000000
2 1 50.35 36050000
1 2 2.86 36050000
2 1 50.18 36100000
1 2 2.85 36100000
2 1 50.35 36150000
1 2 2.86 36150000
2 1 50.35 36200000
1 2 2.85 36200000
2 1 50.18 36250000
1 2 2.86 36250000
2 1 50.35 36300000
1 2 2.86 36300000
2 1 50.35 36350000
1 2 2.85 36350000
2 1 49.17 36400000
1 2 2.86 36400000
2 1 39.71 36450000
1 2 2.38 36450000
2 1 40.04 36500000
1 2 2.27 36500000
2 1 40.21 36550000
1 2 2.28 36550000
2 1 40.89 36600000
1 2 2.31 36600000
2 1 41.40 36650000
1 2 2.33 36650000
2 1 41.73 36700000
1 2 2.37 36700000
2 1 42.24 36750000
1 2 2.39 36750000
2 1 42.75 36800000
1 2 2.43 36800000
2 1 43.25 36850000
1 2 2.45 36850000
2 1 43.76 36900000
1 2 2.47 36900000
2 1 44.27 36950000
1 2 2.51 36950000
2 1 44.61 37000000
1 2 2.53 37000000
2 1 45.28 37050000
1 2 2.56 37050000
2 1 45.62 37100000
1 2 2.58 37100000
2 1 46.30 37150000
1 2 2.61 37150000
2 1 46.63 37200000
1 2 2.65 37200000
2 1 47.14 37250000
1 2 2.67 37250000
2 1 47.65 37300000
1 2 2.70 37300000
2 1 48.15 37350000
1 2 2.73 37350000
2 1 48.49 37400000
1 2 2.76 37400000
2 1 49.17 37450000
1 2 2.78 37450000
2 1 49.51 37500000
1 2 2.80 37500000
2 1 50.18 37550000
1 2 2.83 37550000
2 1 50.18 37600000
1 2 2.86 37600000
2 1 50.35 37650000
1 2 2.85 37650000
2 1 50.18 37700000
1 2 2.86 37700000
2 1 50.35 37750000
1 2 2.86 37750000
2 1 50.35 37800000
1 2 2.85 37800000
2 1 50.18 37850000
1 2 2.86 37850000
2 1 50.35 37900000
1 2 2.86 37900000
2 1 50.35 37950000
1 2 2.85 37950000
2 1 50.18 38000000
1 2 2.86 38000000
2 1 50.35 38050000
1 2 2.85 38050000
2 1 50.18 38100000
1 2 2.86 38100000
2 1 50.35 38150000
1 2 2.86 38150000
2 1 50.35 38200000
1 2 2.85 38200000
2 1 50.18 38250000
1 2 2.86 38250000
2 1 38.86 38300000
1 2 2.41 38300000
2 1 39.20 38350000
1 2 2.22 38350000
2 1 39.54 38400000
1 2 2.24 38400000
2 1 39.71 38450000
1 2 2.26 38450000
2 1 40.55 38500000
1 2 2.28 38500000
2 1 40.89 38550000
1 2 2.31 38550000
2 1 41.40 38600000
1 2 2.35 38600000
2 1 41.90 38650000
1 2 2.36 38650000
2 1 42.41 38700000
1 2 2.40 38700000
2 1 42.75 38750000
1 2 2.43 38750000
2 1 43.25 38800000
1 2 2.46 38800000
2 1 43.93 38850000
1 2 2.48 38850000
2 1 44.27 38900000
1 2 2.51 38900000
2 1 44.77 38950000
1 2 2.54 38950000
2 1 45.28 39000000
1 2 2.56 39000000
2 1 45.79 39050000
1 2 2.58 39050000
2 1 46.30 39100000
1 2 2.63 39100000
2 1 46.63 39150000
1 2 2.64 39150000
2 1 47.31 39200000
1 2 2.68 39200000
2 1 47.82 39250000
1 2 2.70 39250000
2 1 47.98 39300000
1 2 2.74 39300000
2 1 48.83 39350000
1 2 2.76 39350000
2 1 49.17 39400000
1 2 2.78 39400000
2 1 49.67 39450000
1 2 2.81 39450000
2 1 50.01 39500000
1 2 2.83 39500000
2 1 50.18 39550000
1 2 2.86 39550000
2 1 50.35 39600000
1 2 2.85 39600000
2 1 50.18 39650000
1 2 2.86 39650000
2 1 50.35 39700000
1 2 2.86 39700000
2 1 50.35 39750000
1 2 2.85 39750000
2 1 50.18 39800000
1 2 2.86 39800000
2 1 50.35 39850000
1 2 2.86 39850000
2 1 50.35 39900000
1 2 2.85 39900000
2 1 50.18 39950000
1 2 2.86 39950000
2 1 50.35 40000000
1 2 2.85 40000000
2 1 50.18 40050000
1 2 2.86 40050000
2 1 50.35 40100000
1 2 2.86 40100000
2 1 50.35 40150000
1 2 2.85 40150000
2 1 50.18 40200000
1 2 2.86 40200000
2 1 50.35 40250000
1 2 2.86 40250000
2 1 50.18 40300000
1 2 2.85 40300000
2 1 5.41 40350000
1 2 1.16 40350000
2 1 0.00 40400000
1 2 0.02 40400000
2 1 0.68 40450000
1 2 0.04 40450000
2 1 0.68 40500000
1 2 0.01 40500000
2 1 0.34 40550000
1 2 0.05 40550000
2 1 1.35 40600000
1 2 0.05 40600000
2 1 1.01 40650000
1 2 0.08 40650000
2 1 1.52 40700000
1 2 0.08 40700000
2 1 1.86 40750000
1 2 0.10 40750000
2 1 2.70 40800000
1 2 0.13 40800000
2 1 2.87 40850000
1 2 0.15 40850000
2 1 3.72 40900000
1 2 0.20 40900000
2 1 4.06 40950000
1 2 0.22 40950000
2 1 4.73 41000000
1 2 0.27 41000000
2 1 5.24 41050000
1 2 0.29 41050000
2 1 6.08 41100000
1 2 0.32 41100000
2 1 6.59 41150000
1 2 0.36 41150000
2 1 7.10 41200000
1 2 0.39 41200000
2 1 7.60 41250000
1 2 0.42 41250000
2 1 8.28 41300000
1 2 0.47 41300000
2 1 9.12 41350000
1 2 0.51 41350000
2 1 9.46 41400000
1 2 0.53 41400000
2 1 10.31 41450000
1 2 0.57 41450000
2 1 10.81 41500000
1 2 0.60 41500000
2 1 11.66 41550000
1 2 0.63 41550000
2 1 12.00 41600000
1 2 0.67 41600000
2 1 12.67 41650000
1 2 0.72 41650000
2 1 13.35 41700000
1 2 0.75 41700000
2 1 14.02 41750000
1 2 0.78 41750000
2 1 14.53 41800000
1 2 0.83 41800000
2 1 15.04 41850000
1 2 0.85 41850000
2 1 15.88 41900000
1 2 0.89 41900000
2 1 16.39 41950000
1 2 0.92 41950000
2 1 17.23 42000000
1 2 0.95 42000000
2 1 17.91 42050000
1 2 1.01 42050000
2 1 18.08 42100000
1 2 1.03 42100000
2 1 19.26 42150000
1 2 1.07 42150000
2 1 19.43 42200000
1 2 1.10 42200000
2 1 20.61 42250000
1 2 1.14 42250000
2 1 20.95 42300000
1 2 1.19 42300000
2 1 21.29 42350000
1 2 1.21 42350000
2 1 22.30 42400000
1 2 1.25 42400000
2 1 22.81 42450000
1 2 1.29 42450000
2 1 23.49 42500000
1 2 1.32 42500000
2 1 24.16 42550000
1 2 1.36 42550000
2 1 24.84 42600000
1 2 1.39 42600000
2 1 25.34 42650000
1 2 1.43 42650000
2 1 26.02 42700000
1 2 1.47 42700000
2 1 26.86 42750000
1 2 1.52 42750000
2 1 27.20 42800000
1 2 1.53 42800000
2 1 27.88 42850000
1 2 1.59 42850000
2 1 28.72 42900000
1 2 1.61 42900000
2 1 29.23 42950000
1 2 1.64 42950000
2 1 29.91 43000000
1 2 1.69 43000000
2 1 30.41 43050000
1 2 1.73 43050000
2 1 31.26 43100000
1 2 1.76 43100000
2 1 31.93 43150000
1 2 1.80 43150000
2 1 32.27 43200000
1 2 1.83 43200000
2 1 33.12 43250000
1 2 1.87 43250000
2 1 33.79 43300000
1 2 1.90 43300000
2 1 34.47 43350000
1 2 1.95 43350000
2 1 34.81 43400000
1 2 1.98 43400000
2 1 35.99 43450000
1 2 2.02 43450000
2 1 36.16 43500000
1 2 2.05 43500000
2 1 37.00 43550000
1 2 2.09 43550000
2 1 37.51 43600000
1 2 2.12 43600000
2 1 38.35 43650000
1 2 2.16 43650000
2 1 38.86 43700000
1 2 2.21 43700000
2 1 39.54 43750000
1 2 2.23 43750000
2 1 40.38 43800000
1 2 2.28 43800000
2 1 40.72 43850000
1 2 2.30 43850000
2 1 41.56 43900000
1 2 2.35 43900000
2 1 42.07 43950000
1 2 2.38 43950000
2 1 42.92 44000000
1 2 2.42 44000000
2 1 43.25 44050000
1 2 2.46 44050000
2 1 44.10 44100000
1 2 2.50 44100000
2 1 44.61 44150000
1 2 2.53 44150000
2 1 45.62 44200000
1 2 2.55 44200000
2 1 45.96 44250000
1 2 2.61 44250000
2 1 46.63 44300000
1 2 2.64 44300000
2 1 47.31 44350000
1 2 2.68 44350000
2 1 47.98 44400000
1 2 2.71 44400000
2 1 48.66 44450000
1 2 2.75 44450000
2 1 49.17 44500000
1 2 2.79 44500000
2 1 49.84 44550000
1 2 2.82 44550000
2 1 50.35 44600000
1 2 2.85 44600000
2 1 50.18 44650000
1 2 2.86 44650000
2 1 50.35 44700000
1 2 2.86 44700000
2 1 50.35 44750000
1 2 2.85 44750000
2 1 50.18 44800000
1 2 2.86 44800000
2 1 50.35 44850000
1 2 2.85 44850000
2 1 50.18 44900000
1 2 2.86 44900000
2 1 50.35 44950000
1 2 2.86 44950000
2 1 50.35 45000000
1 2 2.85 45000000
2 1 50.18 45050000
1 2 2.86 45050000
2 1 50.35 45100000
1 2 2.86 45100000
2 1 50.18 45150000
1 2 2.85 45150000
2 1 46.30 45200000
1 2 2.81 45200000
2 1 39.37 45250000
1 2 2.25 45250000
2 1 39.87 45300000
1 2 2.26 45300000
2 1 40.38 45350000
1 2 2.28 45350000
2 1 40.89 45400000
1 2 2.31 45400000
2 1 41.73 45450000
1 2 2.35 45450000
2 1 42.41 45500000
1 2 2.39 45500000
2 1 42.75 45550000
1 2 2.43 45550000
2 1 43.76 45600000
1 2 2.47 45600000
2 1 44.10 45650000
1 2 2.50 45650000
2 1 44.77 45700000
1 2 2.53 45700000
2 1 45.62 45750000
1 2 2.57 45750000
2 1 45.96 45800000
1 2 2.61 45800000
2 1 46.97 45850000
1 2 2.66 45850000
2 1 47.48 45900000
1 2 2.68 45900000
2 1 47.98 45950000
1 2 2.72 45950000
2 1 48.83 46000000
1 2 2.76 46000000
2 1 49.34 46050000
1 2 2.79 46050000
2 1 50.01 46100000
1 2 2.82 46100000
2 1 50.18 46150000
1 2 2.86 46150000
2 1 50.35 46200000
1 2 2.86 46200000
2 1 50.35 46250000
1 2 2.85 46250000
2 1 50.18 46300000
1 2 2.86 46300000
2 1 50.35 46350000
1 2 2.85 46350000
2 1 50.18 46400000
1 2 2.86 46400000
2 1 50.35 46450000
1 2 2.86 46450000
2 1 50.35 46500000
1 2 2.85 46500000
2 1 50.18 46550000
1 2 2.86 46550000
2 1 50.35 46600000
1 2 2.86 46600000
2 1 50.35 46650000
1 2 2.85 46650000
2 1 50.18 46700000
1 2 2.86 46700000
2 1 44.10 46750000
1 2 2.68 46750000
2 1 40.21 46800000
1 2 2.28 46800000
2 1 40.38 46850000
1 2 2.29 46850000
2 1 41.23 46900000
1 2 2.32 46900000
2 1 41.56 46950000
1 2 2.36 46950000
2 1 42.41 47000000
1 2 2.39 47000000
2 1 43.08 47050000
1 2 2.45 47050000
2 1 43.59 47100000
1 2 2.47 47100000
2 1 44.44 47150000
1 2 2.51 47150000
2 1 44.94 47200000
1 2 2.53 47200000
2 1 45.45 47250000
1 2 2.58 47250000
2 1 46.30 47300000
1 2 2.62 47300000
2 1 46.97 47350000
1 2 2.65 47350000
2 1 47.48 47400000
1 2 2.70 47400000
2 1 48.32 47450000
1 2 2.73 47450000
2 1 48.83 47500000
1 2 2.76 47500000
2 1 49.34 47550000
1 2 2.79 47550000
2 1 50.18 47600000
1 2 2.84 47600000
2 1 50.18 47650000
1 2 2.85 47650000
2 1 50.35 47700000
1 2 2.86 47700000
2 1 50.35 47750000
1 2 2.85 47750000
2 1 50.18 47800000
1 2 2.86 47800000
2 1 50.35 47850000
1 2 2.86 47850000
2 1 50.35 47900000
1 2 2.85 47900000
2 1 50.18 47950000
1 2 2.86 47950000
2 1 50.35 48000000
1 2 2.85 48000000
2 1 50.18 48050000
1 2 2.86 48050000
2 1 50.35 48100000
1 2 2.86 48100000
2 1 50.35 48150000
1 2 2.85 48150000
2 1 50.18 48200000
1 2 2.86 48200000
2 1 43.08 48250000
1 2 2.64 48250000
2 1 39.37 48300000
1 2 2.23 48300000
2 1 39.54 48350000
1 2 2.24 48350000
2 1 40.21 48400000
1 2 2.28 48400000
2 1 40.89 48450000
1 2 2.31 48450000
2 1 41.56 48500000
1 2 2.34 48500000
2 1 42.24 48550000
1 2 2.38 48550000
2 1 38.52 48600000
1 2 2.39 48600000
2 1 31.76 48650000
1 2 1.80 48650000
2 1 32.27 48700000
1 2 1.82 48700000
2 1 32.61 48750000
1 2 1.85 48750000
2 1 33.45 48800000
1 2 1.88 48800000
2 1 33.62 48850000
1 2 1.90 48850000
2 1 34.13 48900000
1 2 1.94 48900000
2 1 34.81 48950000
1 2 1.96 48950000
2 1 35.14 49000000
1 2 1.99 49000000
2 1 35.65 49050000
1 2 2.02 49050000
2 1 35.99 49100000
1 2 2.05 49100000
2 1 36.66 49150000
1 2 2.06 49150000
2 1 37.17 49200000
1 2 2.10 49200000
2 1 37.51 49250000
1 2 2.13 49250000
2 1 38.18 49300000
1 2 2.15 49300000
2 1 38.52 49350000
1 2 2.19 49350000
2 1 39.03 49400000
1 2 2.21 49400000
2 1 39.54 49450000
1 2 2.24 49450000
2 1 40.04 49500000
1 2 2.27 49500000
2 1 40.55 49550000
1 2 2.29 49550000
2 1 41.06 49600000
1 2 2.32 49600000
2 1 41.40 49650000
1 2 2.34 49650000
2 1 41.90 49700000
1 2 2.37 49700000
2 1 42.41 49750000
1 2 2.41 49750000
2 1 42.92 49800000
1 2 2.43 49800000
2 1 43.42 49850000
1 2 2.46 49850000
2 1 43.93 49900000
1 2 2.49 49900000
2 1 44.44 49950000
1 2 2.52 49950000
2 1 44.94 50000000
1 2 2.53 50000000
2 1 45.28 50050000
1 2 2.57 50050000
2 1 45.79 50100000
1 2 2.60 50100000
2 1 46.46 50150000
1 2 2.62 50150000
2 1 46.63 50200000
1 2 2.66 50200000
2 1 47.31 50250000
1 2 2.67 50250000
2 1 47.82 50300000
1 2 2.72 50300000
2 1 48.32 50350000
1 2 2.73 50350000
2 1 48.83 50400000
1 2 2.76 50400000
2 1 49.34 50450000
1 2 2.79 50450000
2 1 49.67 50500000
1 2 2.81 50500000
2 1 50.18 50550000
1 2 2.84 50550000
2 1 50.18 50600000
1 2 2.86 50600000
2 1 50.35 50650000
1 2 2.86 50650000
2 1 50.35 50700000
1 2 2.85 50700000
2 1 50.18 50750000
1 2 2.86 50750000
2 1 50.35 50800000
1 2 2.85 50800000
2 1 50.18 50850000
1 2 2.86 50850000
2 1 50.35 50900000
1 2 2.86 50900000
2 1 50.35 50950000
1 2 2.85 50950000
2 1 50.18 51000000
1 2 2.86 51000000
2 1 50.35 51050000
1 2 2.86 51050000
2 1 50.35 51100000
1 2 2.85 51100000
2 1 50.18 51150000
1 2 2.86 51150000
2 1 50.35 51200000
1 2 2.85 51200000
2 1 44.94 51250000
1 2 2.75 51250000
2 1 39.54 51300000
1 2 2.25 51300000
2 1 39.71 51350000
1 2 2.26 51350000
2 1 40.38 51400000
1 2 2.28 51400000
2 1 40.72 51450000
1 2 2.30 51450000
2 1 41.06 51500000
1 2 2.33 51500000
2 1 41.73 51550000
1 2 2.36 51550000
2 1 42.24 51600000
1 2 2.39 51600000
2 1 42.58 51650000
1 2 2.42 51650000
2 1 43.08 51700000
1 2 2.44 51700000
2 1 43.76 51750000
1 2 2.47 51750000
2 1 44.10 51800000
1 2 2.51 51800000
2 1 44.61 51850000
1 2 2.52 51850000
2 1 45.11 51900000
1 2 2.55 51900000
2 1 45.62 51950000
1 2 2.58 51950000
2 1 45.96 52000000
1 2 2.61 52000000
2 1 46.63 52050000
1 2 2.63 52050000
2 1 47.14 52100000
1 2 2.67 52100000
2 1 47.48 52150000
1 2 2.69 52150000
2 1 47.98 52200000
1 2 2.73 52200000
2 1 48.66 52250000
1 2 2.76 52250000
2 1 48.83 52300000
1 2 2.76 52300000
2 1 49.51 52350000
1 2 2.80 52350000
2 1 50.01 52400000
1 2 2.83 52400000
2 1 50.18 52450000
1 2 2.85 52450000
2 1 50.35 52500000
1 2 2.85 52500000
2 1 50.18 52550000
1 2 2.86 52550000
2 1 50.35 52600000
1 2 2.86 52600000
2 1 50.35 52650000
1 2 2.85 52650000
2 1 50.18 52700000
1 2 2.86 52700000
2 1 50.35 52750000
1 2 2.85 52750000
2 1 50.18 52800000
1 2 2.86 52800000
2 1 50.35 52850000
1 2 2.86 52850000
2 1 50.35 52900000
1 2 2.85 52900000
2 1 50.18 52950000
1 2 2.86 52950000
2 1 50.35 53000000
1 2 2.86 53000000
2 1 50.35 53050000
1 2 2.85 53050000
2 1 50.18 53100000
1 2 2.86 53100000
2 1 42.41 53150000
1 2 2.59 53150000
2 1 39.20 53200000
1 2 2.23 53200000
2 1 39.54 53250000
1 2 2.25 53250000
2 1 39.87 53300000
1 2 2.26 53300000
2 1 40.55 53350000
1 2 2.30 53350000
2 1 41.06 53400000
1 2 2.31 53400000
2 1 41.40 53450000
1 2 2.35 53450000
2 1 42.07 53500000
1 2 2.37 53500000
2 1 42.24 53550000
1 2 2.41 53550000
2 1 43.08 53600000
1 2 2.42 53600000
2 1 43.42 53650000
1 2 2.46 53650000
2 1 43.76 53700000
1 2 2.49 53700000
2 1 44.44 53750000
1 2 2.52 53750000
2 1 44.94 53800000
1 2 2.54 53800000
2 1 45.28 53850000
1 2 2.57 53850000
2 1 45.96 53900000
1 2 2.59 53900000
2 1 46.30 53950000
1 2 2.63 53950000
2 1 46.80 54000000
1 2 2.65 54000000
2 1 47.31 54050000
1 2 2.68 54050000
2 1 47.82 54100000
1 2 2.71 54100000
2 1 48.32 54150000
1 2 2.74 54150000
2 1 48.66 54200000
1 2 2.76 54200000
2 1 49.34 54250000
1 2 2.78 54250000
2 1 49.67 54300000
1 2 2.82 54300000
2 1 50.18 54350000
1 2 2.84 54350000
2 1 50.35 54400000
1 2 2.85 54400000
2 1 50.18 54450000
1 2 2.86 54450000
2 1 50.35 54500000
1 2 2.86 54500000
2 1 50.35 54550000
1 2 2.85 54550000
2 1 50.18 54600000
1 2 2.86 54600000
2 1 50.35 54650000
1 2 2.85 54650000
2 1 50.18 54700000
1 2 2.86 54700000
2 1 50.35 54750000
1 2 2.86 54750000
2 1 50.35 54800000
1 2 2.85 54800000
2 1 50.18 54850000
1 2 2.86 54850000
2 1 50.35 54900000
1 2 2.86 54900000
2 1 50.18 54950000
1 2 2.85 54950000
2 1 50.35 55000000
1 2 2.86 55000000
2 1 47.31 55050000
1 2 2.85 55050000
2 1 39.37 55100000
1 2 2.25 55100000
2 1 39.54 55150000
1 2 2.26 55150000
2 1 40.21 55200000
1 2 2.27 55200000
2 1 40.38 55250000
1 2 2.30 55250000
2 1 41.23 55300000
1 2 2.32 55300000
2 1 41.56 55350000
1 2 2.35 55350000
2 1 41.90 55400000
1 2 2.38 55400000
2 1 42.58 55450000
1 2 2.41 55450000
2 1 43.08 55500000
1 2 2.42 55500000
2 1 43.42 55550000
1 2 2.47 55550000
2 1 43.93 55600000
1 2 2.50 55600000
2 1 44.44 55650000
1 2 2.52 55650000
2 1 44.94 55700000
1 2 2.54 55700000
2 1 45.45 55750000
1 2 2.57 55750000
2 1 45.79 55800000
1 2 2.60 55800000
2 1 46.63 55850000
1 2 2.63 55850000
2 1 46.80 55900000
1 2 2.65 55900000
2 1 47.31 55950000
1 2 2.69 55950000
2 1 47.82 56000000
1 2 2.71 56000000
2 1 48.49 56050000
1 2 2.74 56050000
2 1 48.66 56100000
1 2 2.77 56100000
2 1 49.51 56150000
1 2 2.79 56150000
2 1 49.67 56200000
1 2 2.82 56200000
2 1 50.18 56250000
1 2 2.84 56250000
2 1 50.35 56300000
1 2 2.86 56300000
2 1 50.35 56350000
1 2 2.85 56350000
2 1 50.18 56400000
1 2 2.86 56400000
2 1 50.35 56450000
1 2 2.86 56450000
2 1 50.35 56500000
1 2 2.85 56500000
2 1 50.18 56550000
1 2 2.86 56550000
2 1 50.35 56600000
1 2 2.85 56600000
2 1 50.18 56650000
1 2 2.86 56650000
2 1 50.35 56700000
1 2 2.86 56700000
2 1 50.35 56750000
1 2 2.85 56750000
2 1 50.18 56800000
1 2 2.86 56800000
2 1 50.35 56850000
1 2 2.85 56850000
2 1 50.18 56900000
1 2 2.86 56900000
2 1 43.42 56950000
1 2 2.65 56950000
2 1 39.71 57000000
1 2 2.25 57000000
2 1 39.71 57050000
1 2 2.27 57050000
2 1 40.38 57100000
1 2 2.28 57100000
2 1 40.89 57150000
1 2 2.32 57150000
2 1 41.23 57200000
1 2 2.33 57200000
2 1 41.73 57250000
1 2 2.37 57250000
2 1 42.41 57300000
1 2 2.38 57300000
2 1 42.75 57350000
1 2 2.43 57350000
2 1 43.25 57400000
1 2 2.45 57400000
2 1 43.76 57450000
1 2 2.48 57450000
2 1 44.27 57500000
1 2 2.51 57500000
2 1 44.61 57550000
1 2 2.53 57550000
2 1 45.28 57600000
1 2 2.56 57600000
2 1 45.62 57650000
1 2 2.58 57650000
2 1 46.30 57700000
1 2 2.61 57700000
2 1 46.63 57750000
1 2 2.65 57750000
2 1 47.14 57800000
1 2 2.67 57800000
2 1 47.65 57850000
1 2 2.70 57850000
2 1 48.15 57900000
1 2 2.73 57900000
2 1 48.66 57950000
1 2 2.76 57950000
2 1 49.00 58000000
1 2 2.78 58000000
2 1 49.51 58050000
1 2 2.80 58050000
2 1 50.01 58100000
1 2 2.83 58100000
2 1 50.35 58150000
1 2 2.86 58150000
2 1 50.35 58200000
1 2 2.85 58200000
2 1 50.18 58250000
1 2 2.86 58250000
2 1 50.35 58300000
1 2 2.86 58300000
2 1 50.18 58350000
1 2 2.85 58350000
2 1 50.35 58400000
1 2 2.86 58400000
2 1 50.35 58450000
1 2 2.85 58450000
2 1 50.18 58500000
1 2 2.86 58500000
2 1 50.35 58550000
1 2 2.86 58550000
2 1 50.35 58600000
1 2 2.85 58600000
2 1 50.18 58650000
1 2 2.86 58650000
2 1 50.35 58700000
1 2 2.85 58700000
2 1 50.18 58750000
1 2 2.86 58750000
2 1 50.35 58800000
1 2 2.86 58800000
2 1 41.23 58850000
1 2 2.54 58850000
2 1 39.03 58900000
1 2 2.21 58900000
2 1 39.37 58950000
1 2 2.23 58950000
2 1 39.71 59000000
1 2 2.25 59000000
2 1 40.21 59050000
1 2 2.28 59050000
2 1 40.72 59100000
1 2 2.30 59100000
2 1 41.40 59150000
1 2 2.33 59150000
2 1 41.56 59200000
1 2 2.36 59200000
2 1 42.24 59250000
1 2 2.40 59250000
2 1 42.75 59300000
1 2 2.41 59300000
2 1 43.08 59350000
1 2 2.45 59350000
2 1 43.76 59400000
1 2 2.47 59400000
2 1 44.10 59450000
1 2 2.51 59450000
2 1 44.61 59500000
1 2 2.52 59500000
2 1 45.11 59550000
1 2 2.55 59550000
2 1 45.79 59600000
1 2 2.58 59600000
2 1 45.96 59650000
1 2 2.62 59650000
2 1 46.63 59700000
1 2 2.63 59700000
2 1 47.14 59750000
1 2 2.67 59750000
2 1 47.48 59800000
1 2 2.70 59800000
2 1 48.15 59850000
1 2 2.72 59850000
2 1 48.32 59900000
1 2 2.75 59900000
2 1 49.00 59950000
1 2 2.77 59950000
2 1 49.67 60000000
1 2 2.80 60000000
2 1 49.84 60050000
1 2 2.83 60050000
2 1 50.35 60100000
1 2 2.85 60100000
2 1 50.18 60150000
1 2 2.86 60150000
2 1 50.35 60200000
1 2 2.86 60200000
2 1 50.35 60250000
1 2 2.85 60250000
2 1 50.18 60300000
1 2 2.86 60300000
2 1 50.35 60350000
1 2 2.85 60350000
2 1 50.18 60400000
1 2 2.86 60400000
2 1 50.35 60450000
1 2 2.86 60450000
2 1 50.35 60500000
1 2 2.85 60500000
2 1 50.18 60550000
1 2 2.86 60550000
2 1 50.35 60600000
1 2 2.86 60600000
2 1 50.18 60650000
1 2 2.85 60650000
2 1 50.35 60700000
1 2 2.86 60700000
2 1 50.35 60750000
1 2 2.85 60750000
2 1 42.07 60800000
1 2 2.59 60800000
2 1 38.86 60850000
1 2 2.22 60850000
2 1 39.37 60900000
1 2 2.22 60900000
2 1 39.71 60950000
1 2 2.26 60950000
2 1 40.21 61000000
1 2 2.27 61000000
2 1 40.72 61050000
1 2 2.30 61050000
2 1 41.23 61100000
1 2 2.33 61100000
2 1 41.56 61150000
1 2 2.36 61150000
2 1 42.07 61200000
1 2 2.39 61200000
2 1 42.75 61250000
1 2 2.41 61250000
2 1 42.92 61300000
1 2 2.44 61300000
2 1 43.76 61350000
1 2 2.47 61350000
2 1 44.10 61400000
1 2 2.51 61400000
2 1 44.44 61450000
1 2 2.52 61450000
2 1 45.28 61500000
1 2 2.54 61500000
2 1 45.45 61550000
1 2 2.58 61550000
2 1 46.13 61600000
1 2 2.61 61600000
2 1 46.46 61650000
1 2 2.63 61650000
2 1 46.97 61700000
1 2 2.66 61700000
2 1 47.48 61750000
1 2 2.70 61750000
2 1 47.98 61800000
1 2 2.72 61800000
2 1 48.49 61850000
1 2 2.75 61850000
2 1 48.83 61900000
1 2 2.76 61900000
2 1 49.51 61950000
1 2 2.80 61950000
2 1 49.84 62000000
1 2 2.83 62000000
2 1 50.35 62050000
1 2 2.85 62050000
2 1 50.35 62100000
1 2 2.85 62100000
2 1 50.18 62150000
1 2 2.86 62150000
2 1 50.35 62200000
1 2 2.86 62200000
2 1 50.18 62250000
1 2 2.85 62250000
2 1 50.35 62300000
1 2 2.86 62300000
2 1 50.35 62350000
1 2 2.85 62350000
2 1 50.18 62400000
1 2 2.86 62400000
2 1 50.35 62450000
1 2 2.86 62450000
2 1 50.35 62500000
1 2 2.85 62500000
2 1 50.18 62550000
1 2 2.86 62550000
2 1 50.35 62600000
1 2 2.85 62600000
2 1 50.18 62650000
1 2 2.86 62650000
2 1 50.35 62700000
1 2 2.86 62700000
2 1 42.58 62750000
1 2 2.61 62750000
2 1 39.20 62800000
1 2 2.23 62800000
2 1 39.37 62850000
1 2 2.23 62850000
2 1 39.87 62900000
1 2 2.27 62900000
2 1 40.55 62950000
1 2 2.28 62950000
2 1 40.72 63000000
1 2 2.31 63000000
2 1 41.40 63050000
1 2 2.33 63050000
2 1 41.73 63100000
1 2 2.37 63100000
2 1 42.41 63150000
1 2 2.40 63150000
2 1 42.92 63200000
1 2 2.42 63200000
2 1 43.25 63250000
1 2 2.46 63250000
2 1 43.59 63300000
1 2 2.48 63300000
2 1 44.44 63350000
1 2 2.51 63350000
2 1 44.77 63400000
1 2 2.53 63400000
2 1 45.28 63450000
1 2 2.56 63450000
2 1 45.62 63500000
1 2 2.59 63500000
2 1 46.30 63550000
1 2 2.62 63550000
2 1 46.63 63600000
1 2 2.64 63600000
2 1 47.14 63650000
1 2 2.68 63650000
2 1 47.82 63700000
1 2 2.70 63700000
2 1 48.15 63750000
1 2 2.73 63750000
2 1 48.49 63800000
1 2 2.76 63800000
2 1 49.34 63850000
1 2 2.78 63850000
2 1 43.25 63900000
1 2 2.75 63900000
2 1 33.29 63950000
1 2 1.88 63950000
2 1 33.45 64000000
1 2 1.90 64000000
2 1 33.96 64050000
1 2 1.92 64050000
2 1 34.30 64100000
1 2 1.94 64100000
2 1 34.64 64150000
1 2 1.96 64150000
2 1 34.81 64200000
1 2 1.98 64200000
2 1 35.14 64250000
1 2 2.00 64250000
2 1 35.48 64300000
1 2 2.02 64300000
2 1 35.82 64350000
1 2 2.03 64350000
2 1 36.33 64400000
1 2 2.05 64400000
2 1 36.50 64450000
1 2 2.07 64450000
2 1 36.83 64500000
1 2 2.08 64500000
2 1 37.17 64550000
1 2 2.10 64550000
2 1 37.51 64600000
1 2 2.13 64600000
2 1 37.85 64650000
1 2 2.14 64650000
2 1 38.18 64700000
1 2 2.16 64700000
2 1 38.35 64750000
1 2 2.18 64750000
2 1 38.86 64800000
1 2 2.20 64800000
2 1 39.03 64850000
1 2 2.22 64850000
2 1 39.54 64900000
1 2 2.24 64900000
2 1 39.71 64950000
1 2 2.26 64950000
2 1 40.04 65000000
1 2 2.27 65000000
2 1 40.38 65050000
1 2 2.29 65050000
2 1 40.72 65100000
1 2 2.30 65100000
2 1 41.23 65150000
1 2 2.33 65150000
2 1 41.23 65200000
1 2 2.34 65200000
2 1 41.90 65250000
1 2 2.36 65250000
2 1 41.90 65300000
1 2 2.39 65300000
2 1 42.41 65350000
1 2 2.40 65350000
2 1 42.58 65400000
1 2 2.42 65400000
2 1 43.08 65450000
1 2 2.44 65450000
2 1 43.42 65500000
1 2 2.46 65500000
2 1 43.59 65550000
1 2 2.48 65550000
2 1 44.10 65600000
1 2 2.49 65600000
2 1 44.27 65650000
1 2 2.52 65650000
2 1 44.61 65700000
1 2 2.53 65700000
2 1 44.94 65750000
1 2 2.55 65750000
2 1 45.45 65800000
1 2 2.56 65800000
2 1 45.62 65850000
1 2 2.59 65850000
2 1 45.96 65900000
1 2 2.60 65900000
2 1 46.13 65950000
1 2 2.62 65950000
2 1 46.63 66000000
1 2 2.65 66000000
2 1 46.97 66050000
1 2 2.66 66050000
2 1 47.31 66100000
1 2 2.68 66100000
2 1 47.48 66150000
1 2 2.70 66150000
2 1 47.98 66200000
1 2 2.72 66200000
2 1 48.32 66250000
1 2 2.74 66250000
2 1 48.49 66300000
1 2 2.76 66300000
2 1 48.83 66350000
1 2 2.76 66350000
2 1 49.17 66400000
1 2 2.79 66400000
2 1 49.51 66450000
1 2 2.81 66450000
2 1 50.01 66500000
1 2 2.82 66500000
2 1 50.18 66550000
1 2 2.84 66550000
2 1 50.18 66600000
1 2 2.86 66600000
2 1 50.35 66650000
1 2 2.86 66650000
2 1 50.35 66700000
1 2 2.85 66700000
2 1 50.18 66750000
1 2 2.86 66750000
2 1 50.35 66800000
1 2 2.85 66800000
2 1 50.18 66850000
1 2 2.86 66850000
2 1 50.35 66900000
1 2 2.86 66900000
2 1 50.35 66950000
1 2 2.85 66950000
2 1 50.18 67000000
1 2 2.86 67000000
2 1 50.35 67050000
1 2 2.86 67050000
2 1 50.35 67100000
1 2 2.85 67100000
2 1 50.18 67150000
1 2 2.86 67150000
2 1 50.35 67200000
1 2 2.85 67200000
2 1 50.18 67250000
1 2 2.86 67250000
2 1 50.35 67300000
1 2 2.86 67300000
2 1 46.80 67350000
1 2 2.81 67350000
2 1 41.73 67400000
1 2 2.36 67400000
2 1 41.90 67450000
1 2 2.38 67450000
2 1 42.24 67500000
1 2 2.40 67500000
2 1 42.75 67550000
1 2 2.41 67550000
2 1 42.92 67600000
1 2 2.43 67600000
2 1 43.08 67650000
1 2 2.46 67650000
2 1 43.59 67700000
1 2 2.47 67700000
2 1 43.93 67750000
1 2 2.49 67750000
2 1 44.27 67800000
1 2 2.51 67800000
2 1 44.61 67850000
1 2 2.52 67850000
2 1 44.77 67900000
1 2 2.54 67900000
2 1 45.11 67950000
1 2 2.56 67950000
2 1 45.62 68000000
1 2 2.58 68000000
2 1 45.79 68050000
1 2 2.60 68050000
2 1 46.13 68100000
1 2 2.61 68100000
2 1 46.46 68150000
1 2 2.64 68150000
2 1 46.80 68200000
1 2 2.65 68200000
2 1 47.31 68250000
1 2 2.68 68250000
2 1 47.48 68300000
1 2 2.69 68300000
2 1 47.82 68350000
1 2 2.72 68350000
2 1 48.15 68400000
1 2 2.73 68400000
2 1 48.49 68450000
1 2 2.75 68450000
2 1 48.66 68500000
1 2 2.76 68500000
2 1 49.17 68550000
1 2 2.78 68550000
2 1 49.34 68600000
1 2 2.80 68600000
2 1 49.67 68650000
1 2 2.82 68650000
2 1 50.18 68700000
1 2 2.84 68700000
2 1 50.18 68750000
1 2 2.85 68750000
2 1 50.35 68800000
1 2 2.85 68800000
2 1 50.18 68850000
1 2 2.86 68850000
2 1 50.35 68900000
1 2 2.86 68900000
2 1 50.35 68950000
1 2 2.85 68950000
2 1 50.18 69000000
1 2 2.86 69000000
2 1 50.35 69050000
1 2 2.86 69050000
2 1 50.18 69100000
1 2 2.85 69100000
2 1 50.35 69150000
1 2 2.86 69150000
2 1 50.35 69200000
1 2 2.85 69200000
2 1 50.18 69250000
1 2 2.86 69250000
2 1 50.35 69300000
1 2 2.86 69300000
2 1 50.35 69350000
1 2 2.85 69350000
2 1 50.18 69400000
1 2 2.86 69400000
2 1 50.35 69450000
1 2 2.85 69450000
2 1 50.18 69500000
1 2 2.86 69500000
2 1 48.32 69550000
1 2 2.86 69550000
2 1 40.55 69600000
1 2 2.36 69600000
2 1 40.89 69650000
1 2 2.31 69650000
2 1 41.06 69700000
1 2 2.33 69700000
2 1 41.56 69750000
1 2 2.34 69750000
2 1 41.73 69800000
1 2 2.37 69800000
2 1 42.24 69850000
1 2 2.39 69850000
2 1 42.24 69900000
1 2 2.40 69900000
2 1 42.92 69950000
1 2 2.43 69950000
2 1 43.08 70000000
1 2 2.44 70000000
2 1 43.42 70050000
1 2 2.47 70050000
2 1 43.59 70100000
1 2 2.48 70100000
2 1 44.10 70150000
1 2 2.50 70150000
2 1 44.44 70200000
1 2 2.52 70200000
2 1 33.45 70250000
1 2 2.29 70250000
2 1 22.30 70300000
1 2 1.26 70300000
2 1 22.30 70350000
1 2 1.27 70350000
2 1 22.64 70400000
1 2 1.29 70400000
2 1 22.64 70450000
1 2 1.29 70450000
2 1 22.98 70500000
1 2 1.30 70500000
2 1 22.98 70550000
1 2 1.31 70550000
2 1 23.15 70600000
1 2 1.32 70600000
2 1 23.49 70650000
1 2 1.32 70650000
2 1 23.49 70700000
1 2 1.33 70700000
2 1 23.65 70750000
1 2 1.34 70750000
2 1 23.99 70800000
1 2 1.35 70800000
2 1 23.99 70850000
1 2 1.36 70850000
2 1 24.16 70900000
1 2 1.37 70900000
2 1 24.33 70950000
1 2 1.38 70950000
2 1 24.50 71000000
1 2 1.39 71000000
2 1 24.67 71050000
1 2 1.39 71050000
2 1 24.84 71100000
1 2 1.41 71100000
2 1 25.01 71150000
1 2 1.42 71150000
2 1 25.18 71200000
1 2 1.42 71200000
2 1 25.34 71250000
1 2 1.44 71250000
2 1 25.51 71300000
1 2 1.45 71300000
2 1 25.68 71350000
1 2 1.45 71350000
2 1 25.85 71400000
1 2 1.47 71400000
2 1 25.85 71450000
1 2 1.47 71450000
2 1 26.19 71500000
1 2 1.49 71500000
2 1 26.36 71550000
1 2 1.49 71550000
2 1 26.53 71600000
1 2 1.50 71600000
2 1 26.53 71650000
1 2 1.52 71650000
2 1 26.86 71700000
1 2 1.52 71700000
2 1 26.86 71750000
1 2 1.53 71750000
2 1 27.20 71800000
1 2 1.55 71800000
2 1 27.20 71850000
1 2 1.55 71850000
2 1 27.54 71900000
1 2 1.56 71900000
2 1 27.54 71950000
1 2 1.56 71950000
2 1 27.88 72000000
1 2 1.57 72000000
2 1 27.88 72050000
1 2 1.59 72050000
2 1 28.22 72100000
1 2 1.59 72100000
2 1 28.22 72150000
1 2 1.60 72150000
2 1 28.39 72200000
1 2 1.61 72200000
2 1 28.55 72250000
1 2 1.61 72250000
2 1 28.89 72300000
1 2 1.63 72300000
2 1 28.89 72350000
1 2 1.64 72350000
2 1 29.06 72400000
1 2 1.65 72400000
2 1 29.06 72450000
1 2 1.65 72450000
2 1 29.40 72500000
1 2 1.67 72500000
2 1 29.57 72550000
1 2 1.68 72550000
2 1 29.74 72600000
1 2 1.68 72600000
2 1 29.91 72650000
1 2 1.70 72650000
2 1 30.07 72700000
1 2 1.70 72700000
2 1 30.24 72750000
1 2 1.72 72750000
2 1 30.41 72800000
1 2 1.73 72800000
2 1 30.58 72850000
1 2 1.74 72850000
2 1 30.75 72900000
1 2 1.74 72900000
2 1 30.92 72950000
1 2 1.76 72950000
2 1 31.09 73000000
1 2 1.76 73000000
2 1 31.09 73050000
1 2 1.78 73050000
2 1 31.43 73100000
1 2 1.78 73100000
2 1 31.60 73150000
1 2 1.80 73150000
2 1 31.60 73200000
1 2 1.80 73200000
2 1 31.93 73250000
1 2 1.80 73250000
2 1 32.10 73300000
1 2 1.82 73300000
2 1 32.10 73350000
1 2 1.82 73350000
2 1 32.44 73400000
1 2 1.83 73400000
2 1 32.44 73450000
1 2 1.84 73450000
2 1 32.78 73500000
1 2 1.85 73500000
2 1 32.78 73550000
1 2 1.86 73550000
2 1 33.12 73600000
1 2 1.87 73600000
2 1 33.12 73650000
1 2 1.89 73650000
2 1 33.29 73700000
1 2 1.89 73700000
2 1 33.62 73750000
1 2 1.90 73750000
2 1 33.62 73800000
1 2 1.91 73800000
2 1 33.79 73850000
1 2 1.92 73850000
2 1 33.96 73900000
1 2 1.92 73900000
2 1 34.13 73950000
1 2 1.94 73950000
2 1 34.47 74000000
1 2 1.95 74000000
2 1 34.47 74050000
1 2 1.96 74050000
2 1 34.64 74100000
1 2 1.97 74100000
2 1 34.81 74150000
1 2 1.97 74150000
2 1 34.97 74200000
1 2 2.00 74200000
2 1 35.14 74250000
1 2 1.99 74250000
2 1 35.31 74300000
1 2 2.01 74300000
2 1 35.48 74350000
1 2 2.02 74350000
2 1 35.65 74400000
1 2 2.02 74400000
2 1 35.82 74450000
1 2 2.04 74450000
2 1 35.99 74500000
1 2 2.04 74500000
2 1 36.16 74550000
1 2 2.04 74550000
2 1 36.33 74600000
1 2 2.06 74600000
2 1 36.50 74650000
1 2 2.06 74650000
2 1 36.66 74700000
1 2 2.08 74700000
2 1 36.66 74750000
1 2 2.08 74750000
2 1 37.00 74800000
1 2 2.10 74800000
2 1 37.17 74850000
1 2 2.10 74850000
2 1 37.17 74900000
1 2 2.11 74900000
2 1 37.51 74950000
1 2 2.12 74950000
2 1 37.51 75000000
1 2 2.14 75000000
2 1 37.68 75050000
1 2 2.14 75050000
2 1 38.02 75100000
1 2 2.15 75100000
2 1 38.02 75150000
1 2 2.16 75150000
2 1 38.35 75200000
1 2 2.17 75200000
2 1 38.35 75250000
1 2 2.18 75250000
2 1 38.69 75300000
1 2 2.19 75300000
2 1 38.69 75350000
1 2 2.21 75350000
2 1 38.86 75400000
1 2 2.21 75400000
2 1 39.03 75450000
1 2 2.21 75450000
2 1 39.37 75500000
1 2 2.24 75500000
2 1 39.37 75550000
1 2 2.24 75550000
2 1 39.71 75600000
1 2 2.25 75600000
2 1 39.71 75650000
1 2 2.25 75650000
2 1 39.87 75700000
1 2 2.27 75700000
2 1 40.04 75750000
1 2 2.28 75750000
2 1 40.21 75800000
1 2 2.28 75800000
2 1 40.38 75850000
1 2 2.28 75850000
2 1 40.38 75900000
1 2 2.30 75900000
2 1 40.72 75950000
1 2 2.30 75950000
2 1 40.89 76000000
1 2 2.32 76000000
2 1 41.06 76050000
1 2 2.33 76050000
2 1 41.40 76100000
1 2 2.33 76100000
2 1 41.40 76150000
1 2 2.35 76150000
2 1 41.56 76200000
1 2 2.36 76200000
2 1 41.56 76250000
1 2 2.37 76250000
2 1 41.90 76300000
1 2 2.37 76300000
2 1 41.90 76350000
1 2 2.38 76350000
2 1 42.24 76400000
1 2 2.39 76400000
2 1 42.41 76450000
1 2 2.40 76450000
2 1 42.41 76500000
1 2 2.42 76500000
2 1 42.75 76550000
1 2 2.42 76550000
2 1 42.75 76600000
1 2 2.43 76600000
2 1 43.08 76650000
1 2 2.45 76650000
2 1 43.25 76700000
1 2 2.45 76700000
2 1 43.25 76750000
1 2 2.47 76750000
2 1 43.59 76800000
1 2 2.47 76800000
2 1 43.59 76850000
1 2 2.47 76850000
2 1 43.76 76900000
1 2 2.50 76900000
2 1 44.10 76950000
1 2 2.50 76950000
2 1 44.27 77000000
1 2 2.51 77000000
2 1 44.27 77050000
1 2 2.52 77050000
2 1 44.44 77100000
1 2 2.52 77100000
2 1 44.61 77150000
1 2 2.53 77150000
2 1 44.94 77200000
1 2 2.54 77200000
2 1 44.94 77250000
1 2 2.55 77250000
2 1 45.11 77300000
1 2 2.56 77300000
2 1 45.28 77350000
1 2 2.57 77350000
2 1 45.45 77400000
1 2 2.58 77400000
2 1 45.62 77450000
1 2 2.58 77450000
2 1 45.79 77500000
1 2 2.60 77500000
2 1 46.13 77550000
1 2 2.61 77550000
2 1 46.13 77600000
1 2 2.62 77600000
2 1 46.30 77650000
1 2 2.63 77650000
2 1 46.46 77700000
1 2 2.63 77700000
2 1 46.46 77750000
1 2 2.65 77750000
2 1 46.80 77800000
1 2 2.65 77800000
2 1 46.97 77850000
1 2 2.67 77850000
2 1 47.14 77900000
1 2 2.67 77900000
2 1 47.31 77950000
1 2 2.69 77950000
2 1 47.48 78000000
1 2 2.70 78000000
2 1 47.65 78050000
1 2 2.70 78050000
2 1 47.65 78100000
1 2 2.71 78100000
2 1 47.98 78150000
1 2 2.73 78150000
2 1 48.15 78200000
1 2 2.73 78200000
2 1 48.15 78250000
1 2 2.75 78250000
2 1 48.49 78300000
1 2 2.75 78300000
2 1 48.66 78350000
1 2 2.76 78350000
2 1 48.66 78400000
1 2 2.77 78400000
2 1 48.83 78450000
1 2 2.77 78450000
2 1 49.17 78500000
1 2 2.78 78500000
2 1 49.17 78550000
1 2 2.79 78550000
2 1 49.34 78600000
1 2 2.80 78600000
2 1 49.67 78650000
1 2 2.81 78650000
2 1 49.84 78700000
1 2 2.82 78700000
2 1 50.01 78750000
1 2 2.84 78750000
2 1 50.01 78800000
1 2 2.84 78800000
2 1 50.35 78850000
1 2 2.85 78850000
2 1 50.18 78900000
1 2 2.86 78900000
2 1 50.35 78950000
1 2 2.85 78950000
2 1 50.18 79000000
1 2 2.86 79000000
2 1 50.35 79050000
1 2 2.86 79050000
2 1 50.35 79100000
1 2 2.85 79100000
2 1 50.18 79150000
1 2 2.86 79150000
2 1 50.35 79200000
1 2 2.86 79200000
2 1 50.35 79250000
1 2 2.85 79250000
2 1 50.18 79300000
1 2 2.86 79300000
2 1 50.35 79350000
1 2 2.85 79350000
2 1 50.18 79400000
1 2 2.86 79400000
2 1 50.35 79450000
1 2 2.86 79450000
2 1 50.35 79500000
1 2 2.85 79500000
2 1 50.18 79550000
1 2 2.86 79550000
2 1 50.35 79600000
1 2 2.86 79600000
2 1 50.35 79650000
1 2 2.85 79650000
2 1 50.18 79700000
1 2 2.86 79700000
2 1 50.35 79750000
1 2 2.85 79750000
2 1 50.18 79800000
1 2 2.86 79800000
2 1 50.35 79850000
1 2 2.86 79850000
2 1 50.35 79900000
1 2 2.85 79900000
2 1 50.18 79950000
1 2 2.86 79950000
2 1 50.35 80000000
1 2 2.85 80000000
2 1 50.18 80050000
1 2 2.86 80050000
2 1 50.35 80100000
1 2 2.86 80100000
2 1 50.35 80150000
1 2 2.85 80150000
2 1 50.18 80200000
1 2 2.86 80200000
2 1 50.35 80250000
1 2 2.86 80250000
2 1 50.35 80300000
1 2 2.85 80300000
2 1 50.18 80350000
1 2 2.86 80350000
2 1 50.35 80400000
1 2 2.85 80400000
2 1 50.18 80450000
1 2 2.86 80450000
2 1 7.94 80500000
1 2 1.32 80500000
2 1 0.00 80550000
1 2 0.00 80550000
2 1 0.00 80600000
1 2 0.00 80600000
2 1 0.00 80650000
1 2 0.00 80650000
2 1 0.00 80700000
1 2 0.00 80700000
2 1 0.00 80750000
1 2 0.00 80750000
2 1 0.00 80800000
1 2 0.00 80800000
2 1 0.00 80850000
1 2 0.00 80850000
2 1 0.00 80900000
1 2 0.00 80900000
2 1 0.00 80950000
1 2 0.00 80950000
2 1 0.00 81000000
1 2 0.00 81000000
2 1 0.00 81050000
1 2 0.00 81050000
2 1 0.00 81100000
1 2 0.00 81100000
2 1 0.00 81150000
1 2 0.00 81150000
2 1 0.00 81200000
1 2 0.00 81200000
2 1 0.00 81250000
1 2 0.00 81250000
2 1 0.00 81300000
1 2 0.00 81300000
2 1 0.00 81350000
1 2 0.00 81350000
2 1 0.00 81400000
1 2 0.00 81400000
2 1 0.00 81450000
1 2 0.00 81450000
2 1 0.00 81500000
1 2 0.00 81500000
2 1 0.00 81550000
1 2 0.00 81550000
2 1 0.00 81600000
1 2 0.00 81600000
2 1 0.00 81650000
1 2 0.00 81650000
2 1 0.00 81700000
1 2 0.00 81700000
2 1 0.00 81750000
1 2 0.00 81750000
2 1 0.00 81800000
1 2 0.00 81800000
2 1 0.00 81850000
1 2 0.00 81850000
2 1 0.00 81900000
1 2 0.00 81900000
2 1 0.00 81950000
1 2 0.00 81950000
2 1 0.00 82000000
1 2 0.00 82000000
2 1 0.00 82050000
1 2 0.00 82050000
2 1 0.00 82100000
1 2 0.00 82100000
2 1 0.00 82150000
1 2 0.00 82150000
2 1 0.00 82200000
1 2 0.00 82200000
2 1 0.00 82250000
1 2 0.00 82250000
2 1 0.00 82300000
1 2 0.00 82300000
2 1 0.00 82350000
1 2 0.00 82350000
2 1 0.00 82400000
1 2 0.00 82400000
2 1 0.00 82450000
1 2 0.00 82450000
2 1 0.00 82500000
1 2 0.00 82500000
2 1 0.00 82550000
1 2 0.00 82550000
2 1 0.00 82600000
1 2 0.00 82600000
2 1 0.00 82650000
1 2 0.00 82650000
2 1 0.00 82700000
1 2 0.00 82700000
2 1 0.00 82750000
1 2 0.00 82750000
2 1 0.00 82800000
1 2 0.00 82800000
2 1 0.00 82850000
1 2 0.00 82850000
2 1 0.00 82900000
1 2 0.00 82900000
2 1 0.00 82950000
1 2 0.00 82950000
2 1 0.00 83000000
1 2 0.00 83000000
2 1 0.00 83050000
1 2 0.00 83050000
2 1 0.00 83100000
1 2 0.00 83100000
2 1 0.00 83150000
1 2 0.00 83150000
2 1 0.00 83200000
1 2 0.00 83200000
2 1 0.00 83250000
1 2 0.00 83250000
2 1 0.00 83300000
1 2 0.00 83300000
2 1 0.00 83350000
1 2 0.00 83350000
2 1 0.00 83400000
1 2 0.00 83400000
2 1 0.00 83450000
1 2 0.00 83450000
2 1 0.00 83500000
1 2 0.00 83500000
2 1 0.00 83550000
1 2 0.00 83550000
2 1 0.00 83600000
1 2 0.00 83600000
2 1 0.00 83650000
1 2 0.00 83650000
2 1 0.00 83700000
1 2 0.00 83700000
2 1 0.00 83750000
1 2 0.00 83750000
2 1 0.00 83800000
1 2 0.00 83800000
2 1 0.00 83850000
1 2 0.00 83850000
2 1 0.00 83900000
1 2 0.00 83900000
2 1 0.00 83950000
1 2 0.00 83950000
2 1 0.00 84000000
1 2 0.00 84000000
2 1 0.00 84050000
1 2 0.00 84050000
2 1 0.00 84100000
1 2 0.00 84100000
2 1 0.00 84150000
1 2 0.00 84150000
2 1 0.00 84200000
1 2 0.00 84200000
2 1 0.00 84250000
1 2 0.00 84250000
2 1 0.00 84300000
1 2 0.00 84300000
2 1 0.00 84350000
1 2 0.00 84350000
2 1 0.00 84400000
1 2 0.00 84400000
2 1 0.00 84450000
1 2 0.00 84450000
2 1 0.00 84500000
1 2 0.00 84500000
2 1 0.00 84550000
1 2 0.00 84550000
2 1 0.00 84600000
1 2 0.00 84600000
2 1 0.00 84650000
1 2 0.00 84650000
2 1 0.00 84700000
1 2 0.00 84700000
2 1 0.00 84750000
1 2 0.00 84750000
2 1 0.00 84800000
1 2 0.00 84800000
2 1 0.00 84850000
1 2 0.00 84850000
2 1 0.00 84900000
1 2 0.00 84900000
2 1 0.00 84950000
1 2 0.00 84950000
2 1 0.00 85000000
1 2 0.00 85000000
2 1 0.00 85050000
1 2 0.00 85050000
2 1 0.00 85100000
1 2 0.00 85100000
2 1 0.00 85150000
1 2 0.00 85150000
2 1 0.00 85200000
1 2 0.00 85200000
2 1 0.00 85250000
1 2 0.00 85250000
2 1 0.00 85300000
1 2 0.00 85300000
2 1 0.00 85350000
1 2 0.00 85350000
2 1 0.00 85400000
1 2 0.00 85400000
2 1 0.00 85450000
1 2 0.00 85450000
2 1 0.00 85500000
1 2 0.00 85500000
2 1 0.00 85550000
1 2 0.00 85550000
2 1 0.00 85600000
1 2 0.00 85600000
2 1 0.00 85650000
1 2 0.00 85650000
2 1 0.00 85700000
1 2 0.00 85700000
2 1 0.00 85750000
1 2 0.00 85750000
2 1 0.00 85800000
1 2 0.00 85800000
2 1 0.00 85850000
1 2 0.00 85850000
2 1 0.00 85900000
1 2 0.00 85900000
2 1 0.00 85950000
1 2 0.00 85950000
2 1 0.00 86000000
1 2 0.00 86000000
2 1 0.00 86050000
1 2 0.00 86050000
2 1 0.00 86100000
1 2 0.00 86100000
2 1 0.00 86150000
1 2 0.00 86150000
2 1 0.00 86200000
1 2 0.00 86200000
2 1 0.00 86250000
1 2 0.00 86250000
2 1 0.00 86300000
1 2 0.00 86300000
2 1 0.00 86350000
1 2 0.00 86350000
2 1 0.00 86400000
1 2 0.00 86400000
2 1 0.00 86450000
1 2 0.00 86450000
2 1 0.00 86500000
1 2 0.00 86500000
2 1 0.00 86550000
1 2 0.00 86550000
2 1 0.00 86600000
1 2 0.00 86600000
2 1 0.00 86650000
1 2 0.00 86650000
2 1 0.00 86700000
1 2 0.00 86700000
2 1 0.00 86750000
1 2 0.00 86750000
2 1 0.00 86800000
1 2 0.00 86800000
2 1 0.00 86850000
1 2 0.00 86850000
2 1 0.00 86900000
1 2 0.00 86900000
2 1 0.00 86950000
1 2 0.00 86950000
2 1 0.00 87000000
1 2 0.00 87000000
2 1 0.00 87050000
1 2 0.00 87050000
2 1 0.00 87100000
1 2 0.00 87100000
2 1 0.00 87150000
1 2 0.00 87150000
2 1 0.00 87200000
1 2 0.00 87200000
2 1 0.00 87250000
1 2 0.00 87250000
2 1 0.00 87300000
1 2 0.00 87300000
2 1 0.00 87350000
1 2 0.00 87350000
2 1 0.00 87400000
1 2 0.00 87400000
2 1 0.00 87450000
1 2 0.00 87450000
2 1 0.00 87500000
1 2 0.00 87500000
2 1 0.00 87550000
1 2 0.00 87550000
2 1 0.00 87600000
1 2 0.00 87600000
2 1 0.00 87650000
1 2 0.00 87650000
2 1 0.00 87700000
1 2 0.00 87700000
2 1 0.00 87750000
1 2 0.00 87750000
2 1 0.00 87800000
1 2 0.00 87800000
2 1 0.00 87850000
1 2 0.00 87850000
2 1 0.00 87900000
1 2 0.00 87900000
2 1 0.00 87950000
1 2 0.00 87950000
2 1 0.00 88000000
1 2 0.00 88000000
2 1 0.00 88050000
1 2 0.00 88050000
2 1 0.00 88100000
1 2 0.00 88100000
2 1 0.00 88150000
1 2 0.00 88150000
2 1 0.00 88200000
1 2 0.00 88200000
2 1 0.00 88250000
1 2 0.00 88250000
2 1 0.00 88300000
1 2 0.00 88300000
2 1 0.00 88350000
1 2 0.00 88350000
2 1 0.00 88400000
1 2 0.00 88400000
2 1 0.00 88450000
1 2 0.00 88450000
2 1 0.00 88500000
1 2 0.00 88500000
2 1 0.00 88550000
1 2 0.00 88550000
2 1 0.00 88600000
1 2 0.00 88600000
2 1 0.00 88650000
1 2 0.00 88650000
2 1 0.00 88700000
1 2 0.00 88700000
2 1 0.00 88750000
1 2 0.00 88750000
2 1 0.00 88800000
1 2 0.00 88800000
2 1 0.00 88850000
1 2 0.00 88850000
2 1 0.00 88900000
1 2 0.00 88900000
2 1 0.00 88950000
1 2 0.00 88950000
2 1 0.00 89000000
1 2 0.00 89000000
2 1 0.00 89050000
1 2 0.00 89050000
2 1 0.00 89100000
1 2 0.00 89100000
2 1 0.00 89150000
1 2 0.00 89150000
2 1 0.00 89200000
1 2 0.00 89200000
2 1 0.00 89250000
1 2 0.00 89250000
2 1 0.00 89300000
1 2 0.00 89300000
2 1 0.00 89350000
1 2 0.00 89350000
2 1 0.00 89400000
1 2 0.00 89400000
2 1 0.00 89450000
1 2 0.00 89450000
2 1 0.00 89500000
1 2 0.00 89500000
2 1 0.00 89550000
1 2 0.00 89550000
2 1 0.00 89600000
1 2 0.00 89600000
2 1 0.00 89650000
1 2 0.00 89650000
2 1 0.00 89700000
1 2 0.00 89700000
2 1 0.00 89750000
1 2 0.00 89750000
2 1 0.00 89800000
1 2 0.00 89800000
2 1 0.00 89850000
1 2 0.00 89850000
2 1 0.00 89900000
1 2 0.00 89900000
2 1 0.00 89950000
1 2 0.00 89950000
2 1 0.00 90000000
1 2 0.00 90000000
2 1 0.00 90050000
1 2 0.00 90050000
2 1 0.00 90100000
1 2 0.00 90100000
2 1 0.00 90150000
1 2 0.00 90150000
2 1 0.00 90200000
1 2 0.00 90200000
2 1 0.00 90250000
1 2 0.00 90250000
2 1 0.00 90300000
1 2 0.00 90300000
2 1 0.00 90350000
1 2 0.00 90350000
2 1 0.00 90400000
1 2 0.00 90400000
2 1 0.00 90450000
1 2 0.00 90450000
2 1 0.00 90500000
1 2 0.00 90500000
2 1 0.00 90550000
1 2 0.00 90550000
2 1 0.00 90600000
1 2 0.00 90600000
2 1 0.00 90650000
1 2 0.00 90650000
2 1 0.00 90700000
1 2 0.00 90700000
2 1 0.00 90750000
1 2 0.00 90750000
2 1 0.00 90800000
1 2 0.00 90800000
2 1 0.00 90850000
1 2 0.00 90850000
2 1 0.00 90900000
1 2 0.00 90900000
2 1 0.00 90950000
1 2 0.00 90950000
2 1 0.00 91000000
1 2 0.00 91000000
2 1 0.00 91050000
1 2 0.00 91050000
2 1 0.00 91100000
1 2 0.00 91100000
2 1 0.00 91150000
1 2 0.00 91150000
2 1 0.00 91200000
1 2 0.00 91200000
2 1 0.00 91250000
1 2 0.00 91250000
2 1 0.00 91300000
1 2 0.00 91300000
2 1 0.00 91350000
1 2 0.00 91350000
2 1 0.00 91400000
1 2 0.00 91400000
2 1 0.00 91450000
1 2 0.00 91450000
2 1 0.00 91500000
1 2 0.00 91500000
2 1 0.00 91550000
1 2 0.00 91550000
2 1 0.00 91600000
1 2 0.00 91600000
2 1 0.00 91650000
1 2 0.00 91650000
2 1 0.00 91700000
1 2 0.00 91700000
2 1 0.00 91750000
1 2 0.00 91750000
2 1 0.00 91800000
1 2 0.00 91800000
2 1 0.00 91850000
1 2 0.00 91850000
2 1 0.00 91900000
1 2 0.00 91900000
2 1 0.00 91950000
1 2 0.00 91950000
2 1 0.00 92000000
1 2 0.00 92000000
2 1 0.00 92050000
1 2 0.00 92050000
2 1 0.00 92100000
1 2 0.00 92100000
2 1 0.00 92150000
1 2 0.00 92150000
2 1 0.00 92200000
1 2 0.00 92200000
2 1 0.00 92250000
1 2 0.00 92250000
2 1 0.00 92300000
1 2 0.00 92300000
2 1 0.00 92350000
1 2 0.00 92350000
2 1 0.00 92400000
1 2 0.00 92400000
2 1 0.00 92450000
1 2 0.00 92450000
2 1 0.00 92500000
1 2 0.00 92500000
2 1 0.00 92550000
1 2 0.00 92550000
2 1 0.00 92600000
1 2 0.00 92600000
2 1 0.00 92650000
1 2 0.00 92650000
2 1 0.00 92700000
1 2 0.00 92700000
2 1 0.00 92750000
1 2 0.00 92750000
2 1 0.00 92800000
1 2 0.00 92800000
2 1 0.00 92850000
1 2 0.00 92850000
2 1 0.00 92900000
1 2 0.00 92900000
2 1 0.00 92950000
1 2 0.00 92950000
2 1 0.00 93000000
1 2 0.00 93000000
2 1 0.00 93050000
1 2 0.00 93050000
2 1 0.00 93100000
1 2 0.00 93100000
2 1 0.00 93150000
1 2 0.00 93150000
2 1 0.00 93200000
1 2 0.00 93200000
2 1 0.00 93250000
1 2 0.00 93250000
2 1 0.00 93300000
1 2 0.00 93300000
2 1 0.00 93350000
1 2 0.00 93350000
2 1 0.00 93400000
1 2 0.00 93400000
2 1 0.00 93450000
1 2 0.00 93450000
2 1 0.00 93500000
1 2 0.00 93500000
2 1 0.00 93550000
1 2 0.00 93550000
2 1 0.00 93600000
1 2 0.00 93600000
2 1 0.00 93650000
1 2 0.00 93650000
2 1 0.00 93700000
1 2 0.00 93700000
2 1 0.00 93750000
1 2 0.00 93750000
2 1 0.00 93800000
1 2 0.00 93800000
2 1 0.00 93850000
1 2 0.00 93850000
2 1 0.00 93900000
1 2 0.00 93900000
2 1 0.00 93950000
1 2 0.00 93950000
2 1 0.00 94000000
1 2 0.00 94000000
2 1 0.00 94050000
1 2 0.00 94050000
2 1 0.00 94100000
1 2 0.00 94100000
2 1 0.00 94150000
1 2 0.00 94150000
2 1 0.00 94200000
1 2 0.00 94200000
2 1 0.00 94250000
1 2 0.00 94250000
2 1 0.00 94300000
1 2 0.00 94300000
2 1 0.00 94350000
1 2 0.00 94350000
2 1 0.00 94400000
1 2 0.00 94400000
2 1 0.00 94450000
1 2 0.00 94450000
2 1 0.00 94500000
1 2 0.00 94500000
2 1 0.00 94550000
1 2 0.00 94550000
2 1 0.00 94600000
1 2 0.00 94600000
2 1 0.00 94650000
1 2 0.00 94650000
2 1 0.00 94700000
1 2 0.00 94700000
2 1 0.00 94750000
1 2 0.00 94750000
2 1 0.00 94800000
1 2 0.00 94800000
2 1 0.00 94850000
1 2 0.00 94850000
2 1 0.00 94900000
1 2 0.00 94900000
2 1 0.00 94950000
1 2 0.00 94950000
2 1 0.00 95000000
1 2 0.00 95000000
2 1 0.00 95050000
1 2 0.00 95050000
2 1 0.00 95100000
1 2 0.00 95100000
2 1 0.00 95150000
1 2 0.00 95150000
2 1 0.00 95200000
1 2 0.00 95200000
2 1 0.00 95250000
1 2 0.00 95250000
2 1 0.00 95300000
1 2 0.00 95300000
2 1 0.00 95350000
1 2 0.00 95350000
2 1 0.00 95400000
1 2 0.00 95400000
2 1 0.00 95450000
1 2 0.00 95450000
2 1 0.00 95500000
1 2 0.00 95500000
2 1 0.00 95550000
1 2 0.00 95550000
2 1 0.00 95600000
1 2 0.00 95600000
2 1 0.00 95650000
1 2 0.00 95650000
2 1 0.00 95700000
1 2 0.00 95700000
2 1 0.00 95750000
1 2 0.00 95750000
2 1 0.00 95800000
1 2 0.00 95800000
2 1 0.00 95850000
1 2 0.00 95850000
2 1 0.00 95900000
1 2 0.00 95900000
2 1 0.00 95950000
1 2 0.00 95950000
2 1 0.00 96000000
1 2 0.00 96000000
2 1 0.00 96050000
1 2 0.00 96050000
2 1 0.00 96100000
1 2 0.00 96100000
2 1 0.00 96150000
1 2 0.00 96150000
2 1 0.00 96200000
1 2 0.00 96200000
2 1 0.00 96250000
1 2 0.00 96250000
2 1 0.00 96300000
1 2 0.00 96300000
2 1 0.00 96350000
1 2 0.00 96350000
2 1 0.00 96400000
1 2 0.00 96400000
2 1 0.00 96450000
1 2 0.00 96450000
2 1 0.00 96500000
1 2 0.00 96500000
2 1 0.00 96550000
1 2 0.00 96550000
2 1 0.00 96600000
1 2 0.00 96600000
2 1 0.00 96650000
1 2 0.00 96650000
2 1 0.00 96700000
1 2 0.00 96700000
2 1 0.00 96750000
1 2 0.00 96750000
2 1 0.00 96800000
1 2 0.00 96800000
2 1 0.00 96850000
1 2 0.00 96850000
2 1 0.00 96900000
1 2 0.00 96900000
2 1 0.00 96950000
1 2 0.00 96950000
2 1 0.00 97000000
1 2 0.00 97000000
2 1 0.00 97050000
1 2 0.00 97050000
2 1 0.00 97100000
1 2 0.00 97100000
2 1 0.00 97150000
1 2 0.00 97150000
2 1 0.00 97200000
1 2 0.00 97200000
2 1 0.00 97250000
1 2 0.00 97250000
2 1 0.00 97300000
1 2 0.00 97300000
2 1 0.00 97350000
1 2 0.00 97350000
2 1 0.00 97400000
1 2 0.00 97400000
2 1 0.00 97450000
1 2 0.00 97450000
2 1 0.00 97500000
1 2 0.00 97500000
2 1 0.00 97550000
1 2 0.00 97550000
2 1 0.00 97600000
1 2 0.00 97600000
2 1 0.00 97650000
1 2 0.00 97650000
2 1 0.00 97700000
1 2 0.00 97700000
2 1 0.00 97750000
1 2 0.00 97750000
2 1 0.00 97800000
1 2 0.00 97800000
2 1 0.00 97850000
1 2 0.00 97850000
2 1 0.00 97900000
1 2 0.00 97900000
2 1 0.00 97950000
1 2 0.00 97950000
2 1 0.00 98000000
1 2 0.00 98000000
2 1 0.00 98050000
1 2 0.00 98050000
2 1 0.00 98100000
1 2 0.00 98100000
2 1 0.00 98150000
1 2 0.00 98150000
2 1 0.00 98200000
1 2 0.00 98200000
2 1 0.00 98250000
1 2 0.00 98250000
2 1 0.00 98300000
1 2 0.00 98300000
2 1 0.00 98350000
1 2 0.00 98350000
2 1 0.00 98400000
1 2 0.00 98400000
2 1 0.00 98450000
1 2 0.00 98450000
2 1 0.00 98500000
1 2 0.00 98500000
2 1 0.00 98550000
1 2 0.00 98550000
2 1 0.00 98600000
1 2 0.00 98600000
2 1 0.00 98650000
1 2 0.00 98650000
2 1 0.00 98700000
1 2 0.00 98700000
2 1 0.00 98750000
1 2 0.00 98750000
2 1 0.00 98800000
1 2 0.00 98800000
2 1 0.00 98850000
1 2 0.00 98850000
2 1 0.00 98900000
1 2 0.00 98900000
2 1 0.00 98950000
1 2 0.00 98950000
2 1 0.00 99000000
1 2 0.00 99000000
2 1 0.00 99050000
1 2 0.00 99050000
2 1 0.00 99100000
1 2 0.00 99100000
2 1 0.00 99150000
1 2 0.00 99150000
2 1 0.00 99200000
1 2 0.00 99200000
2 1 0.00 99250000
1 2 0.00 99250000
2 1 0.00 99300000
1 2 0.00 99300000
2 1 0.00 99350000
1 2 0.00 99350000
2 1 0.00 99400000
1 2 0.00 99400000
2 1 0.00 99450000
1 2 0.00 99450000
2 1 0.00 99500000
1 2 0.00 99500000
2 1 0.00 99550000
1 2 0.00 99550000
2 1 0.00 99600000
1 2 0.00 99600000
2 1 0.00 99650000
1 2 0.00 99650000
2 1 0.00 99700000
1 2 0.00 99700000
2 1 0.00 99750000
1 2 0.00 99750000
2 1 0.00 99800000
1 2 0.00 99800000
2 1 0.00 99850000
1 2 0.00 99850000
2 1 0.00 99900000
1 2 0.00 99900000
2 1 0.00 99950000
1 2 0.00 99950000
2 1 0.00 100000000
1 2 0.00 100000000
