1040150 7 1 3 2 3
1040150 7 1 4 2 3
1040485 7 1 2 2 3
1045163 5 1 2 1 3
1045163 6 1 2 1 3
1045498 4 1 2 1 3
1085977 5 1 1 2 3
1086312 6 1 1 2 3
1086647 4 1 1 2 3
1090990 1 0 1 1 3
1091325 2 0 1 1 3
1091660 0 0 1 1 3
1100450 7 1 3 3 3
1100785 7 1 4 3 3
1101120 7 1 2 3 3
1105463 5 1 2 0 3
1105798 6 1 2 0 3
1106133 4 1 2 0 3
1118863 5 1 1 3 3
1119198 6 1 1 3 3
1119533 4 1 1 3 3
1123876 1 0 1 0 3
1124211 2 0 1 0 3
1124546 0 0 1 0 3
1130563 7 1 3 2 3
1130898 7 1 4 2 3
1131233 7 1 2 2 3
1135576 5 1 2 1 3
1135911 6 1 2 1 3
1136246 4 1 2 1 3
1175087 5 1 1 2 3
1175757 6 1 1 2 3
1176427 4 1 1 2 3
1180100 1 0 1 1 3
1180770 2 0 1 1 3
1181440 0 0 1 1 3
1189560 7 1 3 3 3
1190230 7 1 4 3 3
1190900 7 1 2 3 3
1194573 5 1 2 0 3
1195243 6 1 2 0 3
1195913 4 1 2 0 3
1207973 5 1 1 3 3
1208643 6 1 1 3 3
1209313 4 1 1 3 3
1212986 1 0 1 0 3
1213656 2 0 1 0 3
1214326 0 0 1 0 3
1219673 7 1 3 2 3
1220343 7 1 4 2 3
1221013 7 1 2 2 3
1224686 5 1 2 1 3
1225356 6 1 2 1 3
1226026 4 1 2 1 3
1263527 5 1 1 2 3
1265202 6 1 1 2 3
1266877 4 1 1 2 3
1268540 1 0 1 1 3
1270215 2 0 1 1 3
1271890 0 0 1 1 3
1278000 7 1 3 3 3
1279675 7 1 4 3 3
1281350 7 1 2 3 3
1283013 5 1 2 0 3
1284688 6 1 2 0 3
1286363 4 1 2 0 3
1296413 5 1 1 3 3
1298088 6 1 1 3 3
1299763 4 1 1 3 3
1301426 1 0 1 0 3
1303101 2 0 1 0 3
1304776 0 0 1 0 3
1308113 7 1 3 2 3
1309788 7 1 4 2 3
1311463 7 1 2 2 3
1313126 5 1 2 1 3
1314801 6 1 2 1 3
1316476 4 1 2 1 3
1349957 5 1 1 2 3
1354647 6 1 1 2 3
1354970 1 0 1 1 3
1359337 4 1 1 2 3
1359660 2 0 1 1 3
1364350 0 0 1 1 3
1364430 7 1 3 3 3
1369120 7 1 4 3 3
1369443 5 1 2 0 3
1373810 7 1 2 3 3
1374133 6 1 2 0 3
1378823 4 1 2 0 3
1382843 5 1 1 3 3
1387533 6 1 1 3 3
1387856 1 0 1 0 3
1392223 4 1 1 3 3
1392546 2 0 1 0 3
1394543 7 1 3 2 3
1397236 0 0 1 0 3
1399233 7 1 4 2 3
1399556 5 1 2 1 3
1403923 7 1 2 2 3
1404246 6 1 2 1 3
1408936 4 1 2 1 3
1433037 5 1 1 2 3
1438050 1 0 1 1 3
1444092 6 1 1 2 3
1444830 7 1 3 3 3
1449105 2 0 1 1 3
1449843 5 1 2 0 3
1457827 4 1 1 2 3
1458565 7 1 4 3 3
1462840 0 0 1 1 3
1463578 6 1 2 0 3
1463913 5 1 1 3 3
1468926 1 0 1 0 3
1472300 7 1 2 3 3
1474943 7 1 3 2 3
1476978 6 1 1 3 3
1477313 4 1 2 0 3
1479956 5 1 2 1 3
1481991 2 0 1 0 3
1488678 7 1 4 2 3
1490713 4 1 1 3 3
1493691 6 1 2 1 3
1495726 0 0 1 0 3
1502413 7 1 2 2 3
1507426 4 1 2 1 3
1514510 7 1 3 3 3
1519523 5 1 2 0 3
1540572 6 1 1 2 3
1544325 7 1 4 3 3
1544623 7 1 3 2 3
1545585 2 0 1 1 3
1549338 6 1 2 0 3
1549636 5 1 2 1 3
1564413 6 1 1 3 3
1567775 7 1 2 3 3
1569426 2 0 1 0 3
1570387 4 1 1 2 3
1572788 4 1 2 0 3
1574438 7 1 4 2 3
1575400 0 0 1 1 3
1579451 6 1 2 1 3
1587863 4 1 1 3 3
1592876 0 0 1 0 3
1597590 7 1 3 3 3
1597888 7 1 2 2 3
1602603 5 1 2 0 3
1602901 4 1 2 1 3
1627405 7 1 4 3 3
1627703 7 1 3 2 3
1632418 6 1 2 0 3
1632716 5 1 2 1 3
1657220 7 1 2 3 3
1657518 7 1 4 2 3
1662233 4 1 2 0 3
1662531 6 1 2 1 3
1687035 7 1 3 3 3
1687333 7 1 2 2 3
1692048 5 1 2 0 3
1692346 4 1 2 1 3
1716850 7 1 4 3 3
1717148 7 1 3 2 3
1721863 6 1 2 0 3
1722161 5 1 2 1 3
1730182 5 1 1 2 3
1735195 1 0 1 1 3
1746665 7 1 2 3 3
1746963 7 1 4 2 3
1751678 4 1 2 0 3
1751976 6 1 2 1 3
1776480 7 1 3 3 3
1776778 7 1 2 2 3
1781493 5 1 2 0 3
1781791 4 1 2 1 3
1797238 5 1 1 3 3
1802251 1 0 1 0 3
1806295 7 1 4 3 3
1806593 7 1 3 2 3
1811308 6 1 2 0 3
1811606 5 1 2 1 3
1836110 7 1 2 3 3
1836408 7 1 4 2 3
1841123 4 1 2 0 3
1841421 6 1 2 1 3
1849442 6 1 1 2 3
1854455 2 0 1 1 3
1865925 7 1 3 3 3
1866223 7 1 2 2 3
1870938 5 1 2 0 3
1871236 4 1 2 1 3
1879257 4 1 1 2 3
1884270 0 0 1 1 3
1895740 7 1 4 3 3
1896038 7 1 3 2 3
1900753 6 1 2 0 3
1901051 5 1 2 1 3
1908737 5 1 1 2 3
1913750 1 0 1 1 3
1916498 6 1 1 3 3
1921511 2 0 1 0 3
1925555 7 1 2 3 3
1925853 7 1 4 2 3
1930568 4 1 2 0 3
1930866 6 1 2 1 3
1946313 4 1 1 3 3
1951326 0 0 1 0 3
1955370 7 1 3 3 3
1955668 7 1 2 2 3
1960383 5 1 2 0 3
1960681 4 1 2 1 3
1976463 5 1 1 3 3
1981476 1 0 1 0 3
1985185 7 1 4 3 3
1985483 7 1 3 2 3
1990198 6 1 2 0 3
1990496 5 1 2 1 3
2015000 7 1 2 3 3
2015298 7 1 4 2 3
2020013 4 1 2 0 3
2020311 6 1 2 1 3
2027997 6 1 1 2 3
2033010 2 0 1 1 3
2044815 7 1 3 3 3
2045113 7 1 2 2 3
2049828 5 1 2 0 3
2050126 4 1 2 1 3
2057812 4 1 1 2 3
2062825 0 0 1 1 3
2074630 7 1 4 3 3
2074928 7 1 3 2 3
2079643 6 1 2 0 3
2079941 5 1 2 1 3
2087627 5 1 1 2 3
2092640 1 0 1 1 3
2095723 6 1 1 3 3
2100736 2 0 1 0 3
2104445 7 1 2 3 3
2104743 7 1 4 2 3
2109458 4 1 2 0 3
2109756 6 1 2 1 3
2125538 4 1 1 3 3
2130551 0 0 1 0 3
2134260 7 1 3 3 3
2134558 7 1 2 2 3
2139273 5 1 2 0 3
2139571 4 1 2 1 3
2155353 5 1 1 3 3
2160366 1 0 1 0 3
2164075 7 1 4 3 3
2164373 7 1 3 2 3
2169088 6 1 2 0 3
2169386 5 1 2 1 3
2193890 7 1 2 3 3
2194188 7 1 4 2 3
2198903 4 1 2 0 3
2199201 6 1 2 1 3
2206887 6 1 1 2 3
2211900 2 0 1 1 3
2223705 7 1 3 3 3
2224003 7 1 2 2 3
2228718 5 1 2 0 3
2229016 4 1 2 1 3
2236702 4 1 1 2 3
2241715 0 0 1 1 3
2253520 7 1 4 3 3
2253818 7 1 3 2 3
2258533 6 1 2 0 3
2258831 5 1 2 1 3
2266517 5 1 1 2 3
2271530 1 0 1 1 3
2274613 6 1 1 3 3
2279626 2 0 1 0 3
2283335 7 1 2 3 3
2283633 7 1 4 2 3
2288348 4 1 2 0 3
2288646 6 1 2 1 3
2304428 4 1 1 3 3
2309441 0 0 1 0 3
2313150 7 1 3 3 3
2313448 7 1 2 2 3
2318163 5 1 2 0 3
2318461 4 1 2 1 3
2334243 5 1 1 3 3
2339256 1 0 1 0 3
2342965 7 1 4 3 3
2343263 7 1 3 2 3
2347978 6 1 2 0 3
2348276 5 1 2 1 3
2372780 7 1 2 3 3
2373078 7 1 4 2 3
2377793 4 1 2 0 3
2378091 6 1 2 1 3
2402595 7 1 3 3 3
2402893 7 1 2 2 3
2407608 5 1 2 0 3
2407906 4 1 2 1 3
2432410 7 1 4 3 3
2432708 7 1 3 2 3
2437423 6 1 2 0 3
2437721 5 1 2 1 3
2445407 5 1 1 2 3
2450420 1 0 1 1 3
2462225 7 1 2 3 3
2467238 4 1 2 0 3
2492040 7 1 3 3 3
2497053 5 1 2 0 3
2513133 5 1 1 3 3
2518146 1 0 1 0 3
2522153 7 1 3 2 3
2527166 5 1 2 1 3
2543965 7 1 3 3 3
2548978 5 1 2 0 3
2574078 7 1 3 2 3
2579091 5 1 2 1 3
2596895 7 1 3 3 3
2601908 5 1 2 0 3
