3 0 10000 103 102011648 97965956 66366002 17092510
12 0 10000 112 102011648 107683897 326857065 17092510
4 0 10000 104 102011648 107683897 329348432 17092510
17 0 10000 117 102011648 107683897 330551836 17092510
5 0 10000 105 102011648 107683897 330604597 17092510
15 0 10000 115 102011648 107683897 330685384 17092510
6 0 10000 106 102011648 107683897 331010892 17092510
9 0 10000 109 102011648 107683897 331047597 17092510
7 0 10000 107 102011648 107683897 332147307 17092510
11 0 10000 111 102011648 107683897 332417754 17092510
18 0 10000 118 102011648 107683897 333506077 17092510
13 0 10000 113 102011648 107683897 333987320 17092510
16 0 10000 116 102011648 107683897 334570665 17092510
14 0 10000 114 102011648 107683897 334760865 17092510
10 0 10000 110 102011648 107683897 335201828 17092510
8 0 10000 108 102011648 107683897 335354011 17092510
