3 0 10000 103 102011648 101266623 338172498 17092510
15 0 10000 115 102011648 102705956 337430419 17092510
4 0 10000 104 102011648 101266623 340074005 17092510
14 0 10000 114 102011648 102705956 340168573 17092510
10 0 10000 110 102011648 102577686 342772140 17092510
6 0 10000 106 102011648 102577686 343251539 17092510
9 0 10000 109 102011648 102577686 343860179 17092510
5 0 10000 105 102011648 102577686 344028854 17092510
8 0 10000 108 102011648 102577686 344124000 17092510
16 0 10000 116 102011648 102705956 344207977 17092510
12 0 10000 112 102011648 102705956 344261788 17092510
11 0 10000 111 102011648 102705956 344833535 17092510
7 0 10000 107 102011648 102577686 345183597 17092510
13 0 10000 113 102011648 102705956 345787012 17092510
17 0 10000 117 102011648 102705956 345836700 17092510
18 0 10000 118 102011648 102705956 346149437 17092510
