4 0 10000 104 102011648 104082584 322004770 17092510
3 0 10000 103 102011648 104016304 323020619 17092510
18 0 10000 118 102011648 107698441 335512602 17092510
11 0 10000 111 102011648 106444359 336883748 17092510
5 0 10000 105 102011648 104082584 340554097 17092510
17 0 10000 117 102011648 107698441 340036824 17092510
6 0 10000 106 102011648 106444359 341662551 17092510
15 0 10000 115 102011648 106444359 341961073 17092510
16 0 10000 116 102011648 107657433 341404171 17092510
12 0 10000 112 102011648 106444359 342952974 17092510
9 0 10000 109 102011648 106444359 343164127 17092510
13 0 10000 113 102011648 106444359 343703164 17092510
7 0 10000 107 102011648 106444359 344645581 17092510
10 0 10000 110 102011648 106444359 344801460 17092510
8 0 10000 108 102011648 106444359 344902835 17092510
14 0 10000 114 102011648 106444359 345204590 17092510
