5 0 10000 105 102011648 106220961 340871033 17092510
14 0 10000 114 102011648 107059956 340506112 17092510
3 0 10000 103 102011648 106220961 343194224 17092510
10 0 10000 110 102011648 107057810 342390467 17092510
17 0 10000 117 102011648 107059956 342592621 17092510
9 0 10000 109 102011648 106220961 343689687 17092510
11 0 10000 111 102011648 107057810 343306024 17092510
7 0 10000 107 102011648 106220961 344175597 17092510
15 0 10000 115 102011648 107059956 344815863 17092510
8 0 10000 108 102011648 106220961 346041721 17092510
12 0 10000 112 102011648 107057810 346143252 17092510
4 0 10000 104 102011648 106220961 347122490 17092510
6 0 10000 106 102011648 106220961 347168043 17092510
16 0 10000 116 102011648 107059956 346583522 17092510
13 0 10000 113 102011648 107057810 347217339 17092510
18 0 10000 118 102011648 107059956 347225889 17092510
