4 0 10000 104 102011648 106193304 329407657 17092510
3 0 10000 103 102011648 106193304 335525798 17092510
16 0 10000 116 102011648 108052015 340783570 17092510
6 0 10000 106 102011648 107514858 341681635 17092510
5 0 10000 105 102011648 106193304 344458262 17092510
11 0 10000 111 102011648 108052015 343220054 17092510
7 0 10000 107 102011648 108052015 343321197 17092510
8 0 10000 108 102011648 108052015 343856126 17092510
13 0 10000 113 102011648 108052015 344421191 17092510
15 0 10000 115 102011648 108052015 344998190 17092510
10 0 10000 110 102011648 108052015 345004108 17092510
18 0 10000 118 102011648 108052015 345455805 17092510
12 0 10000 112 102011648 108052015 345738242 17092510
9 0 10000 109 102011648 108052015 345846917 17092510
14 0 10000 114 102011648 108052015 346014588 17092510
17 0 10000 117 102011648 108052015 346386696 17092510
