3 0 10000 103 102011648 104382038 116958772 17092510
4 0 10000 104 102011648 112153769 328432340 17092510
6 0 10000 106 102011648 112153769 333876444 17092510
7 0 10000 107 102011648 112153769 335344472 17092510
12 0 10000 112 102011648 112153769 335436523 17092510
18 0 10000 118 102011648 112153769 335568187 17092510
17 0 10000 117 102011648 112153769 335620094 17092510
11 0 10000 111 102011648 112153769 335853633 17092510
9 0 10000 109 102011648 112153769 335955617 17092510
15 0 10000 115 102011648 112153769 336191657 17092510
5 0 10000 105 102011648 112153769 336576436 17092510
14 0 10000 114 102011648 112153769 336778940 17092510
10 0 10000 110 102011648 112153769 337378407 17092510
16 0 10000 116 102011648 112153769 337529716 17092510
8 0 10000 108 102011648 112153769 338125541 17092510
13 0 10000 113 102011648 112153769 338294559 17092510
