3 0 10000 103 102011648 102121592 328490632 17092510
6 0 10000 106 102011648 103343248 334631157 17092510
5 0 10000 105 102011648 103343248 334983809 17092510
4 0 10000 104 102011648 102121592 337735921 17092510
7 0 10000 107 102011648 103343248 337186982 17092510
8 0 10000 108 102011648 103343248 340531096 17092510
15 0 10000 115 102011648 108152390 338782949 17092510
9 0 10000 109 102011648 108152390 338899787 17092510
14 0 10000 114 102011648 108152390 340749963 17092510
17 0 10000 117 102011648 108152390 340787425 17092510
18 0 10000 118 102011648 108152390 340913025 17092510
11 0 10000 111 102011648 108152390 341088026 17092510
13 0 10000 113 102011648 108152390 341515230 17092510
16 0 10000 116 102011648 108152390 341520131 17092510
12 0 10000 112 102011648 108152390 342208343 17092510
10 0 10000 110 102011648 108152390 342422631 17092510
