3 0 10000 103 102011648 106499195 269060917 17092510
4 0 10000 104 102011648 106499195 311774713 17092510
6 0 10000 106 102011648 110194683 314844479 17092510
5 0 10000 105 102011648 106499195 325252666 17092510
7 0 10000 107 102011648 110194683 331356809 17092510
17 0 10000 117 102011648 120097876 329824812 17092510
14 0 10000 114 102011648 120097876 330190173 17092510
12 0 10000 112 102011648 120097876 331823957 17092510
18 0 10000 118 102011648 120097876 332411290 17092510
13 0 10000 113 102011648 120097876 332800939 17092510
16 0 10000 116 102011648 120097876 333441000 17092510
10 0 10000 110 102011648 120097876 334202289 17092510
9 0 10000 109 102011648 120097876 334238953 17092510
8 0 10000 108 102011648 120097876 334552916 17092510
11 0 10000 111 102011648 120097876 335275159 17092510
15 0 10000 115 102011648 120097876 335329190 17092510
