3 0 10000 103 102011648 98732710 92438050 17092510
7 0 10000 107 102011648 106536388 328187377 17092510
15 0 10000 115 102011648 106536388 328396364 17092510
6 0 10000 106 102011648 106536388 333204358 17092510
11 0 10000 111 102011648 106536388 334764690 17092510
10 0 10000 110 102011648 106536388 336032979 17092510
18 0 10000 118 102011648 106536388 336316748 17092510
9 0 10000 109 102011648 106536388 336584455 17092510
12 0 10000 112 102011648 106536388 337253266 17092510
14 0 10000 114 102011648 106536388 337341278 17092510
16 0 10000 116 102011648 106536388 337907972 17092510
4 0 10000 104 102011648 106536388 337946877 17092510
17 0 10000 117 102011648 106536388 338165500 17092510
5 0 10000 105 102011648 106536388 338181961 17092510
13 0 10000 113 102011648 106536388 338763983 17092510
8 0 10000 108 102011648 106536388 338776161 17092510
