3 0 10000 103 102011648 100594997 328752116 17092510
11 0 10000 111 102011648 101911545 335696169 17092510
8 0 10000 108 102011648 101911545 338974293 17092510
9 0 10000 109 102011648 101911545 340715487 17092510
6 0 10000 106 102011648 101300001 342252897 17092510
12 0 10000 112 102011648 101911545 342589461 17092510
4 0 10000 104 102011648 101300001 343393623 17092510
10 0 10000 110 102011648 101911545 343902560 17092510
7 0 10000 107 102011648 101911545 344090103 17092510
17 0 10000 117 102011648 106062174 340644259 17092510
5 0 10000 105 102011648 101300001 345629852 17092510
14 0 10000 114 102011648 106062174 341806384 17092510
16 0 10000 116 102011648 106062174 341848810 17092510
18 0 10000 118 102011648 106062174 342268032 17092510
15 0 10000 115 102011648 106062174 342519760 17092510
13 0 10000 113 102011648 106062174 342819870 17092510
