3 0 10000 103 102011648 104074955 166151894 17092510
5 0 10000 105 102011648 108876944 320980015 17092510
8 0 10000 108 102011648 108876944 321389570 17092510
4 0 10000 104 102011648 108876944 322921259 17092510
7 0 10000 107 102011648 108876944 323252152 17092510
6 0 10000 106 102011648 108876944 324211564 17092510
9 0 10000 109 102011648 108876944 326229941 17092510
10 0 10000 110 102011648 117857933 323707527 17092510
11 0 10000 111 102011648 132442713 316521368 17092510
18 0 10000 118 102011648 132442713 319598635 17092510
14 0 10000 114 102011648 132442713 319753280 17092510
15 0 10000 115 102011648 132442713 320555035 17092510
16 0 10000 116 102011648 132442713 320655190 17092510
12 0 10000 112 102011648 132442713 320864255 17092510
13 0 10000 113 102011648 132442713 320935361 17092510
17 0 10000 117 102011648 132442713 321059601 17092510
