4 0 10000 104 102011648 99089146 305617468 17092510
3 0 10000 103 102011648 99089146 316041005 17092510
10 0 10000 110 102011648 102965355 339440451 17092510
14 0 10000 114 102011648 102965355 339454640 17092510
16 0 10000 116 102011648 102965355 340143556 17092510
17 0 10000 117 102011648 102965355 340170903 17092510
11 0 10000 111 102011648 102965355 340560868 17092510
18 0 10000 118 102011648 102965355 340562729 17092510
5 0 10000 105 102011648 102965355 340702723 17092510
13 0 10000 113 102011648 102965355 341456417 17092510
15 0 10000 115 102011648 102965355 342567606 17092510
7 0 10000 107 102011648 102965355 343357320 17092510
8 0 10000 108 102011648 102965355 343430402 17092510
6 0 10000 106 102011648 102965355 343607027 17092510
12 0 10000 112 102011648 102965355 343620886 17092510
9 0 10000 109 102011648 102965355 344014299 17092510
