9 0 10000 109 102011648 103408098 338440964 17092510
5 0 10000 105 102011648 103408098 339808345 17092510
7 0 10000 107 102011648 103408098 340330625 17092510
3 0 10000 103 102011648 103408098 343823863 17092510
12 0 10000 112 102011648 103408098 344448551 17092510
4 0 10000 104 102011648 103408098 344520223 17092510
10 0 10000 110 102011648 103408098 344852459 17092510
6 0 10000 106 102011648 103408098 345019856 17092510
8 0 10000 108 102011648 103408098 345192423 17092510
17 0 10000 117 102011648 110428572 338835747 17092510
11 0 10000 111 102011648 103408098 346403870 17092510
18 0 10000 118 102011648 110428572 340928608 17092510
15 0 10000 115 102011648 110428572 341317902 17092510
16 0 10000 116 102011648 110428572 341859874 17092510
13 0 10000 113 102011648 107772589 344516514 17092510
14 0 10000 114 102011648 107772589 344971139 17092510
