4 0 10000 104 102011648 106236219 316330619 17092510
3 0 10000 103 102011648 106236219 326640406 17092510
14 0 10000 114 102011648 109542847 336117259 17092510
11 0 10000 111 102011648 109542847 339141413 17092510
10 0 10000 110 102011648 109542847 340079299 17092510
13 0 10000 113 102011648 109542847 340795212 17092510
18 0 10000 118 102011648 109542847 341131893 17092510
16 0 10000 116 102011648 109542847 341751669 17092510
7 0 10000 107 102011648 109542847 341819774 17092510
12 0 10000 112 102011648 109542847 342257086 17092510
5 0 10000 105 102011648 109542847 343311151 17092510
15 0 10000 115 102011648 109542847 343353766 17092510
17 0 10000 117 102011648 109542847 343735240 17092510
6 0 10000 106 102011648 109542847 344388954 17092510
9 0 10000 109 102011648 109542847 344562452 17092510
8 0 10000 108 102011648 109542847 344706082 17092510
