6 0 10000 106 102011648 101968765 334657570 17092510
5 0 10000 105 102011648 101853848 341083809 17092510
18 0 10000 118 102011648 106196642 337279947 17092510
8 0 10000 108 102011648 101968765 341774443 17092510
10 0 10000 110 102011648 106196642 338906778 17092510
9 0 10000 109 102011648 101968765 344204938 17092510
7 0 10000 107 102011648 101968765 344250625 17092510
4 0 10000 104 102011648 101853848 345376243 17092510
15 0 10000 115 102011648 106196642 341357601 17092510
14 0 10000 114 102011648 106196642 342064338 17092510
11 0 10000 111 102011648 106196642 342536942 17092510
16 0 10000 116 102011648 106196642 342657889 17092510
17 0 10000 117 102011648 106196642 343653778 17092510
13 0 10000 113 102011648 106196642 344204528 17092510
3 0 10000 103 102011648 101853848 348646501 17092510
12 0 10000 112 102011648 106196642 344397756 17092510
