10 0 10000 110 102011648 103169441 336064068 17092510
9 0 10000 109 102011648 103169441 341271970 17092510
6 0 10000 106 102011648 102751732 341781502 17092510
7 0 10000 107 102011648 102751732 344612313 17092510
13 0 10000 113 102011648 107489824 340894934 17092510
18 0 10000 118 102011648 107489824 341226327 17092510
5 0 10000 105 102011648 102664471 346286428 17092510
17 0 10000 117 102011648 107489824 341597596 17092510
4 0 10000 104 102011648 102664471 347124824 17092510
11 0 10000 111 102011648 103169441 346636016 17092510
8 0 10000 108 102011648 103169441 346799170 17092510
3 0 10000 103 102011648 102664471 347818340 17092510
12 0 10000 112 102011648 107172251 343673664 17092510
16 0 10000 116 102011648 107489824 343514429 17092510
15 0 10000 115 102011648 107489824 344126336 17092510
14 0 10000 114 102011648 107489824 344349175 17092510
