3 0 10000 103 102011648 102598906 332706642 17092510
7 0 10000 107 102011648 102598906 333684246 17092510
5 0 10000 105 102011648 102598906 339925679 17092510
14 0 10000 114 102011648 107124329 337808857 17092510
4 0 10000 104 102011648 102598906 343107367 17092510
8 0 10000 108 102011648 102633953 344729437 17092510
6 0 10000 106 102011648 102598906 345234356 17092510
17 0 10000 117 102011648 107124329 341056621 17092510
16 0 10000 116 102011648 107124329 342035940 17092510
18 0 10000 118 102011648 107124329 342448635 17092510
11 0 10000 111 102011648 107124329 343747854 17092510
15 0 10000 115 102011648 107124329 344512582 17092510
13 0 10000 113 102011648 107124329 344621625 17092510
10 0 10000 110 102011648 107124329 344810061 17092510
9 0 10000 109 102011648 107124329 345261022 17092510
12 0 10000 112 102011648 107124329 345407405 17092510
