10 0 10000 110 102011648 111101627 339377174 17092510
7 0 10000 107 102011648 111101627 341189635 17092510
9 0 10000 109 102011648 111101627 342337446 17092510
18 0 10000 118 102011648 113564491 340947725 17092510
11 0 10000 111 102011648 111101627 344584210 17092510
3 0 10000 103 102011648 111101627 344681619 17092510
17 0 10000 117 102011648 113564491 342599895 17092510
14 0 10000 114 102011648 113564491 343723334 17092510
12 0 10000 112 102011648 111101627 346747791 17092510
13 0 10000 113 102011648 113564491 344710633 17092510
15 0 10000 115 102011648 113564491 345398384 17092510
5 0 10000 105 102011648 111101627 348278525 17092510
6 0 10000 106 102011648 111101627 348281220 17092510
4 0 10000 104 102011648 111101627 348495970 17092510
16 0 10000 116 102011648 113564491 346392577 17092510
8 0 10000 108 102011648 111101627 349116570 17092510
