6 0 10000 106 102011648 103531361 332258902 17092510
3 0 10000 103 102011648 103531361 336549173 17092510
8 0 10000 108 102011648 106145144 335074997 17092510
11 0 10000 111 102011648 106595755 337170949 17092510
15 0 10000 115 102011648 106595755 340496914 17092510
5 0 10000 105 102011648 103531361 344472086 17092510
7 0 10000 107 102011648 103531361 344491552 17092510
4 0 10000 104 102011648 103531361 344662966 17092510
12 0 10000 112 102011648 106595755 341895045 17092510
14 0 10000 114 102011648 106595755 342112084 17092510
10 0 10000 110 102011648 106145144 342736341 17092510
13 0 10000 113 102011648 106595755 342630228 17092510
17 0 10000 117 102011648 117085934 333646734 17092510
18 0 10000 118 102011648 117085934 334184319 17092510
16 0 10000 116 102011648 111524582 339795973 17092510
9 0 10000 109 102011648 106145144 345486233 17092510
