3 0 10000 103 102011648 101325989 272470804 17092510
6 0 10000 106 102011648 102959156 333493725 17092510
14 0 10000 114 102011648 107552767 333696499 17092510
5 0 10000 105 102011648 102959156 338954607 17092510
15 0 10000 115 102011648 107552767 334423141 17092510
4 0 10000 104 102011648 102959156 339780789 17092510
9 0 10000 109 102011648 107552767 335201125 17092510
13 0 10000 113 102011648 107552767 338297281 17092510
18 0 10000 118 102011648 107784986 339729480 17092510
12 0 10000 112 102011648 107552767 340065413 17092510
8 0 10000 108 102011648 107552767 340231432 17092510
10 0 10000 110 102011648 107552767 340481989 17092510
11 0 10000 111 102011648 107552767 340938004 17092510
17 0 10000 117 102011648 107784986 340796743 17092510
16 0 10000 116 102011648 107784986 340900248 17092510
7 0 10000 107 102011648 107552767 341334974 17092510
