4 0 10000 104 102011648 104610682 266294065 17092510
3 0 10000 103 102011648 104610682 305004321 17092510
5 0 10000 105 102011648 105763197 328614108 17092510
6 0 10000 106 102011648 105763197 330764869 17092510
11 0 10000 111 102011648 114227057 333514972 17092510
13 0 10000 113 102011648 114227057 334557575 17092510
8 0 10000 108 102011648 114227057 335133779 17092510
18 0 10000 118 102011648 114227057 335717075 17092510
12 0 10000 112 102011648 114227057 335789395 17092510
16 0 10000 116 102011648 114227057 336297783 17092510
17 0 10000 117 102011648 114227057 336970166 17092510
9 0 10000 109 102011648 114227057 337312128 17092510
14 0 10000 114 102011648 114227057 337510387 17092510
7 0 10000 107 102011648 114227057 337908064 17092510
10 0 10000 110 102011648 114227057 338182685 17092510
15 0 10000 115 102011648 114227057 338505335 17092510
