3 0 10000 103 102011648 102346420 17969206 17092510
5 0 10000 105 102011648 114304066 323248285 17092510
17 0 10000 117 102011648 114304066 327083042 17092510
18 0 10000 118 102011648 114304066 329771133 17092510
16 0 10000 116 102011648 114304066 330012198 17092510
12 0 10000 112 102011648 114304066 330412718 17092510
14 0 10000 114 102011648 114304066 331069959 17092510
13 0 10000 113 102011648 114304066 331079285 17092510
15 0 10000 115 102011648 114304066 331683477 17092510
10 0 10000 110 102011648 114304066 331987163 17092510
9 0 10000 109 102011648 114304066 332441840 17092510
7 0 10000 107 102011648 114304066 333731558 17092510
4 0 10000 104 102011648 114304066 333994314 17092510
11 0 10000 111 102011648 114304066 334256291 17092510
6 0 10000 106 102011648 114304066 334266075 17092510
8 0 10000 108 102011648 114304066 334277083 17092510
