3 0 10000 103 102011648 102147341 262730118 17092510
16 0 10000 116 102011648 105612993 336790001 17092510
9 0 10000 109 102011648 105612993 337063522 17092510
11 0 10000 111 102011648 105612993 337586865 17092510
8 0 10000 108 102011648 105612993 338411836 17092510
18 0 10000 118 102011648 105612993 339902237 17092510
7 0 10000 107 102011648 105612993 340652560 17092510
13 0 10000 113 102011648 105612993 341182845 17092510
12 0 10000 112 102011648 105612993 341624530 17092510
4 0 10000 104 102011648 105497360 342205940 17092510
6 0 10000 106 102011648 105612993 342962290 17092510
15 0 10000 115 102011648 105612993 343325735 17092510
5 0 10000 105 102011648 105612993 343714832 17092510
14 0 10000 114 102011648 105612993 343994658 17092510
17 0 10000 117 102011648 105612993 344223999 17092510
10 0 10000 110 102011648 105612993 344312038 17092510
