3 0 10000 103 102011648 98779440 282528740 17092510
8 0 10000 108 102011648 101825714 337334996 17092510
9 0 10000 109 102011648 101911783 340392412 17092510
11 0 10000 111 102011648 101911783 340950073 17092510
5 0 10000 105 102011648 101249933 341700928 17092510
15 0 10000 115 102011648 102313280 340911056 17092510
6 0 10000 106 102011648 101825714 342264801 17092510
7 0 10000 107 102011648 101825714 342310143 17092510
4 0 10000 104 102011648 101249933 343053802 17092510
10 0 10000 110 102011648 101911783 342710511 17092510
13 0 10000 113 102011648 101911783 342981020 17092510
17 0 10000 117 102011648 102313280 342799097 17092510
16 0 10000 116 102011648 102313280 343209827 17092510
14 0 10000 114 102011648 102313280 343229322 17092510
12 0 10000 112 102011648 101911783 343989568 17092510
18 0 10000 118 102011648 102313280 343631225 17092510
