11 0 10000 111 102011648 105960846 332092398 17092510
6 0 10000 106 102011648 105593443 338058604 17092510
3 0 10000 103 102011648 105593443 340128884 17092510
7 0 10000 107 102011648 105593443 343405150 17092510
5 0 10000 105 102011648 105593443 343912508 17092510
4 0 10000 104 102011648 105593443 344089193 17092510
18 0 10000 118 102011648 109855413 340707193 17092510
12 0 10000 112 102011648 105960846 344787154 17092510
14 0 10000 114 102011648 105960846 346298362 17092510
16 0 10000 116 102011648 109855413 342782532 17092510
13 0 10000 113 102011648 105960846 346790803 17092510
10 0 10000 110 102011648 105960846 347561821 17092510
15 0 10000 115 102011648 109855413 343855213 17092510
9 0 10000 109 102011648 105593443 348366313 17092510
8 0 10000 108 102011648 105593443 348767790 17092510
17 0 10000 117 102011648 109855413 344604320 17092510
