10 0 10000 110 102011648 102670193 332382951 17092510
5 0 10000 105 102011648 102327824 337144905 17092510
17 0 10000 117 102011648 104437113 336855443 17092510
8 0 10000 108 102011648 102670193 340529980 17092510
3 0 10000 103 102011648 102128983 343111007 17092510
4 0 10000 104 102011648 102284670 344467723 17092510
11 0 10000 111 102011648 102670193 344211949 17092510
9 0 10000 109 102011648 102670193 345709340 17092510
6 0 10000 106 102011648 102670193 346367393 17092510
7 0 10000 107 102011648 102670193 346753403 17092510
18 0 10000 118 102011648 106347799 343431626 17092510
15 0 10000 115 102011648 104437113 345799941 17092510
12 0 10000 112 102011648 104437113 345852882 17092510
14 0 10000 114 102011648 104437113 346022998 17092510
16 0 10000 116 102011648 104437113 346397308 17092510
13 0 10000 113 102011648 104437113 346509631 17092510
