5 0 10000 105 102011648 106866121 284124477 17092510
3 0 10000 103 102011648 106461763 284973990 17092510
6 0 10000 106 102011648 106866121 316091841 17092510
4 0 10000 104 102011648 106866121 319747440 17092510
16 0 10000 116 102011648 119376183 331276353 17092510
9 0 10000 109 102011648 119376183 332204200 17092510
18 0 10000 118 102011648 119376183 332768459 17092510
14 0 10000 114 102011648 119376183 333214915 17092510
15 0 10000 115 102011648 119376183 333984216 17092510
12 0 10000 112 102011648 119376183 334361755 17092510
10 0 10000 110 102011648 119376183 334528964 17092510
17 0 10000 117 102011648 119376183 334778793 17092510
13 0 10000 113 102011648 119376183 335633703 17092510
8 0 10000 108 102011648 119376183 336060209 17092510
7 0 10000 107 102011648 119376183 336101779 17092510
11 0 10000 111 102011648 119376183 336344197 17092510
