3 0 10000 103 102011648 101622581 332263757 17092510
10 0 10000 110 102011648 102409840 340452875 17092510
11 0 10000 111 102011648 102409840 340986148 17092510
13 0 10000 113 102011648 102409840 342199300 17092510
16 0 10000 116 102011648 102409840 343748010 17092510
17 0 10000 117 102011648 107163668 339156173 17092510
14 0 10000 114 102011648 102409840 345042444 17092510
15 0 10000 115 102011648 102409840 345395408 17092510
12 0 10000 112 102011648 102409840 345468340 17092510
4 0 10000 104 102011648 102409840 345614259 17092510
6 0 10000 106 102011648 102409840 345882895 17092510
5 0 10000 105 102011648 102409840 346179359 17092510
8 0 10000 108 102011648 102409840 346526149 17092510
7 0 10000 107 102011648 102409840 347035517 17092510
9 0 10000 109 102011648 102409840 347099521 17092510
18 0 10000 118 102011648 107163668 342611513 17092510
