3 0 10000 103 102011648 103855371 202004946 17092510
5 0 10000 105 102011648 105426311 222109187 17092510
8 0 10000 108 102011648 105426311 223151329 17092510
6 0 10000 106 102011648 105426311 224183335 17092510
9 0 10000 109 102011648 105830431 223835052 17092510
4 0 10000 104 102011648 105426311 224855561 17092510
11 0 10000 111 102011648 106554508 224289733 17092510
7 0 10000 107 102011648 105426311 225899208 17092510
10 0 10000 110 102011648 105830431 225876659 17092510
12 0 10000 112 102011648 106554508 225996617 17092510
14 0 10000 114 102011648 721870422 118370711 17092510
17 0 10000 117 102011648 721870422 126099964 17092510
13 0 10000 113 102011648 721870422 130263958 17092510
18 0 10000 118 102011648 721870422 130785508 17092510
16 0 10000 116 102011648 721870422 133759556 17092510
15 0 10000 115 102011648 721870422 135245470 17092510
