3 0 10000 103 102011648 108773708 339887046 17092510
4 0 10000 104 102011648 108773708 342960663 17092510
6 0 10000 106 102011648 108773708 343041121 17092510
16 0 10000 116 102011648 108870029 343552741 17092510
7 0 10000 107 102011648 108773708 345382162 17092510
5 0 10000 105 102011648 108773708 345461036 17092510
15 0 10000 115 102011648 108870029 345670483 17092510
12 0 10000 112 102011648 108870029 346064349 17092510
8 0 10000 108 102011648 108773708 346187780 17092510
18 0 10000 118 102011648 108870029 346659661 17092510
17 0 10000 117 102011648 108870029 347233784 17092510
10 0 10000 110 102011648 108870029 347301875 17092510
14 0 10000 114 102011648 108870029 347404416 17092510
13 0 10000 113 102011648 108870029 347711625 17092510
9 0 10000 109 102011648 108870029 347838810 17092510
11 0 10000 111 102011648 108870029 347867824 17092510
