3 0 10000 103 102011648 98378897 111405771 17092510
5 0 10000 105 102011648 106817245 325066949 17092510
8 0 10000 108 102011648 107546568 328678073 17092510
18 0 10000 118 102011648 107546568 330565509 17092510
14 0 10000 114 102011648 107546568 332212949 17092510
9 0 10000 109 102011648 107546568 334866917 17092510
6 0 10000 106 102011648 106817245 336181095 17092510
16 0 10000 116 102011648 107546568 335902288 17092510
11 0 10000 111 102011648 107546568 335985534 17092510
7 0 10000 107 102011648 107546568 336479246 17092510
12 0 10000 112 102011648 107546568 336561134 17092510
10 0 10000 110 102011648 107546568 336790630 17092510
17 0 10000 117 102011648 107546568 336979734 17092510
4 0 10000 104 102011648 106817245 337849876 17092510
13 0 10000 113 102011648 107546568 337404096 17092510
15 0 10000 115 102011648 107546568 337508114 17092510
