4 0 10000 104 102011648 102849483 300725624 17092510
5 0 10000 105 102011648 104068518 323351940 17092510
3 0 10000 103 102011648 102849483 334171999 17092510
11 0 10000 111 102011648 106731653 332149867 17092510
8 0 10000 108 102011648 106731653 334181559 17092510
7 0 10000 107 102011648 106731653 334431806 17092510
10 0 10000 110 102011648 106731653 335526464 17092510
6 0 10000 106 102011648 104068518 338407379 17092510
9 0 10000 109 102011648 106731653 336223618 17092510
18 0 10000 118 102011648 119212627 330708823 17092510
14 0 10000 114 102011648 119212627 331530857 17092510
15 0 10000 115 102011648 119212627 332329812 17092510
17 0 10000 117 102011648 119212627 332794586 17092510
12 0 10000 112 102011648 119212627 333065104 17092510
13 0 10000 113 102011648 119212627 333406717 17092510
16 0 10000 116 102011648 119212627 333612237 17092510
