3 0 10000 103 102011648 107408285 343421178 17092510
5 0 10000 105 102011648 107408285 344326549 17092510
16 0 10000 116 102011648 107408285 344391740 17092510
4 0 10000 104 102011648 107408285 345120923 17092510
6 0 10000 106 102011648 107408285 346591201 17092510
18 0 10000 118 102011648 108340502 345680476 17092510
10 0 10000 110 102011648 107408285 346683919 17092510
13 0 10000 113 102011648 107408285 346894023 17092510
11 0 10000 111 102011648 107408285 347246985 17092510
7 0 10000 107 102011648 107408285 347466181 17092510
15 0 10000 115 102011648 107408285 347531202 17092510
14 0 10000 114 102011648 107408285 347798393 17092510
12 0 10000 112 102011648 107408285 347800807 17092510
8 0 10000 108 102011648 107408285 348706295 17092510
9 0 10000 109 102011648 107408285 348874385 17092510
17 0 10000 117 102011648 108340502 348489757 17092510
