10 0 10000 110 102011648 107526779 338822699 17092510
7 0 10000 107 102011648 107526779 343376258 17092510
8 0 10000 108 102011648 107526779 344063081 17092510
14 0 10000 114 102011648 107526779 345792439 17092510
6 0 10000 106 102011648 107526779 346105634 17092510
5 0 10000 105 102011648 107526779 346280533 17092510
3 0 10000 103 102011648 107526779 346333076 17092510
11 0 10000 111 102011648 107526779 346424953 17092510
16 0 10000 116 102011648 107526779 346982982 17092510
15 0 10000 115 102011648 107526779 347552950 17092510
13 0 10000 113 102011648 107526779 347770155 17092510
12 0 10000 112 102011648 107526779 347974961 17092510
17 0 10000 117 102011648 112122774 343556822 17092510
4 0 10000 104 102011648 107526779 348263025 17092510
9 0 10000 109 102011648 107526779 348428091 17092510
18 0 10000 118 102011648 112122774 344082318 17092510
