3 0 10000 103 102011648 98098993 242871015 17092510
4 0 10000 104 102011648 98850012 269868946 17092510
7 0 10000 107 102011648 105914354 301942340 17092510
5 0 10000 105 102011648 102421999 328437949 17092510
6 0 10000 106 102011648 105914354 330774425 17092510
12 0 10000 112 102011648 114265680 327066926 17092510
15 0 10000 115 102011648 114265680 327860668 17092510
8 0 10000 108 102011648 113411427 329071398 17092510
11 0 10000 111 102011648 114265680 329199389 17092510
9 0 10000 109 102011648 113411427 331479626 17092510
16 0 10000 116 102011648 114265680 331091662 17092510
10 0 10000 110 102011648 113411427 332422744 17092510
18 0 10000 118 102011648 114265680 331638962 17092510
17 0 10000 117 102011648 114265680 331963696 17092510
13 0 10000 113 102011648 114265680 332162748 17092510
14 0 10000 114 102011648 114265680 332430293 17092510
