4 0 10000 104 102011648 107408285 335098057 17092510
13 0 10000 113 102011648 108120441 336766121 17092510
11 0 10000 111 102011648 108120441 340482971 17092510
16 0 10000 116 102011648 108120441 340654945 17092510
9 0 10000 109 102011648 108120441 343223376 17092510
18 0 10000 118 102011648 108835936 344172050 17092510
10 0 10000 110 102011648 108120441 345464491 17092510
14 0 10000 114 102011648 108120441 345806395 17092510
6 0 10000 106 102011648 108120441 345820982 17092510
3 0 10000 103 102011648 107408285 346802857 17092510
12 0 10000 112 102011648 108120441 346744376 17092510
17 0 10000 117 102011648 108120441 347123707 17092510
15 0 10000 115 102011648 108120441 347183610 17092510
5 0 10000 105 102011648 108120441 347331645 17092510
8 0 10000 108 102011648 108120441 347422228 17092510
7 0 10000 107 102011648 108120441 347635874 17092510
