3 0 10000 103 102011648 98451853 314736029 17092510
4 0 10000 104 102011648 98451853 316171228 17092510
5 0 10000 105 102011648 98451853 337831701 17092510
8 0 10000 108 102011648 101946354 336107361 17092510
6 0 10000 106 102011648 101946354 338302609 17092510
7 0 10000 107 102011648 101946354 338450592 17092510
16 0 10000 116 102011648 104786873 337029368 17092510
10 0 10000 110 102011648 101946354 340130458 17092510
13 0 10000 113 102011648 104786873 338316239 17092510
17 0 10000 117 102011648 104786873 338916778 17092510
9 0 10000 109 102011648 101946354 342346553 17092510
18 0 10000 118 102011648 104786873 339879766 17092510
15 0 10000 115 102011648 104786873 340408724 17092510
14 0 10000 114 102011648 104786873 340720703 17092510
11 0 10000 111 102011648 104786873 340952012 17092510
12 0 10000 112 102011648 104786873 340965613 17092510
