3 0 10000 103 102011648 102407694 309850444 17092510
4 0 10000 104 102011648 102407694 310265595 17092510
8 0 10000 108 102011648 105639696 336785494 17092510
12 0 10000 112 102011648 107552767 336505660 17092510
14 0 10000 114 102011648 107552767 338238891 17092510
7 0 10000 107 102011648 105639696 341329155 17092510
13 0 10000 113 102011648 107552767 340455326 17092510
15 0 10000 115 102011648 107552767 341509702 17092510
16 0 10000 116 102011648 107552767 341928898 17092510
17 0 10000 117 102011648 107552767 342036810 17092510
18 0 10000 118 102011648 107552767 342534502 17092510
10 0 10000 110 102011648 107552767 342807702 17092510
6 0 10000 106 102011648 105639696 344778798 17092510
9 0 10000 109 102011648 107552767 343047508 17092510
5 0 10000 105 102011648 105639696 345098605 17092510
11 0 10000 111 102011648 107552767 343247468 17092510
