3 0 10000 103 102011648 102049112 55482651 17092510
4 0 10000 104 102011648 111637354 331323279 17092510
10 0 10000 110 102011648 111637354 331435923 17092510
6 0 10000 106 102011648 111637354 331552942 17092510
7 0 10000 107 102011648 111637354 331646871 17092510
12 0 10000 112 102011648 111637354 331739236 17092510
8 0 10000 108 102011648 111637354 332544419 17092510
11 0 10000 111 102011648 111637354 334041265 17092510
5 0 10000 105 102011648 111637354 335541579 17092510
9 0 10000 109 102011648 111637354 335706878 17092510
15 0 10000 115 102011648 111637354 335853740 17092510
13 0 10000 113 102011648 111637354 336149955 17092510
17 0 10000 117 102011648 111637354 336179069 17092510
14 0 10000 114 102011648 111637354 336359583 17092510
16 0 10000 116 102011648 111637354 336489959 17092510
18 0 10000 118 102011648 111637354 336675426 17092510
