4 0 10000 104 102011648 102382660 326323567 17092510
3 0 10000 103 102011648 102382660 337015740 17092510
7 0 10000 107 102011648 104632139 336801077 17092510
17 0 10000 117 102011648 106889963 336495094 17092510
6 0 10000 106 102011648 103588343 341649948 17092510
8 0 10000 108 102011648 105866909 340499881 17092510
15 0 10000 115 102011648 106472254 341701391 17092510
12 0 10000 112 102011648 105866909 342606712 17092510
9 0 10000 109 102011648 105866909 343257108 17092510
5 0 10000 105 102011648 103588343 345796453 17092510
11 0 10000 111 102011648 105866909 343775686 17092510
16 0 10000 116 102011648 106472254 343953785 17092510
13 0 10000 113 102011648 106472254 344239608 17092510
10 0 10000 110 102011648 105866909 345393359 17092510
18 0 10000 118 102011648 108579874 342879240 17092510
14 0 10000 114 102011648 106472254 345034663 17092510
