4 0 10000 104 102011648 105802536 289078750 17092510
3 0 10000 103 102011648 105526924 298578554 17092510
5 0 10000 105 102011648 109402657 331346024 17092510
6 0 10000 106 102011648 109402657 337274020 17092510
18 0 10000 118 102011648 115194082 331512986 17092510
13 0 10000 113 102011648 115194082 333452749 17092510
14 0 10000 114 102011648 115194082 335113758 17092510
9 0 10000 109 102011648 115194082 335690780 17092510
8 0 10000 108 102011648 112069130 339285548 17092510
7 0 10000 107 102011648 112069130 339445388 17092510
15 0 10000 115 102011648 115194082 336412115 17092510
10 0 10000 110 102011648 115194082 337305947 17092510
17 0 10000 117 102011648 115194082 337798601 17092510
11 0 10000 111 102011648 115194082 337799081 17092510
16 0 10000 116 102011648 115194082 338040545 17092510
12 0 10000 112 102011648 115194082 338297930 17092510
