3 0 10000 103 102011648 104130268 302997097 17092510
4 0 10000 104 102011648 105011940 326417909 17092510
6 0 10000 106 102011648 107227087 336573583 17092510
5 0 10000 105 102011648 105011940 339005913 17092510
7 0 10000 107 102011648 107227087 337303311 17092510
18 0 10000 118 102011648 114348173 330453304 17092510
8 0 10000 108 102011648 108346224 338178736 17092510
12 0 10000 112 102011648 109858513 339445309 17092510
10 0 10000 110 102011648 109190941 340780874 17092510
11 0 10000 111 102011648 109190941 340876267 17092510
13 0 10000 113 102011648 114348173 336136966 17092510
14 0 10000 114 102011648 114348173 336469845 17092510
9 0 10000 109 102011648 109190941 341956466 17092510
15 0 10000 115 102011648 114348173 337263717 17092510
16 0 10000 116 102011648 114348173 337264161 17092510
17 0 10000 117 102011648 114348173 337690485 17092510
