12 0 10000 112 102011648 104473114 340771910 17092510
16 0 10000 116 102011648 104473114 341159440 17092510
17 0 10000 117 102011648 104473114 343728091 17092510
14 0 10000 114 102011648 104473114 344031543 17092510
9 0 10000 109 102011648 104173899 344814198 17092510
4 0 10000 104 102011648 104173899 346038788 17092510
18 0 10000 118 102011648 104473114 346470808 17092510
7 0 10000 107 102011648 104173899 346925466 17092510
11 0 10000 111 102011648 104473114 346633226 17092510
13 0 10000 113 102011648 104473114 346746953 17092510
8 0 10000 108 102011648 104173899 347435954 17092510
6 0 10000 106 102011648 104173899 347597565 17092510
15 0 10000 115 102011648 104473114 347588937 17092510
3 0 10000 103 102011648 104173899 348209754 17092510
5 0 10000 105 102011648 104173899 348297655 17092510
10 0 10000 110 102011648 104473114 348315383 17092510
