4 0 10000 104 102011648 99019527 308219017 17092510
3 0 10000 103 102011648 99019527 309072195 17092510
5 0 10000 105 102011648 102477312 322410372 17092510
8 0 10000 108 102011648 102477312 327891387 17092510
6 0 10000 106 102011648 102477312 334658651 17092510
9 0 10000 109 102011648 107141495 332980926 17092510
7 0 10000 107 102011648 102477312 339296831 17092510
16 0 10000 116 102011648 110305071 331574856 17092510
18 0 10000 118 102011648 110305071 332086897 17092510
17 0 10000 117 102011648 110305071 333635919 17092510
13 0 10000 113 102011648 110305071 334981270 17092510
11 0 10000 111 102011648 110305071 336249572 17092510
15 0 10000 115 102011648 110305071 336754595 17092510
10 0 10000 110 102011648 110305071 337002948 17092510
14 0 10000 114 102011648 110305071 337067051 17092510
12 0 10000 112 102011648 110305071 337182580 17092510
