3 0 10000 103 102011648 101268530 325217925 17092510
13 0 10000 113 102011648 103634834 333828382 17092510
5 0 10000 105 102011648 101288080 338822229 17092510
14 0 10000 114 102011648 103634834 337893996 17092510
8 0 10000 108 102011648 103634834 339253899 17092510
4 0 10000 104 102011648 101288080 343087535 17092510
18 0 10000 118 102011648 106338263 338994588 17092510
11 0 10000 111 102011648 103634834 342601183 17092510
12 0 10000 112 102011648 103634834 342966337 17092510
7 0 10000 107 102011648 103634834 343293147 17092510
6 0 10000 106 102011648 102249146 345309774 17092510
17 0 10000 117 102011648 106338263 341300873 17092510
15 0 10000 115 102011648 106338263 341956012 17092510
10 0 10000 110 102011648 103634834 344779487 17092510
16 0 10000 116 102011648 106338263 342432979 17092510
9 0 10000 109 102011648 103634834 345420240 17092510
