4 0 10000 104 102011648 106145620 318062836 17092510
3 0 10000 103 102011648 106145620 318513587 17092510
6 0 10000 106 102011648 109126091 334548986 17092510
15 0 10000 115 102011648 109126091 337979965 17092510
9 0 10000 109 102011648 109126091 338661504 17092510
8 0 10000 108 102011648 109126091 339924793 17092510
16 0 10000 116 102011648 109126091 340053659 17092510
13 0 10000 113 102011648 109126091 340286390 17092510
5 0 10000 105 102011648 109126091 340309442 17092510
12 0 10000 112 102011648 109126091 342232266 17092510
10 0 10000 110 102011648 109126091 342499912 17092510
7 0 10000 107 102011648 109126091 343264542 17092510
14 0 10000 114 102011648 109126091 344318943 17092510
11 0 10000 111 102011648 109126091 344535694 17092510
17 0 10000 117 102011648 123340607 330471003 17092510
18 0 10000 118 102011648 123340607 330633802 17092510
