7 0 10000 107 102011648 105720043 341317247 17092510
5 0 10000 105 102011648 105720043 341481002 17092510
3 0 10000 103 102011648 105720043 341736807 17092510
8 0 10000 108 102011648 105720043 343783223 17092510
17 0 10000 117 102011648 108148336 341927978 17092510
9 0 10000 109 102011648 105720043 344505072 17092510
6 0 10000 106 102011648 105720043 345495723 17092510
18 0 10000 118 102011648 108148336 343073228 17092510
10 0 10000 110 102011648 105720043 345539424 17092510
14 0 10000 114 102011648 108148336 343380045 17092510
12 0 10000 112 102011648 108148336 343668157 17092510
4 0 10000 104 102011648 105720043 346229283 17092510
16 0 10000 116 102011648 108148336 344632786 17092510
13 0 10000 113 102011648 108148336 344678886 17092510
15 0 10000 115 102011648 108148336 345078033 17092510
11 0 10000 111 102011648 108148336 345281347 17092510
