12 0 10000 112 102011648 102854729 339091742 17092510
15 0 10000 115 102011648 102854729 339183702 17092510
6 0 10000 106 102011648 102777004 341967548 17092510
17 0 10000 117 102011648 103041410 341812895 17092510
3 0 10000 103 102011648 102492571 344784993 17092510
7 0 10000 107 102011648 102777004 344537706 17092510
5 0 10000 105 102011648 102777004 345618480 17092510
16 0 10000 116 102011648 102854729 345645506 17092510
4 0 10000 104 102011648 102492571 346025095 17092510
11 0 10000 111 102011648 102854729 345726784 17092510
10 0 10000 110 102011648 102854729 346096876 17092510
8 0 10000 108 102011648 102777004 346820635 17092510
18 0 10000 118 102011648 103041410 346736040 17092510
9 0 10000 109 102011648 102854729 347205564 17092510
14 0 10000 114 102011648 102854729 347220157 17092510
13 0 10000 113 102011648 102854729 347658761 17092510
