3 0 10000 103 102011648 102461815 268750886 17092510
7 0 10000 107 102011648 105455637 332216387 17092510
14 0 10000 114 102011648 106664419 334005387 17092510
5 0 10000 105 102011648 105455637 336495547 17092510
13 0 10000 113 102011648 106664419 338511719 17092510
4 0 10000 104 102011648 105455637 339835097 17092510
10 0 10000 110 102011648 105455637 340245930 17092510
8 0 10000 108 102011648 105455637 340670981 17092510
12 0 10000 112 102011648 106664419 340429993 17092510
6 0 10000 106 102011648 105455637 342966453 17092510
9 0 10000 109 102011648 105455637 343062399 17092510
16 0 10000 116 102011648 115133047 333810530 17092510
11 0 10000 111 102011648 105455637 343877411 17092510
17 0 10000 117 102011648 115133047 334277794 17092510
15 0 10000 115 102011648 115133047 335026116 17092510
18 0 10000 118 102011648 115133047 335390107 17092510
