3 0 10000 103 102011648 102473021 185058920 17092510
4 0 10000 104 102011648 105628729 280261108 17092510
16 0 10000 116 102011648 113701344 328640272 17092510
7 0 10000 107 102011648 113701344 328758831 17092510
9 0 10000 109 102011648 113701344 331696945 17092510
15 0 10000 115 102011648 113701344 331996955 17092510
11 0 10000 111 102011648 113701344 332123190 17092510
5 0 10000 105 102011648 105628729 340378166 17092510
8 0 10000 108 102011648 113701344 332362247 17092510
12 0 10000 112 102011648 113701344 332629298 17092510
18 0 10000 118 102011648 113701344 333164459 17092510
13 0 10000 113 102011648 113701344 333636928 17092510
10 0 10000 110 102011648 113701344 334159457 17092510
14 0 10000 114 102011648 113701344 334367189 17092510
17 0 10000 117 102011648 113701344 334896797 17092510
6 0 10000 106 102011648 113701344 335071086 17092510
