3 0 10000 103 102011648 104191065 300724220 17092510
4 0 10000 104 102011648 104191065 301417035 17092510
8 0 10000 108 102011648 109141350 333587907 17092510
6 0 10000 106 102011648 109141350 336541643 17092510
11 0 10000 111 102011648 109141350 337225394 17092510
15 0 10000 115 102011648 109141350 337784263 17092510
13 0 10000 113 102011648 109141350 340089286 17092510
9 0 10000 109 102011648 109141350 340178535 17092510
7 0 10000 107 102011648 109141350 340319360 17092510
12 0 10000 112 102011648 109141350 340344907 17092510
10 0 10000 110 102011648 109141350 340543723 17092510
16 0 10000 116 102011648 109141350 340625462 17092510
5 0 10000 105 102011648 109141350 341613612 17092510
17 0 10000 117 102011648 109141350 341646437 17092510
14 0 10000 114 102011648 109141350 342080234 17092510
18 0 10000 118 102011648 109141350 342317006 17092510
