4 0 10000 104 102011648 112688541 335697550 17092510
8 0 10000 108 102011648 112688541 338430406 17092510
3 0 10000 103 102011648 112688541 339524133 17092510
11 0 10000 111 102011648 115475178 338890718 17092510
9 0 10000 109 102011648 112688541 343372074 17092510
10 0 10000 110 102011648 115475178 340595702 17092510
5 0 10000 105 102011648 112688541 343449061 17092510
14 0 10000 114 102011648 117946386 338671872 17092510
18 0 10000 118 102011648 119189262 339005293 17092510
6 0 10000 106 102011648 112688541 345664526 17092510
17 0 10000 117 102011648 119189262 339471547 17092510
15 0 10000 115 102011648 117946386 341400348 17092510
7 0 10000 107 102011648 112688541 347336606 17092510
12 0 10000 112 102011648 117946386 342243984 17092510
16 0 10000 116 102011648 119189262 341576058 17092510
13 0 10000 113 102011648 117946386 342875982 17092510
