11 0 10000 111 102011648 105341196 330770519 17092510
7 0 10000 107 102011648 105341196 335465893 17092510
4 0 10000 104 102011648 104993582 338550972 17092510
6 0 10000 106 102011648 105341196 340594677 17092510
13 0 10000 113 102011648 105341196 341171777 17092510
8 0 10000 108 102011648 105341196 342705787 17092510
3 0 10000 103 102011648 104993582 344656121 17092510
10 0 10000 110 102011648 105341196 344956523 17092510
5 0 10000 105 102011648 105341196 346310114 17092510
15 0 10000 115 102011648 110818148 341279593 17092510
9 0 10000 109 102011648 105341196 347358987 17092510
14 0 10000 114 102011648 110818148 342107908 17092510
12 0 10000 112 102011648 105341196 347879141 17092510
17 0 10000 117 102011648 110818148 342612469 17092510
18 0 10000 118 102011648 110818148 342738447 17092510
16 0 10000 116 102011648 110818148 343033925 17092510
