4 0 10000 104 102011648 102290869 338977837 17092510
7 0 10000 107 102011648 102510452 340846503 17092510
6 0 10000 106 102011648 102290869 341143343 17092510
8 0 10000 108 102011648 102510452 341312758 17092510
17 0 10000 117 102011648 105596066 338493557 17092510
5 0 10000 105 102011648 102290869 343064051 17092510
12 0 10000 112 102011648 105530977 340807169 17092510
3 0 10000 103 102011648 102290869 345106419 17092510
15 0 10000 115 102011648 105596066 342689634 17092510
16 0 10000 116 102011648 105596066 343663761 17092510
9 0 10000 109 102011648 102510452 347384130 17092510
11 0 10000 111 102011648 105530977 344732162 17092510
14 0 10000 114 102011648 105596066 344768617 17092510
10 0 10000 110 102011648 105530977 345116839 17092510
18 0 10000 118 102011648 105596066 345226274 17092510
13 0 10000 113 102011648 105530977 345315380 17092510
