3 0 10000 103 102011648 56008577 17128356 17092510
4 0 10000 104 102011648 106210709 177563964 17092510
13 0 10000 113 102011648 112303972 311867195 17092510
12 0 10000 112 102011648 112303972 313263043 17092510
14 0 10000 114 102011648 112303972 313484223 17092510
17 0 10000 117 102011648 112303972 319308820 17092510
9 0 10000 109 102011648 112303972 320227280 17092510
7 0 10000 107 102011648 112303972 320586601 17092510
11 0 10000 111 102011648 112303972 320625163 17092510
15 0 10000 115 102011648 112303972 320708797 17092510
6 0 10000 106 102011648 112303972 320810521 17092510
5 0 10000 105 102011648 112303972 321229149 17092510
18 0 10000 118 102011648 112303972 321443099 17092510
10 0 10000 110 102011648 112303972 321527793 17092510
16 0 10000 116 102011648 112303972 321732881 17092510
8 0 10000 108 102011648 112303972 321846189 17092510
