4 0 10000 104 102011648 107744694 280088218 17092510
3 0 10000 103 102011648 107744694 292686876 17092510
15 0 10000 115 102011648 113924265 333242707 17092510
12 0 10000 112 102011648 113924265 334443014 17092510
7 0 10000 107 102011648 113924265 335772716 17092510
5 0 10000 105 102011648 113924265 337494429 17092510
13 0 10000 113 102011648 113924265 338164361 17092510
16 0 10000 116 102011648 113924265 338443780 17092510
14 0 10000 114 102011648 113924265 338776322 17092510
11 0 10000 111 102011648 113924265 339299807 17092510
17 0 10000 117 102011648 113924265 339480865 17092510
18 0 10000 118 102011648 113924265 339734433 17092510
8 0 10000 108 102011648 113924265 339993473 17092510
10 0 10000 110 102011648 113924265 340148539 17092510
9 0 10000 109 102011648 113924265 340450155 17092510
6 0 10000 106 102011648 113924265 340901339 17092510
