3 0 10000 103 102011648 103502035 214219939 17092510
10 0 10000 110 102011648 108050585 336947539 17092510
14 0 10000 114 102011648 110936880 335660288 17092510
13 0 10000 113 102011648 110936880 336068662 17092510
16 0 10000 116 102011648 110936880 336226038 17092510
9 0 10000 109 102011648 108050585 339302475 17092510
6 0 10000 106 102011648 108050585 339313432 17092510
7 0 10000 107 102011648 108050585 339500087 17092510
4 0 10000 104 102011648 108050585 339676857 17092510
11 0 10000 111 102011648 110936880 336892014 17092510
8 0 10000 108 102011648 108050585 340064131 17092510
12 0 10000 112 102011648 110936880 338218887 17092510
15 0 10000 115 102011648 110936880 338584223 17092510
5 0 10000 105 102011648 108050585 341827284 17092510
17 0 10000 117 102011648 110936880 339351538 17092510
18 0 10000 118 102011648 110936880 339455511 17092510
