3 0 10000 103 102011648 101772308 299230221 17092510
5 0 10000 105 102011648 102060318 308745993 17092510
9 0 10000 109 102011648 106140137 334509710 17092510
7 0 10000 107 102011648 106140137 337592272 17092510
10 0 10000 110 102011648 106140137 339024597 17092510
12 0 10000 112 102011648 106140137 339285676 17092510
15 0 10000 115 102011648 112028360 334504131 17092510
6 0 10000 106 102011648 106140137 340752792 17092510
4 0 10000 104 102011648 102060318 344861111 17092510
11 0 10000 111 102011648 106140137 342074094 17092510
13 0 10000 113 102011648 107890368 340619096 17092510
18 0 10000 118 102011648 112028360 336885376 17092510
14 0 10000 114 102011648 112028360 337361106 17092510
8 0 10000 108 102011648 106140137 343274732 17092510
16 0 10000 116 102011648 112028360 337547147 17092510
17 0 10000 117 102011648 112028360 337842249 17092510
