8 0 10000 108 102011648 103919983 339371309 17092510
13 0 10000 113 102011648 105858326 338316955 17092510
15 0 10000 115 102011648 105858326 341928097 17092510
6 0 10000 106 102011648 103919983 343882247 17092510
5 0 10000 105 102011648 103919983 344630520 17092510
18 0 10000 118 102011648 105858326 342764110 17092510
14 0 10000 114 102011648 105858326 343466122 17092510
7 0 10000 107 102011648 103919983 345708005 17092510
16 0 10000 116 102011648 105858326 344214990 17092510
11 0 10000 111 102011648 105858326 344229996 17092510
3 0 10000 103 102011648 103919983 346522077 17092510
4 0 10000 104 102011648 103919983 346981231 17092510
9 0 10000 109 102011648 103919983 347655155 17092510
17 0 10000 117 102011648 105858326 345979761 17092510
12 0 10000 112 102011648 105858326 346010561 17092510
10 0 10000 110 102011648 105858326 346244403 17092510
