3 0 10000 103 102011648 95724821 247370905 17092510
4 0 10000 104 102011648 95724821 248988809 17092510
15 0 10000 115 102011648 106268167 327653514 17092510
10 0 10000 110 102011648 106268167 328337290 17092510
5 0 10000 105 102011648 106268167 330398582 17092510
9 0 10000 109 102011648 106268167 330724721 17092510
17 0 10000 117 102011648 106268167 332424903 17092510
16 0 10000 116 102011648 106268167 333194852 17092510
7 0 10000 107 102011648 106268167 333565078 17092510
13 0 10000 113 102011648 106268167 333656922 17092510
8 0 10000 108 102011648 106268167 334732866 17092510
11 0 10000 111 102011648 106268167 334741956 17092510
14 0 10000 114 102011648 106268167 335524417 17092510
6 0 10000 106 102011648 106268167 335626664 17092510
18 0 10000 118 102011648 106268167 335891847 17092510
12 0 10000 112 102011648 106268167 336127720 17092510
