3 0 10000 103 102011648 99170446 261084162 17092510
6 0 10000 106 102011648 102036715 333385490 17092510
4 0 10000 104 102011648 101376295 334477824 17092510
11 0 10000 111 102011648 107509613 330247108 17092510
5 0 10000 105 102011648 102036715 335849153 17092510
17 0 10000 117 102011648 107509613 333218546 17092510
8 0 10000 108 102011648 106475592 337750089 17092510
15 0 10000 115 102011648 107509613 336943843 17092510
7 0 10000 107 102011648 102036715 342792042 17092510
18 0 10000 118 102011648 107509613 338479489 17092510
14 0 10000 114 102011648 107509613 338889845 17092510
9 0 10000 109 102011648 107509613 338996698 17092510
16 0 10000 116 102011648 107509613 339627405 17092510
12 0 10000 112 102011648 107509613 339928408 17092510
13 0 10000 113 102011648 107509613 340037416 17092510
10 0 10000 110 102011648 107509613 340341071 17092510
