8 0 10000 108 102011648 100863457 339381247 17092510
5 0 10000 105 102011648 100863457 341272082 17092510
4 0 10000 104 102011648 100863457 341658663 17092510
6 0 10000 106 102011648 100863457 343588796 17092510
13 0 10000 113 102011648 104943752 339852534 17092510
3 0 10000 103 102011648 100863457 344982987 17092510
12 0 10000 112 102011648 104943752 341436352 17092510
7 0 10000 107 102011648 100863457 346847780 17092510
14 0 10000 114 102011648 104943752 343095595 17092510
9 0 10000 109 102011648 100863457 347237312 17092510
18 0 10000 118 102011648 104943752 343166757 17092510
10 0 10000 110 102011648 104354620 344493959 17092510
15 0 10000 115 102011648 104943752 344027524 17092510
11 0 10000 111 102011648 104943752 344070395 17092510
17 0 10000 117 102011648 104943752 344405931 17092510
16 0 10000 116 102011648 104943752 344723253 17092510
