3 0 10000 103 102011648 106184721 330352260 17092510
8 0 10000 108 102011648 106184721 335549630 17092510
6 0 10000 106 102011648 106184721 335632587 17092510
4 0 10000 104 102011648 106184721 339343783 17092510
9 0 10000 109 102011648 106184721 341407037 17092510
5 0 10000 105 102011648 106184721 341575403 17092510
10 0 10000 110 102011648 109157085 339379464 17092510
12 0 10000 112 102011648 109157085 341517106 17092510
11 0 10000 111 102011648 109157085 343747486 17092510
17 0 10000 117 102011648 109157085 343966510 17092510
15 0 10000 115 102011648 109157085 344344228 17092510
18 0 10000 118 102011648 109157085 344594521 17092510
7 0 10000 107 102011648 106184721 347613632 17092510
13 0 10000 113 102011648 109157085 344731787 17092510
16 0 10000 116 102011648 109157085 345049537 17092510
14 0 10000 114 102011648 109157085 345362160 17092510
