3 0 10000 103 102011648 97011805 233162750 17092510
5 0 10000 105 102011648 101248503 311925842 17092510
4 0 10000 104 102011648 100330114 332562707 17092510
7 0 10000 107 102011648 105073452 332502880 17092510
13 0 10000 113 102011648 105343580 333713902 17092510
8 0 10000 108 102011648 105073452 334862057 17092510
11 0 10000 111 102011648 105073452 335381947 17092510
17 0 10000 117 102011648 105343580 335581489 17092510
15 0 10000 115 102011648 105343580 335622097 17092510
12 0 10000 112 102011648 105343580 336061264 17092510
18 0 10000 118 102011648 110085011 332171892 17092510
6 0 10000 106 102011648 105073452 338403317 17092510
9 0 10000 109 102011648 105073452 338809915 17092510
10 0 10000 110 102011648 105073452 339073751 17092510
14 0 10000 114 102011648 105343580 339116368 17092510
16 0 10000 116 102011648 105343580 339141712 17092510
