3 0 10000 103 102011648 102931499 307453070 17092510
4 0 10000 104 102011648 103821039 335616917 17092510
11 0 10000 111 102011648 105336428 339227372 17092510
8 0 10000 108 102011648 105336428 339694916 17092510
7 0 10000 107 102011648 105336428 340249295 17092510
16 0 10000 116 102011648 105336428 341528753 17092510
17 0 10000 117 102011648 105336428 342354290 17092510
5 0 10000 105 102011648 103821039 344511749 17092510
10 0 10000 110 102011648 105336428 343078495 17092510
15 0 10000 115 102011648 105336428 343531297 17092510
12 0 10000 112 102011648 105336428 343765502 17092510
9 0 10000 109 102011648 105336428 344196780 17092510
14 0 10000 114 102011648 105336428 344451451 17092510
18 0 10000 118 102011648 105336428 344834947 17092510
13 0 10000 113 102011648 105336428 345072766 17092510
6 0 10000 106 102011648 105169773 345412651 17092510
