4 0 10000 104 102011648 102502823 302564725 17092510
3 0 10000 103 102011648 102042675 314744585 17092510
7 0 10000 107 102011648 104305506 329908426 17092510
5 0 10000 105 102011648 103436470 332740945 17092510
13 0 10000 113 102011648 110995531 333812601 17092510
6 0 10000 106 102011648 103756666 341645937 17092510
18 0 10000 118 102011648 110995531 334990755 17092510
12 0 10000 112 102011648 110995531 336011456 17092510
10 0 10000 110 102011648 110995531 336220898 17092510
9 0 10000 109 102011648 110995531 336290577 17092510
17 0 10000 117 102011648 110995531 336500282 17092510
16 0 10000 116 102011648 110995531 337306328 17092510
14 0 10000 114 102011648 110995531 337700183 17092510
15 0 10000 115 102011648 110995531 338159023 17092510
8 0 10000 108 102011648 110995531 338894659 17092510
11 0 10000 111 102011648 110995531 339024676 17092510
