3 0 10000 103 102011648 102898598 17526456 17092510
9 0 10000 109 102011648 118447781 320431610 17092510
15 0 10000 115 102011648 118447781 324691709 17092510
6 0 10000 106 102011648 118447781 325352452 17092510
18 0 10000 118 102011648 118447781 327299064 17092510
5 0 10000 105 102011648 118447781 327339929 17092510
17 0 10000 117 102011648 118447781 327769190 17092510
8 0 10000 108 102011648 118447781 328557979 17092510
10 0 10000 110 102011648 118447781 329147390 17092510
12 0 10000 112 102011648 118447781 329407613 17092510
16 0 10000 116 102011648 118447781 329793032 17092510
11 0 10000 111 102011648 118447781 330076739 17092510
7 0 10000 107 102011648 118447781 330367464 17092510
14 0 10000 114 102011648 118447781 330763481 17092510
4 0 10000 104 102011648 118447781 330859683 17092510
13 0 10000 113 102011648 118447781 331261224 17092510
