4 0 10000 104 102011648 98454714 270554424 17092510
3 0 10000 103 102011648 98454714 277966351 17092510
7 0 10000 107 102011648 106472969 330466760 17092510
15 0 10000 115 102011648 106763601 331253935 17092510
18 0 10000 118 102011648 106763601 332355429 17092510
16 0 10000 116 102011648 106763601 335023084 17092510
9 0 10000 109 102011648 106472969 335419434 17092510
10 0 10000 110 102011648 106472969 335691689 17092510
5 0 10000 105 102011648 106472969 336928590 17092510
11 0 10000 111 102011648 106472969 337052983 17092510
6 0 10000 106 102011648 106472969 337888572 17092510
13 0 10000 113 102011648 106763601 337709143 17092510
17 0 10000 117 102011648 106763601 338009099 17092510
8 0 10000 108 102011648 106472969 338404398 17092510
12 0 10000 112 102011648 106472969 338590616 17092510
14 0 10000 114 102011648 106763601 338749139 17092510
