3 0 10000 103 102011648 98569155 295166169 17092510
4 0 10000 104 102011648 98569155 306799136 17092510
6 0 10000 106 102011648 104088545 334812858 17092510
15 0 10000 115 102011648 108352423 330845591 17092510
5 0 10000 105 102011648 98569155 341507502 17092510
11 0 10000 111 102011648 108352423 332778433 17092510
8 0 10000 108 102011648 104088545 339161278 17092510
9 0 10000 109 102011648 104088545 339471606 17092510
17 0 10000 117 102011648 108352423 336733682 17092510
7 0 10000 107 102011648 104088545 341044691 17092510
12 0 10000 112 102011648 108352423 337230713 17092510
14 0 10000 114 102011648 108352423 337525148 17092510
16 0 10000 116 102011648 108352423 337604995 17092510
10 0 10000 110 102011648 106135845 339994186 17092510
18 0 10000 118 102011648 108352423 338498745 17092510
13 0 10000 113 102011648 108352423 338548493 17092510
