6 0 10000 106 102011648 105846405 338151374 17092510
10 0 10000 110 102011648 107530117 338668177 17092510
3 0 10000 103 102011648 105846405 341285119 17092510
9 0 10000 109 102011648 107530117 339819937 17092510
5 0 10000 105 102011648 105846405 344677060 17092510
7 0 10000 107 102011648 107530117 343312958 17092510
8 0 10000 108 102011648 107530117 343367499 17092510
4 0 10000 104 102011648 105846405 345209725 17092510
14 0 10000 114 102011648 110035896 341439101 17092510
16 0 10000 116 102011648 110035896 342767222 17092510
18 0 10000 118 102011648 110035896 343161840 17092510
11 0 10000 111 102011648 108622789 345485847 17092510
13 0 10000 113 102011648 110035896 344303183 17092510
15 0 10000 115 102011648 110035896 344786903 17092510
12 0 10000 112 102011648 110035896 344790823 17092510
17 0 10000 117 102011648 110035896 344875266 17092510
