8 0 10000 108 102011648 105716705 339617354 17092510
4 0 10000 104 102011648 104815483 341267790 17092510
7 0 10000 107 102011648 105716705 341404657 17092510
16 0 10000 116 102011648 105716705 342011278 17092510
12 0 10000 112 102011648 105716705 342038850 17092510
9 0 10000 109 102011648 105716705 344645858 17092510
5 0 10000 105 102011648 105716705 345074861 17092510
3 0 10000 103 102011648 104815483 346458517 17092510
10 0 10000 110 102011648 105716705 345575620 17092510
11 0 10000 111 102011648 105716705 345902813 17092510
14 0 10000 114 102011648 105716705 346270114 17092510
18 0 10000 118 102011648 105716705 346495280 17092510
15 0 10000 115 102011648 105716705 346897313 17092510
17 0 10000 117 102011648 105716705 346983217 17092510
6 0 10000 106 102011648 105716705 347221039 17092510
13 0 10000 113 102011648 105716705 347643237 17092510
