4 0 10000 104 102011648 105075836 330130262 17092510
3 0 10000 103 102011648 105075836 332449566 17092510
7 0 10000 107 102011648 106294155 333722029 17092510
5 0 10000 105 102011648 106294155 335669042 17092510
6 0 10000 106 102011648 106294155 343598465 17092510
11 0 10000 111 102011648 107368231 342627386 17092510
9 0 10000 109 102011648 107368231 342669404 17092510
14 0 10000 114 102011648 107368231 343656359 17092510
10 0 10000 110 102011648 107368231 344093861 17092510
18 0 10000 118 102011648 107368231 344494776 17092510
15 0 10000 115 102011648 107368231 344593978 17092510
8 0 10000 108 102011648 107368231 344757488 17092510
13 0 10000 113 102011648 107368231 344856417 17092510
16 0 10000 116 102011648 107368231 345087652 17092510
12 0 10000 112 102011648 107368231 345353263 17092510
17 0 10000 117 102011648 107368231 345366193 17092510
