4 0 10000 104 102011648 103409290 102312697 17092510
3 0 10000 103 102011648 103409290 157440909 17092510
6 0 10000 106 102011648 110275745 231577221 17092510
5 0 10000 105 102011648 103409290 248727777 17092510
7 0 10000 107 102011648 110275745 253470041 17092510
18 0 10000 118 102011648 163023949 286512539 17092510
17 0 10000 117 102011648 163023949 288885781 17092510
11 0 10000 111 102011648 163023949 290149920 17092510
9 0 10000 109 102011648 163023949 290681328 17092510
16 0 10000 116 102011648 163023949 290818922 17092510
13 0 10000 113 102011648 163023949 291044110 17092510
12 0 10000 112 102011648 163023949 291240247 17092510
10 0 10000 110 102011648 163023949 291420636 17092510
15 0 10000 115 102011648 163023949 291939977 17092510
14 0 10000 114 102011648 163023949 292390910 17092510
8 0 10000 108 102011648 163023949 292550018 17092510
