3 0 10000 103 102011648 106289148 236206255 17092510
7 0 10000 107 102011648 110590696 334269054 17092510
18 0 10000 118 102011648 110848427 335731720 17092510
9 0 10000 109 102011648 110590696 338228474 17092510
16 0 10000 116 102011648 110848427 338770903 17092510
5 0 10000 105 102011648 110590696 339214026 17092510
17 0 10000 117 102011648 110848427 339201080 17092510
11 0 10000 111 102011648 110590696 339550035 17092510
12 0 10000 112 102011648 110848427 339962837 17092510
15 0 10000 115 102011648 110848427 340189800 17092510
8 0 10000 108 102011648 110590696 341878410 17092510
6 0 10000 106 102011648 110590696 341890799 17092510
4 0 10000 104 102011648 110590696 341957482 17092510
13 0 10000 113 102011648 110848427 342336638 17092510
10 0 10000 110 102011648 110590696 342727164 17092510
14 0 10000 114 102011648 110848427 342527295 17092510
