3 0 10000 103 102011648 98672867 253395672 17092510
11 0 10000 111 102011648 102416992 335682745 17092510
12 0 10000 112 102011648 102416992 338865300 17092510
8 0 10000 108 102011648 102416992 339101588 17092510
13 0 10000 113 102011648 102819681 338862253 17092510
7 0 10000 107 102011648 102416992 340623815 17092510
14 0 10000 114 102011648 102819681 341064558 17092510
4 0 10000 104 102011648 102416992 341665293 17092510
10 0 10000 110 102011648 102416992 341725565 17092510
9 0 10000 109 102011648 102416992 341866193 17092510
6 0 10000 106 102011648 102416992 342119418 17092510
16 0 10000 116 102011648 106005907 338891464 17092510
17 0 10000 117 102011648 106005907 339746349 17092510
15 0 10000 115 102011648 106005907 339881841 17092510
18 0 10000 118 102011648 111055851 335071320 17092510
5 0 10000 105 102011648 102416992 343727416 17092510
