3 0 10000 103 102011648 106347084 305085909 17092510
4 0 10000 104 102011648 106347084 310828159 17092510
16 0 10000 116 102011648 111315727 334560414 17092510
6 0 10000 106 102011648 111315727 334687526 17092510
18 0 10000 118 102011648 111315727 335570328 17092510
5 0 10000 105 102011648 109935284 337023256 17092510
14 0 10000 114 102011648 111315727 337416333 17092510
12 0 10000 112 102011648 111315727 337845830 17092510
7 0 10000 107 102011648 111315727 341516145 17092510
13 0 10000 113 102011648 111315727 341778035 17092510
8 0 10000 108 102011648 111315727 341889073 17092510
17 0 10000 117 102011648 111315727 342515291 17092510
9 0 10000 109 102011648 111315727 342547104 17092510
15 0 10000 115 102011648 111315727 342581256 17092510
10 0 10000 110 102011648 111315727 342671734 17092510
11 0 10000 111 102011648 111315727 343058220 17092510
