3 0 10000 103 102011648 105051756 263078828 17092510
7 0 10000 107 102011648 106315613 270594953 17092510
4 0 10000 104 102011648 105302811 280149079 17092510
9 0 10000 109 102011648 106315613 286896286 17092510
6 0 10000 106 102011648 106315613 287352603 17092510
5 0 10000 105 102011648 105302811 293571190 17092510
8 0 10000 108 102011648 106315613 295582556 17092510
10 0 10000 110 102011648 155811548 295936470 17092510
14 0 10000 114 102011648 155811548 298885294 17092510
13 0 10000 113 102011648 155811548 301180523 17092510
12 0 10000 112 102011648 155811548 301239438 17092510
11 0 10000 111 102011648 155811548 302199643 17092510
15 0 10000 115 102011648 155811548 302552506 17092510
16 0 10000 116 102011648 155811548 302699458 17092510
17 0 10000 117 102011648 155811548 303767172 17092510
18 0 10000 118 102011648 155811548 303886678 17092510
