3 0 10000 103 102011648 103986740 38896557 17092510
16 0 10000 116 102011648 114188194 327789761 17092510
10 0 10000 110 102011648 114188194 330378410 17092510
5 0 10000 105 102011648 114188194 331482474 17092510
13 0 10000 113 102011648 114188194 331698846 17092510
7 0 10000 107 102011648 114188194 331951024 17092510
4 0 10000 104 102011648 114188194 332649097 17092510
11 0 10000 111 102011648 114188194 333839895 17092510
6 0 10000 106 102011648 114188194 334292702 17092510
9 0 10000 109 102011648 114188194 334798889 17092510
15 0 10000 115 102011648 114188194 335079653 17092510
12 0 10000 112 102011648 114188194 335101676 17092510
17 0 10000 117 102011648 114188194 335259370 17092510
18 0 10000 118 102011648 114188194 335515150 17092510
8 0 10000 108 102011648 114188194 335641727 17092510
14 0 10000 114 102011648 114188194 335697455 17092510
