9 0 10000 109 102011648 102901936 329799338 17092510
5 0 10000 105 102011648 102901936 334704451 17092510
4 0 10000 104 102011648 102901936 338526566 17092510
8 0 10000 108 102011648 102901936 339783923 17092510
3 0 10000 103 102011648 102901936 341362366 17092510
7 0 10000 107 102011648 102901936 341756216 17092510
12 0 10000 112 102011648 108694077 336778247 17092510
10 0 10000 110 102011648 108694077 337006112 17092510
6 0 10000 106 102011648 102901936 343996419 17092510
14 0 10000 114 102011648 108694077 340527760 17092510
17 0 10000 117 102011648 108694077 340765565 17092510
11 0 10000 111 102011648 108694077 341886294 17092510
13 0 10000 113 102011648 108694077 342208624 17092510
15 0 10000 115 102011648 108694077 342356806 17092510
16 0 10000 116 102011648 108694077 342643207 17092510
18 0 10000 118 102011648 108694077 342875468 17092510
