7 0 10000 107 102011648 105303288 338291736 17092510
12 0 10000 112 102011648 105469465 339140605 17092510
3 0 10000 103 102011648 104823351 340532789 17092510
4 0 10000 104 102011648 104885101 341942106 17092510
8 0 10000 108 102011648 105303288 343290428 17092510
16 0 10000 116 102011648 105968475 342755363 17092510
11 0 10000 111 102011648 105469465 343897589 17092510
17 0 10000 117 102011648 105968475 344309638 17092510
5 0 10000 105 102011648 105303288 345110258 17092510
10 0 10000 110 102011648 105469465 345064873 17092510
6 0 10000 106 102011648 105303288 345331785 17092510
18 0 10000 118 102011648 105968475 345451315 17092510
15 0 10000 115 102011648 105968475 345998138 17092510
13 0 10000 113 102011648 105469465 346713427 17092510
9 0 10000 109 102011648 105469465 346950197 17092510
14 0 10000 114 102011648 105968475 346767695 17092510
