3 0 10000 103 102011648 94708920 141590403 17092510
4 0 10000 104 102011648 102006197 321813104 17092510
13 0 10000 113 102011648 105818272 324091052 17092510
15 0 10000 115 102011648 105818272 326698492 17092510
9 0 10000 109 102011648 104868889 330968823 17092510
16 0 10000 116 102011648 105818272 331423813 17092510
8 0 10000 108 102011648 104868889 333397580 17092510
17 0 10000 117 102011648 105818272 332817256 17092510
5 0 10000 105 102011648 102006197 337145380 17092510
14 0 10000 114 102011648 105818272 333446275 17092510
12 0 10000 112 102011648 105818272 334151699 17092510
11 0 10000 111 102011648 105818272 334170901 17092510
10 0 10000 110 102011648 105818272 334218067 17092510
6 0 10000 106 102011648 104854107 335341677 17092510
18 0 10000 118 102011648 105818272 334864033 17092510
7 0 10000 107 102011648 104854107 335976159 17092510
