3 0 10000 103 102011648 98471165 168777061 17092510
11 0 10000 111 102011648 106894970 325651811 17092510
6 0 10000 106 102011648 106778860 332836511 17092510
7 0 10000 107 102011648 106778860 333184377 17092510
4 0 10000 104 102011648 104732275 336132548 17092510
10 0 10000 110 102011648 106778860 335175613 17092510
5 0 10000 105 102011648 104732275 337798533 17092510
17 0 10000 117 102011648 109904051 332790495 17092510
16 0 10000 116 102011648 109904051 333009884 17092510
8 0 10000 108 102011648 106778860 336900492 17092510
13 0 10000 113 102011648 109904051 334242203 17092510
12 0 10000 112 102011648 109904051 334695200 17092510
9 0 10000 109 102011648 106778860 337852280 17092510
18 0 10000 118 102011648 109904051 335125188 17092510
15 0 10000 115 102011648 109904051 335144262 17092510
14 0 10000 114 102011648 109904051 335596654 17092510
