3 0 10000 103 102011648 105400562 172179238 17092510
6 0 10000 106 102011648 111199856 334048525 17092510
8 0 10000 108 102011648 111199856 334829297 17092510
15 0 10000 115 102011648 111199856 336165711 17092510
10 0 10000 110 102011648 111199856 336370045 17092510
18 0 10000 118 102011648 111199856 336438706 17092510
16 0 10000 116 102011648 111199856 337886900 17092510
13 0 10000 113 102011648 111199856 338813991 17092510
5 0 10000 105 102011648 111199856 339227989 17092510
9 0 10000 109 102011648 111199856 339468722 17092510
11 0 10000 111 102011648 111199856 339777167 17092510
14 0 10000 114 102011648 111199856 339897234 17092510
12 0 10000 112 102011648 111199856 340220879 17092510
4 0 10000 104 102011648 111199856 340730713 17092510
7 0 10000 107 102011648 111199856 341013158 17092510
17 0 10000 117 102011648 111199856 341089136 17092510
