3 0 10000 103 102011648 97857714 201641088 17092510
9 0 10000 109 102011648 102715015 333204524 17092510
7 0 10000 107 102011648 102715015 334817537 17092510
11 0 10000 111 102011648 102715015 337539664 17092510
15 0 10000 115 102011648 102715015 337651910 17092510
4 0 10000 104 102011648 102715015 338624742 17092510
16 0 10000 116 102011648 107138872 334613487 17092510
10 0 10000 110 102011648 102715015 339742735 17092510
8 0 10000 108 102011648 102715015 340004364 17092510
18 0 10000 118 102011648 107585430 335652047 17092510
12 0 10000 112 102011648 102715015 341139551 17092510
13 0 10000 113 102011648 102715015 341207790 17092510
6 0 10000 106 102011648 102715015 341228315 17092510
17 0 10000 117 102011648 107585430 336883934 17092510
5 0 10000 105 102011648 102715015 341919150 17092510
14 0 10000 114 102011648 102715015 342099055 17092510
