11 0 10000 111 102011648 106861591 338078688 17092510
6 0 10000 106 102011648 105518818 340429966 17092510
12 0 10000 112 102011648 106861591 342026524 17092510
8 0 10000 108 102011648 106861591 343104888 17092510
3 0 10000 103 102011648 105518818 344754072 17092510
5 0 10000 105 102011648 105518818 346173364 17092510
13 0 10000 113 102011648 106861591 345684420 17092510
15 0 10000 115 102011648 106861591 346200499 17092510
14 0 10000 114 102011648 106861591 346356880 17092510
18 0 10000 118 102011648 106980801 346443128 17092510
9 0 10000 109 102011648 106861591 346602089 17092510
10 0 10000 110 102011648 106861591 347019731 17092510
17 0 10000 117 102011648 106980801 346958798 17092510
4 0 10000 104 102011648 105518818 348517183 17092510
7 0 10000 107 102011648 105518818 348752784 17092510
16 0 10000 116 102011648 106980801 347659342 17092510
