9 0 10000 109 102011648 110985756 339801142 17092510
3 0 10000 103 102011648 110756874 340101099 17092510
16 0 10000 116 102011648 112030745 342236417 17092510
15 0 10000 115 102011648 110985756 343464729 17092510
6 0 10000 106 102011648 110756874 343722944 17092510
5 0 10000 105 102011648 110756874 345446840 17092510
12 0 10000 112 102011648 110985756 345278640 17092510
13 0 10000 113 102011648 110985756 345627486 17092510
14 0 10000 114 102011648 110985756 346017375 17092510
4 0 10000 104 102011648 110756874 346561174 17092510
8 0 10000 108 102011648 110985756 346676084 17092510
18 0 10000 118 102011648 112030745 345687402 17092510
10 0 10000 110 102011648 110985756 347153797 17092510
11 0 10000 111 102011648 110985756 347323873 17092510
17 0 10000 117 102011648 112030745 346652984 17092510
7 0 10000 107 102011648 110985756 347950394 17092510
