10 0 10000 110 102011648 102032661 330261151 17092510
3 0 10000 103 102011648 101423502 335662823 17092510
7 0 10000 107 102011648 101952076 337141595 17092510
4 0 10000 104 102011648 101952076 342680873 17092510
11 0 10000 111 102011648 102192640 342516375 17092510
14 0 10000 114 102011648 105482817 339374279 17092510
6 0 10000 106 102011648 101952076 344191032 17092510
9 0 10000 109 102011648 102032661 345119296 17092510
12 0 10000 112 102011648 102192640 345498065 17092510
8 0 10000 108 102011648 102032661 345917136 17092510
17 0 10000 117 102011648 105482817 343223616 17092510
15 0 10000 115 102011648 105482817 343969204 17092510
5 0 10000 105 102011648 101952076 347610457 17092510
18 0 10000 118 102011648 105482817 344108059 17092510
16 0 10000 116 102011648 105482817 344239306 17092510
13 0 10000 113 102011648 102192640 348020415 17092510
