3 0 10000 103 102011648 101051092 281691408 17092510
4 0 10000 104 102011648 103150606 336170702 17092510
5 0 10000 105 102011648 104360342 336126367 17092510
6 0 10000 106 102011648 104360342 337340241 17092510
12 0 10000 112 102011648 104931831 337720907 17092510
13 0 10000 113 102011648 104931831 338077549 17092510
8 0 10000 108 102011648 104418278 338700302 17092510
7 0 10000 107 102011648 104360342 339539797 17092510
11 0 10000 111 102011648 104931831 339816508 17092510
9 0 10000 109 102011648 104880095 340431047 17092510
10 0 10000 110 102011648 104880095 341790999 17092510
16 0 10000 116 102011648 104931831 341861795 17092510
14 0 10000 114 102011648 104931831 343017924 17092510
15 0 10000 115 102011648 104931831 343168187 17092510
18 0 10000 118 102011648 114023209 334759638 17092510
17 0 10000 117 102011648 114023209 334951707 17092510
