5 0 10000 105 102011648 104329348 339482658 17092510
12 0 10000 112 102011648 104938745 339330303 17092510
14 0 10000 114 102011648 104938745 339985668 17092510
7 0 10000 107 102011648 104329348 341814587 17092510
3 0 10000 103 102011648 104329348 342076491 17092510
8 0 10000 108 102011648 104329348 343877202 17092510
17 0 10000 117 102011648 104938745 344191844 17092510
15 0 10000 115 102011648 104938745 344927687 17092510
6 0 10000 106 102011648 104329348 346044497 17092510
4 0 10000 104 102011648 104329348 346307745 17092510
18 0 10000 118 102011648 104938745 346154688 17092510
9 0 10000 109 102011648 104329348 347493097 17092510
13 0 10000 113 102011648 104938745 347196202 17092510
16 0 10000 116 102011648 104938745 347748048 17092510
11 0 10000 111 102011648 104329348 348527766 17092510
10 0 10000 110 102011648 104329348 348545556 17092510
