14 0 10000 114 102011648 105521441 336238687 17092510
4 0 10000 104 102011648 105476379 345377403 17092510
17 0 10000 117 102011648 105521441 345620650 17092510
5 0 10000 105 102011648 105476379 345870380 17092510
10 0 10000 110 102011648 105521441 346055374 17092510
8 0 10000 108 102011648 105521441 346354277 17092510
18 0 10000 118 102011648 105521441 346539730 17092510
15 0 10000 115 102011648 105521441 346673813 17092510
6 0 10000 106 102011648 105476379 346994042 17092510
9 0 10000 109 102011648 105521441 347289648 17092510
11 0 10000 111 102011648 105521441 347391501 17092510
16 0 10000 116 102011648 105521441 348151984 17092510
12 0 10000 112 102011648 105521441 348211264 17092510
7 0 10000 107 102011648 105521441 348353643 17092510
3 0 10000 103 102011648 105476379 348609992 17092510
13 0 10000 113 102011648 105521441 348706081 17092510
