15 0 10000 115 102011648 107591152 337748188 17092510
9 0 10000 109 102011648 107591152 338096134 17092510
6 0 10000 106 102011648 107391357 339420991 17092510
14 0 10000 114 102011648 107591152 340311912 17092510
16 0 10000 116 102011648 107591152 340441142 17092510
4 0 10000 104 102011648 107391357 345411704 17092510
8 0 10000 108 102011648 107591152 345361749 17092510
13 0 10000 113 102011648 107591152 345475871 17092510
12 0 10000 112 102011648 107591152 345975330 17092510
3 0 10000 103 102011648 107391357 346704048 17092510
11 0 10000 111 102011648 107591152 346710160 17092510
17 0 10000 117 102011648 107591152 346972788 17092510
7 0 10000 107 102011648 107391357 347265911 17092510
18 0 10000 118 102011648 107591152 347747630 17092510
10 0 10000 110 102011648 107591152 348011469 17092510
5 0 10000 105 102011648 107391357 348456205 17092510
