5 0 10000 105 102011648 102326870 328651671 17092510
3 0 10000 103 102011648 102032661 330265968 17092510
4 0 10000 104 102011648 102326870 336005645 17092510
8 0 10000 108 102011648 104070425 337981640 17092510
15 0 10000 115 102011648 107052088 337410377 17092510
6 0 10000 106 102011648 102326870 345393254 17092510
9 0 10000 109 102011648 104070425 344081088 17092510
17 0 10000 117 102011648 107052088 341315987 17092510
7 0 10000 107 102011648 104070425 344854948 17092510
12 0 10000 112 102011648 107052088 342264032 17092510
14 0 10000 114 102011648 107052088 342295907 17092510
13 0 10000 113 102011648 107052088 342453403 17092510
10 0 10000 110 102011648 106870413 342706632 17092510
18 0 10000 118 102011648 107182980 342802779 17092510
16 0 10000 116 102011648 107052088 343067848 17092510
11 0 10000 111 102011648 106870413 343411555 17092510
