3 0 10000 103 102011648 101453066 209231255 17092510
5 0 10000 105 102011648 106194735 331259405 17092510
7 0 10000 107 102011648 107950449 331928642 17092510
15 0 10000 115 102011648 107950449 334453010 17092510
6 0 10000 106 102011648 107495546 334912482 17092510
14 0 10000 114 102011648 107950449 334808001 17092510
10 0 10000 110 102011648 107950449 337343421 17092510
17 0 10000 117 102011648 107950449 337675231 17092510
4 0 10000 104 102011648 106194735 339724177 17092510
16 0 10000 116 102011648 107950449 338053171 17092510
12 0 10000 112 102011648 107950449 338818026 17092510
18 0 10000 118 102011648 107950449 339284107 17092510
11 0 10000 111 102011648 107950449 339818584 17092510
13 0 10000 113 102011648 107950449 340187340 17092510
8 0 10000 108 102011648 107950449 340211165 17092510
9 0 10000 109 102011648 107950449 340514914 17092510
