4 0 10000 104 102011648 101677895 328601025 17092510
8 0 10000 108 102011648 102704763 338252328 17092510
3 0 10000 103 102011648 101677895 340172427 17092510
5 0 10000 105 102011648 102704763 340627047 17092510
9 0 10000 109 102011648 102704763 341580077 17092510
13 0 10000 113 102011648 105942249 340333859 17092510
10 0 10000 110 102011648 102704763 343960949 17092510
11 0 10000 111 102011648 102704763 344547291 17092510
15 0 10000 115 102011648 106683731 341817348 17092510
12 0 10000 112 102011648 105942249 342608923 17092510
17 0 10000 117 102011648 106683731 342360176 17092510
7 0 10000 107 102011648 102704763 346933983 17092510
18 0 10000 118 102011648 106683731 342967897 17092510
14 0 10000 114 102011648 105942249 343868511 17092510
6 0 10000 106 102011648 102704763 347267906 17092510
16 0 10000 116 102011648 106683731 343842075 17092510
