6 0 10000 106 102011648 102267504 294333415 17092510
3 0 10000 103 102011648 101952314 328483502 17092510
5 0 10000 105 102011648 101952314 331626350 17092510
4 0 10000 104 102011648 101952314 335577116 17092510
14 0 10000 114 102011648 108083248 338496725 17092510
8 0 10000 108 102011648 108083248 338505532 17092510
17 0 10000 117 102011648 108083248 339390562 17092510
9 0 10000 109 102011648 108083248 340106670 17092510
11 0 10000 111 102011648 108083248 340227899 17092510
13 0 10000 113 102011648 108083248 340295122 17092510
18 0 10000 118 102011648 108083248 340713437 17092510
12 0 10000 112 102011648 108083248 341000733 17092510
16 0 10000 116 102011648 108083248 341370309 17092510
15 0 10000 115 102011648 108083248 341951025 17092510
7 0 10000 107 102011648 108083248 342098870 17092510
10 0 10000 110 102011648 108083248 342346215 17092510
