3 0 10000 103 102011648 104525805 295691589 17092510
5 0 10000 105 102011648 105522633 300923138 17092510
4 0 10000 104 102011648 105522633 319705714 17092510
6 0 10000 106 102011648 105522633 330309840 17092510
7 0 10000 107 102011648 114806414 331404079 17092510
16 0 10000 116 102011648 114806414 333778261 17092510
10 0 10000 110 102011648 114806414 333904937 17092510
9 0 10000 109 102011648 114806414 335152794 17092510
11 0 10000 111 102011648 114806414 336301632 17092510
18 0 10000 118 102011648 114806414 336692866 17092510
12 0 10000 112 102011648 114806414 337226617 17092510
14 0 10000 114 102011648 114806414 337262572 17092510
13 0 10000 113 102011648 114806414 337308734 17092510
17 0 10000 117 102011648 114806414 337427243 17092510
8 0 10000 108 102011648 114806414 338001015 17092510
15 0 10000 115 102011648 114806414 338085769 17092510
