3 0 10000 103 102011648 102427959 333711137 17092510
7 0 10000 107 102011648 102430582 335196978 17092510
9 0 10000 109 102011648 102430582 336453756 17092510
5 0 10000 105 102011648 102430582 336780187 17092510
10 0 10000 110 102011648 102430582 337108664 17092510
4 0 10000 104 102011648 102430582 338851869 17092510
8 0 10000 108 102011648 102430582 339650729 17092510
11 0 10000 111 102011648 102430582 340188292 17092510
6 0 10000 106 102011648 102430582 340742100 17092510
17 0 10000 117 102011648 118241787 331892982 17092510
12 0 10000 112 102011648 118241787 332639014 17092510
14 0 10000 114 102011648 118241787 332937320 17092510
18 0 10000 118 102011648 118241787 333628941 17092510
16 0 10000 116 102011648 118241787 334184120 17092510
13 0 10000 113 102011648 118241787 334387723 17092510
15 0 10000 115 102011648 118241787 334684603 17092510
