6 0 10000 106 102011648 104583263 333721304 17092510
14 0 10000 114 102011648 105002403 339660830 17092510
3 0 10000 103 102011648 103981972 342743649 17092510
11 0 10000 111 102011648 104583263 342220820 17092510
9 0 10000 109 102011648 104583263 343157143 17092510
8 0 10000 108 102011648 104583263 343327347 17092510
4 0 10000 104 102011648 103981972 344383707 17092510
5 0 10000 105 102011648 103981972 345087277 17092510
7 0 10000 107 102011648 104583263 344826289 17092510
16 0 10000 116 102011648 105002403 344513459 17092510
17 0 10000 117 102011648 105002403 344685399 17092510
15 0 10000 115 102011648 105002403 345722741 17092510
10 0 10000 110 102011648 104583263 346340623 17092510
13 0 10000 113 102011648 105002403 346632907 17092510
18 0 10000 118 102011648 105002403 346817292 17092510
12 0 10000 112 102011648 104583263 347477853 17092510
