3 0 10000 103 102011648 104857683 274995061 17092510
6 0 10000 106 102011648 106327295 297125009 17092510
4 0 10000 104 102011648 106327295 323992568 17092510
5 0 10000 105 102011648 106327295 329126102 17092510
11 0 10000 111 102011648 115487337 327760567 17092510
16 0 10000 116 102011648 115487337 332268775 17092510
10 0 10000 110 102011648 115487337 335063907 17092510
18 0 10000 118 102011648 115487337 335237253 17092510
7 0 10000 107 102011648 115487337 335662133 17092510
17 0 10000 117 102011648 115487337 335730741 17092510
15 0 10000 115 102011648 115487337 335733209 17092510
9 0 10000 109 102011648 115487337 335960148 17092510
14 0 10000 114 102011648 115487337 336350867 17092510
13 0 10000 113 102011648 115487337 336828333 17092510
8 0 10000 108 102011648 115487337 337021525 17092510
12 0 10000 112 102011648 115487337 337210188 17092510
