14 0 10000 114 102011648 107107878 338207316 17092510
13 0 10000 113 102011648 106994867 340053939 17092510
11 0 10000 111 102011648 106320858 342668748 17092510
12 0 10000 112 102011648 106994867 342821768 17092510
10 0 10000 110 102011648 106320858 344337845 17092510
5 0 10000 105 102011648 106320858 344700829 17092510
7 0 10000 107 102011648 106320858 344706816 17092510
16 0 10000 116 102011648 108826160 342550465 17092510
15 0 10000 115 102011648 107107878 344321491 17092510
17 0 10000 117 102011648 108826160 344269940 17092510
8 0 10000 108 102011648 106320858 346793157 17092510
4 0 10000 104 102011648 106320858 346846767 17092510
18 0 10000 118 102011648 108826160 344817833 17092510
9 0 10000 109 102011648 106320858 347399094 17092510
6 0 10000 106 102011648 106320858 347820003 17092510
3 0 10000 103 102011648 106320858 347993597 17092510
