3 0 10000 103 102011648 102929354 270098458 17092510
4 0 10000 104 102011648 105707169 337458289 17092510
16 0 10000 116 102011648 109021425 334741252 17092510
13 0 10000 113 102011648 107943058 336889216 17092510
11 0 10000 111 102011648 107943058 339097523 17092510
5 0 10000 105 102011648 106337309 341653252 17092510
12 0 10000 112 102011648 107943058 340743620 17092510
7 0 10000 107 102011648 106843710 341951445 17092510
10 0 10000 110 102011648 107943058 340918923 17092510
17 0 10000 117 102011648 109021425 340638667 17092510
6 0 10000 106 102011648 106843710 343304350 17092510
14 0 10000 114 102011648 109021425 341134116 17092510
18 0 10000 118 102011648 109021425 341291515 17092510
9 0 10000 109 102011648 106843710 343488806 17092510
8 0 10000 108 102011648 106843710 343647909 17092510
15 0 10000 115 102011648 109021425 341470388 17092510
