3 0 10000 103 102011648 104207754 312439854 17092510
10 0 10000 110 102011648 105800390 334596426 17092510
13 0 10000 113 102011648 105800390 338483100 17092510
9 0 10000 109 102011648 105800390 340988165 17092510
18 0 10000 118 102011648 110343933 336857609 17092510
8 0 10000 108 102011648 105800390 341563002 17092510
17 0 10000 117 102011648 110343933 338032082 17092510
12 0 10000 112 102011648 105800390 343320890 17092510
16 0 10000 116 102011648 110343933 339228993 17092510
14 0 10000 114 102011648 105800390 344079973 17092510
5 0 10000 105 102011648 105800390 344841699 17092510
15 0 10000 115 102011648 108808279 342171579 17092510
7 0 10000 107 102011648 105800390 345739832 17092510
11 0 10000 111 102011648 105800390 345739980 17092510
6 0 10000 106 102011648 105800390 345977905 17092510
4 0 10000 104 102011648 105741501 346088032 17092510
