3 0 10000 103 102011648 104551077 17812706 17092510
16 0 10000 116 102011648 117862463 321848195 17092510
7 0 10000 107 102011648 117862463 327204509 17092510
10 0 10000 110 102011648 117862463 327579022 17092510
14 0 10000 114 102011648 117862463 327650185 17092510
8 0 10000 108 102011648 117862463 328032756 17092510
9 0 10000 109 102011648 117862463 329875772 17092510
6 0 10000 106 102011648 117862463 331083492 17092510
18 0 10000 118 102011648 117862463 331701582 17092510
13 0 10000 113 102011648 117862463 332389285 17092510
12 0 10000 112 102011648 117862463 332804523 17092510
5 0 10000 105 102011648 117862463 332957287 17092510
4 0 10000 104 102011648 117862463 333084947 17092510
15 0 10000 115 102011648 117862463 333236345 17092510
17 0 10000 117 102011648 117862463 333296606 17092510
11 0 10000 111 102011648 117862463 333450167 17092510
