6 0 10000 106 102011648 102693081 337632464 17092510
3 0 10000 103 102011648 102693081 339095419 17092510
10 0 10000 110 102011648 105703831 337277099 17092510
17 0 10000 117 102011648 105703831 337855992 17092510
5 0 10000 105 102011648 102693081 341720371 17092510
4 0 10000 104 102011648 102693081 343691708 17092510
7 0 10000 107 102011648 105703831 340771883 17092510
11 0 10000 111 102011648 105703831 341744792 17092510
12 0 10000 112 102011648 105703831 342306959 17092510
13 0 10000 113 102011648 105703831 342794388 17092510
9 0 10000 109 102011648 105703831 343503804 17092510
18 0 10000 118 102011648 105703831 343627924 17092510
16 0 10000 116 102011648 105703831 343696872 17092510
15 0 10000 115 102011648 105703831 344529247 17092510
8 0 10000 108 102011648 105703831 344853177 17092510
14 0 10000 114 102011648 105703831 344996052 17092510
