11 0 10000 111 102011648 107389212 340454962 17092510
4 0 10000 104 102011648 106430531 343912251 17092510
14 0 10000 114 102011648 109338760 341748815 17092510
18 0 10000 118 102011648 109338760 342000482 17092510
10 0 10000 110 102011648 107389212 343999999 17092510
3 0 10000 103 102011648 106430531 345199558 17092510
13 0 10000 113 102011648 109338760 342557000 17092510
6 0 10000 106 102011648 106430531 345639837 17092510
16 0 10000 116 102011648 109338760 342871896 17092510
5 0 10000 105 102011648 106430531 346226336 17092510
17 0 10000 117 102011648 109338760 343816461 17092510
15 0 10000 115 102011648 109338760 344184428 17092510
9 0 10000 109 102011648 107389212 346450385 17092510
7 0 10000 107 102011648 106430531 347675025 17092510
12 0 10000 112 102011648 107389212 346847223 17092510
8 0 10000 108 102011648 106430531 347947170 17092510
