11 0 10000 111 102011648 102617264 341819388 17092510
14 0 10000 114 102011648 102617264 343678458 17092510
12 0 10000 112 102011648 102617264 344359167 17092510
7 0 10000 107 102011648 102617264 344542853 17092510
13 0 10000 113 102011648 102617264 344833466 17092510
4 0 10000 104 102011648 102617264 344910543 17092510
9 0 10000 109 102011648 102617264 345245952 17092510
8 0 10000 108 102011648 102617264 345860904 17092510
5 0 10000 105 102011648 102617264 347129730 17092510
18 0 10000 118 102011648 103322744 347465618 17092510
17 0 10000 117 102011648 102617264 348248154 17092510
10 0 10000 110 102011648 102617264 348393708 17092510
6 0 10000 106 102011648 102617264 348396965 17092510
15 0 10000 115 102011648 102617264 348690402 17092510
16 0 10000 116 102011648 102617264 348935885 17092510
3 0 10000 103 102011648 102617264 348976316 17092510
