8 0 10000 108 102011648 104716778 336319791 17092510
10 0 10000 110 102011648 104716778 340301974 17092510
15 0 10000 115 102011648 104716778 343126180 17092510
9 0 10000 109 102011648 104716778 344411033 17092510
16 0 10000 116 102011648 104716778 344887251 17092510
18 0 10000 118 102011648 105651617 344103842 17092510
7 0 10000 107 102011648 104716778 345107725 17092510
13 0 10000 113 102011648 104716778 346154588 17092510
11 0 10000 111 102011648 104716778 347009698 17092510
12 0 10000 112 102011648 104716778 347334707 17092510
6 0 10000 106 102011648 104716778 347576004 17092510
3 0 10000 103 102011648 104716778 347577004 17092510
5 0 10000 105 102011648 104716778 348287490 17092510
17 0 10000 117 102011648 105651617 347540038 17092510
4 0 10000 104 102011648 104716778 348712389 17092510
14 0 10000 114 102011648 104716778 348981217 17092510
