3 0 10000 103 102011648 102966070 276940798 17092510
4 0 10000 104 102011648 104821920 328594895 17092510
17 0 10000 117 102011648 107745409 338332384 17092510
7 0 10000 107 102011648 106430292 339935360 17092510
13 0 10000 113 102011648 107745409 339020639 17092510
16 0 10000 116 102011648 107745409 339058828 17092510
11 0 10000 111 102011648 107745409 341049494 17092510
6 0 10000 106 102011648 106430292 342919147 17092510
5 0 10000 105 102011648 106430292 343158108 17092510
18 0 10000 118 102011648 107745409 342577397 17092510
14 0 10000 114 102011648 107745409 342606617 17092510
12 0 10000 112 102011648 107745409 342685544 17092510
9 0 10000 109 102011648 107745409 342942577 17092510
15 0 10000 115 102011648 107745409 343141253 17092510
10 0 10000 110 102011648 107745409 343297605 17092510
8 0 10000 108 102011648 107745409 343399556 17092510
