4 0 10000 104 102011648 114413261 335557973 17092510
15 0 10000 115 102011648 116030216 337828077 17092510
16 0 10000 116 102011648 116030216 341610826 17092510
14 0 10000 114 102011648 116030216 342124674 17092510
13 0 10000 113 102011648 116030216 342440647 17092510
10 0 10000 110 102011648 114413261 344140521 17092510
3 0 10000 103 102011648 114413261 345105408 17092510
18 0 10000 118 102011648 116030216 343779060 17092510
8 0 10000 108 102011648 114413261 346592855 17092510
9 0 10000 109 102011648 114413261 346928444 17092510
7 0 10000 107 102011648 114413261 347271487 17092510
5 0 10000 105 102011648 114413261 347288428 17092510
6 0 10000 106 102011648 114413261 347492821 17092510
12 0 10000 112 102011648 116030216 346006348 17092510
17 0 10000 117 102011648 116030216 346538912 17092510
11 0 10000 111 102011648 116030216 346705400 17092510
