3 0 10000 103 102011648 98627567 258689464 17092510
4 0 10000 104 102011648 100035667 292799782 17092510
18 0 10000 118 102011648 106406689 333262439 17092510
9 0 10000 109 102011648 106406689 333957437 17092510
10 0 10000 110 102011648 106406689 334813004 17092510
5 0 10000 105 102011648 100035667 341517444 17092510
14 0 10000 114 102011648 106406689 335412208 17092510
6 0 10000 106 102011648 106406689 336521143 17092510
12 0 10000 112 102011648 106406689 337061725 17092510
8 0 10000 108 102011648 106406689 337936767 17092510
15 0 10000 115 102011648 106406689 338094433 17092510
7 0 10000 107 102011648 106406689 338184804 17092510
16 0 10000 116 102011648 106406689 338378820 17092510
17 0 10000 117 102011648 106406689 338617685 17092510
11 0 10000 111 102011648 106406689 338653230 17092510
13 0 10000 113 102011648 106406689 338927227 17092510
