4 0 10000 104 102011648 107455730 287475894 17092510
3 0 10000 103 102011648 107455730 287945574 17092510
5 0 10000 105 102011648 114079952 330694228 17092510
18 0 10000 118 102011648 114079952 334110492 17092510
6 0 10000 106 102011648 114079952 337359334 17092510
8 0 10000 108 102011648 114079952 338227688 17092510
7 0 10000 107 102011648 114079952 338839481 17092510
12 0 10000 112 102011648 114079952 339316887 17092510
17 0 10000 117 102011648 114079952 339496125 17092510
15 0 10000 115 102011648 114079952 339583430 17092510
10 0 10000 110 102011648 114079952 339716425 17092510
9 0 10000 109 102011648 114079952 339808888 17092510
14 0 10000 114 102011648 114079952 340181413 17092510
11 0 10000 111 102011648 114079952 340641732 17092510
13 0 10000 113 102011648 114079952 340685859 17092510
16 0 10000 116 102011648 114079952 340762800 17092510
