3 0 10000 103 102011648 101027489 300591488 17092510
4 0 10000 104 102011648 101027489 304936395 17092510
6 0 10000 106 102011648 104233742 326106340 17092510
5 0 10000 105 102011648 101027489 334377418 17092510
8 0 10000 108 102011648 106629372 333522514 17092510
7 0 10000 107 102011648 104233742 337149130 17092510
14 0 10000 114 102011648 112038374 334877994 17092510
10 0 10000 110 102011648 112038374 336250907 17092510
13 0 10000 113 102011648 112038374 336381196 17092510
11 0 10000 111 102011648 112038374 336537583 17092510
16 0 10000 116 102011648 112038374 336687031 17092510
9 0 10000 109 102011648 112038374 336912796 17092510
12 0 10000 112 102011648 112038374 337233250 17092510
15 0 10000 115 102011648 112038374 337719581 17092510
17 0 10000 117 102011648 112038374 337958712 17092510
18 0 10000 118 102011648 112038374 338098037 17092510
