3 0 10000 103 102011648 97802401 211702751 17092510
4 0 10000 104 102011648 100947857 318482096 17092510
18 0 10000 118 102011648 105406046 336333060 17092510
12 0 10000 112 102011648 105406046 336373141 17092510
6 0 10000 106 102011648 105406046 336467047 17092510
15 0 10000 115 102011648 105406046 337520432 17092510
16 0 10000 116 102011648 105406046 337713905 17092510
14 0 10000 114 102011648 105406046 338273936 17092510
5 0 10000 105 102011648 105406046 338550983 17092510
8 0 10000 108 102011648 105406046 338591841 17092510
7 0 10000 107 102011648 105406046 338626491 17092510
9 0 10000 109 102011648 105406046 338829977 17092510
11 0 10000 111 102011648 105406046 338984396 17092510
10 0 10000 110 102011648 105406046 339208330 17092510
17 0 10000 117 102011648 105406046 339296841 17092510
13 0 10000 113 102011648 105406046 339785271 17092510
