3 0 10000 103 102011648 104032278 242193460 17092510
4 0 10000 104 102011648 105482578 296696886 17092510
8 0 10000 108 102011648 111304283 330681872 17092510
7 0 10000 107 102011648 111304283 330721341 17092510
10 0 10000 110 102011648 111304283 334040960 17092510
11 0 10000 111 102011648 111304283 335342790 17092510
5 0 10000 105 102011648 111304283 336659485 17092510
17 0 10000 117 102011648 113779545 334575673 17092510
9 0 10000 109 102011648 111304283 337365791 17092510
13 0 10000 113 102011648 111304283 337512045 17092510
6 0 10000 106 102011648 111304283 337984856 17092510
14 0 10000 114 102011648 113779545 335720504 17092510
18 0 10000 118 102011648 113779545 336320521 17092510
12 0 10000 112 102011648 111304283 339274846 17092510
16 0 10000 116 102011648 113779545 336944986 17092510
15 0 10000 115 102011648 113779545 337144499 17092510
