4 0 10000 104 102011648 102062702 338217057 17092510
10 0 10000 110 102011648 102538347 337752367 17092510
8 0 10000 108 102011648 102538347 339037933 17092510
3 0 10000 103 102011648 101782322 340604869 17092510
7 0 10000 107 102011648 102538347 341228914 17092510
6 0 10000 106 102011648 102286816 342108294 17092510
16 0 10000 116 102011648 106667995 338786947 17092510
11 0 10000 111 102011648 106667995 339402589 17092510
17 0 10000 117 102011648 106667995 339755755 17092510
13 0 10000 113 102011648 106667995 340079328 17092510
9 0 10000 109 102011648 102538347 344746227 17092510
12 0 10000 112 102011648 106667995 341541014 17092510
15 0 10000 115 102011648 106667995 341727792 17092510
5 0 10000 105 102011648 102062702 346489517 17092510
18 0 10000 118 102011648 107342243 341523659 17092510
14 0 10000 114 102011648 106667995 342624392 17092510
