3 0 10000 103 102011648 97324610 304066515 17092510
4 0 10000 104 102011648 98392010 328993532 17092510
7 0 10000 107 102011648 100878716 336417149 17092510
6 0 10000 106 102011648 100878716 337974857 17092510
11 0 10000 111 102011648 101197481 338693931 17092510
16 0 10000 116 102011648 101509809 338955407 17092510
15 0 10000 115 102011648 101197481 339404475 17092510
10 0 10000 110 102011648 101197481 339648635 17092510
9 0 10000 109 102011648 100878716 340340717 17092510
8 0 10000 108 102011648 100878716 340349983 17092510
18 0 10000 118 102011648 101552725 340514684 17092510
13 0 10000 113 102011648 101197481 341443253 17092510
14 0 10000 114 102011648 101197481 342337638 17092510
17 0 10000 117 102011648 101552725 342008200 17092510
5 0 10000 105 102011648 100878716 343013359 17092510
12 0 10000 112 102011648 101197481 342861380 17092510
