8 0 10000 108 102011648 102216959 338728391 17092510
7 0 10000 107 102011648 102216959 339329279 17092510
14 0 10000 114 102011648 102232695 344054629 17092510
6 0 10000 106 102011648 102109194 344662230 17092510
17 0 10000 117 102011648 102232695 344835478 17092510
12 0 10000 112 102011648 102232695 345287669 17092510
5 0 10000 105 102011648 102109194 346540891 17092510
10 0 10000 110 102011648 102216959 346530057 17092510
18 0 10000 118 102011648 105245352 343658982 17092510
9 0 10000 109 102011648 102216959 347277551 17092510
4 0 10000 104 102011648 102109194 347473905 17092510
3 0 10000 103 102011648 102109194 347600100 17092510
11 0 10000 111 102011648 102232695 347683874 17092510
13 0 10000 113 102011648 102232695 347719428 17092510
16 0 10000 116 102011648 102232695 347937208 17092510
15 0 10000 115 102011648 102232695 348226657 17092510
