14 0 10000 114 102011648 107193947 338451959 17092510
16 0 10000 116 102011648 107193947 340431369 17092510
3 0 10000 103 102011648 107193947 343543467 17092510
11 0 10000 111 102011648 107193947 343859136 17092510
12 0 10000 112 102011648 107193947 344113110 17092510
9 0 10000 109 102011648 107193947 344360402 17092510
6 0 10000 106 102011648 107193947 344453580 17092510
5 0 10000 105 102011648 107193947 344483122 17092510
7 0 10000 107 102011648 107193947 345046485 17092510
4 0 10000 104 102011648 107193947 345825455 17092510
17 0 10000 117 102011648 107193947 346571102 17092510
18 0 10000 118 102011648 107193947 346927249 17092510
13 0 10000 113 102011648 107193947 347544899 17092510
15 0 10000 115 102011648 107193947 347767595 17092510
10 0 10000 110 102011648 107193947 347806749 17092510
8 0 10000 108 102011648 107193947 348144344 17092510
