7 0 10000 107 102011648 106616735 340989032 17092510
5 0 10000 105 102011648 105879068 342401788 17092510
3 0 10000 103 102011648 105879068 344332814 17092510
15 0 10000 115 102011648 106616735 343853308 17092510
17 0 10000 117 102011648 106616735 345304406 17092510
16 0 10000 116 102011648 106616735 345631408 17092510
6 0 10000 106 102011648 105879068 346832379 17092510
13 0 10000 113 102011648 106616735 346208684 17092510
12 0 10000 112 102011648 106616735 346426381 17092510
10 0 10000 110 102011648 106616735 346663537 17092510
9 0 10000 109 102011648 106616735 346713511 17092510
18 0 10000 118 102011648 106616735 346777285 17092510
11 0 10000 111 102011648 106616735 346805229 17092510
14 0 10000 114 102011648 106616735 346994761 17092510
4 0 10000 104 102011648 105879068 348064516 17092510
8 0 10000 108 102011648 106616735 347652928 17092510
