3 0 10000 103 102011648 104855537 314708870 17092510
4 0 10000 104 102011648 104855537 325398796 17092510
5 0 10000 105 102011648 104855537 337546706 17092510
17 0 10000 117 102011648 108700275 335278874 17092510
9 0 10000 109 102011648 108700275 336390684 17092510
15 0 10000 115 102011648 108700275 336469277 17092510
14 0 10000 114 102011648 108700275 340981551 17092510
6 0 10000 106 102011648 108102798 342090201 17092510
11 0 10000 111 102011648 108700275 341533939 17092510
13 0 10000 113 102011648 108700275 341918331 17092510
18 0 10000 118 102011648 111617088 339066273 17092510
7 0 10000 107 102011648 108102798 342849953 17092510
8 0 10000 108 102011648 108700275 343032898 17092510
12 0 10000 112 102011648 108700275 343203126 17092510
10 0 10000 110 102011648 108700275 343233175 17092510
16 0 10000 116 102011648 108700275 343746165 17092510
