3 0 10000 103 102011648 102590561 273656938 17092510
10 0 10000 110 102011648 106150866 335608301 17092510
7 0 10000 107 102011648 105434418 339030424 17092510
5 0 10000 105 102011648 105434418 339151642 17092510
9 0 10000 109 102011648 106150866 339623994 17092510
6 0 10000 106 102011648 105434418 340677676 17092510
11 0 10000 111 102011648 106150866 340809320 17092510
4 0 10000 104 102011648 105434418 341696993 17092510
8 0 10000 108 102011648 105434418 341885953 17092510
12 0 10000 112 102011648 106150866 341548860 17092510
15 0 10000 115 102011648 113132238 335009762 17092510
13 0 10000 113 102011648 106150866 342912338 17092510
18 0 10000 118 102011648 113132238 336098195 17092510
17 0 10000 117 102011648 113132238 336436021 17092510
16 0 10000 116 102011648 113132238 336657342 17092510
14 0 10000 114 102011648 113132238 337026820 17092510
