4 0 10000 104 102011648 101152658 333883122 17092510
9 0 10000 109 102011648 101766348 338701478 17092510
12 0 10000 112 102011648 101766348 339473937 17092510
6 0 10000 106 102011648 101766348 340587504 17092510
7 0 10000 107 102011648 101766348 341539342 17092510
15 0 10000 115 102011648 105958939 338383378 17092510
8 0 10000 108 102011648 101766348 344063882 17092510
17 0 10000 117 102011648 105958939 340086436 17092510
5 0 10000 105 102011648 101152658 345261920 17092510
10 0 10000 110 102011648 101766348 344767695 17092510
3 0 10000 103 102011648 101152658 347377090 17092510
16 0 10000 116 102011648 105958939 342725843 17092510
14 0 10000 114 102011648 105958939 342838145 17092510
18 0 10000 118 102011648 105958939 342933862 17092510
13 0 10000 113 102011648 105958939 343283128 17092510
11 0 10000 111 102011648 101766348 347557475 17092510
