3 0 10000 103 102011648 99170923 255968431 17092510
10 0 10000 110 102011648 102856398 330716665 17092510
12 0 10000 112 102011648 102856398 333075106 17092510
9 0 10000 109 102011648 102856398 336908170 17092510
8 0 10000 108 102011648 102856398 338991625 17092510
5 0 10000 105 102011648 102488995 340496908 17092510
16 0 10000 116 102011648 112149000 330860688 17092510
6 0 10000 106 102011648 102488995 341193720 17092510
11 0 10000 111 102011648 102856398 342047931 17092510
13 0 10000 113 102011648 102856398 342488127 17092510
15 0 10000 115 102011648 112149000 333313509 17092510
14 0 10000 114 102011648 112149000 333614760 17092510
7 0 10000 107 102011648 102488995 343581618 17092510
17 0 10000 117 102011648 112149000 334474265 17092510
18 0 10000 118 102011648 112149000 334482083 17092510
4 0 10000 104 102011648 102488995 344410311 17092510
