4 0 10000 104 102011648 102088451 34040484 17092510
3 0 10000 103 102011648 102088451 34206738 17092510
5 0 10000 105 102011648 142615080 290569197 17092510
15 0 10000 115 102011648 143305063 301905650 17092510
12 0 10000 112 102011648 143305063 302629134 17092510
16 0 10000 116 102011648 143305063 304256532 17092510
10 0 10000 110 102011648 143305063 304878091 17092510
13 0 10000 113 102011648 143305063 306211617 17092510
7 0 10000 107 102011648 143305063 307466701 17092510
6 0 10000 106 102011648 143305063 307589053 17092510
11 0 10000 111 102011648 143305063 308060308 17092510
14 0 10000 114 102011648 143305063 308837727 17092510
18 0 10000 118 102011648 143305063 309070622 17092510
9 0 10000 109 102011648 143305063 309079719 17092510
8 0 10000 108 102011648 143305063 309318543 17092510
17 0 10000 117 102011648 143305063 309380742 17092510
