3 0 10000 103 102011648 101160526 338390203 17092510
4 0 10000 104 102011648 101706982 339189840 17092510
14 0 10000 114 102011648 102148056 339906148 17092510
18 0 10000 118 102011648 102148056 340031061 17092510
12 0 10000 112 102011648 102148056 342303557 17092510
5 0 10000 105 102011648 101706982 343127224 17092510
9 0 10000 109 102011648 102148056 342936830 17092510
17 0 10000 117 102011648 102148056 344782331 17092510
13 0 10000 113 102011648 102148056 344999847 17092510
15 0 10000 115 102011648 102148056 345962916 17092510
7 0 10000 107 102011648 101726055 346425888 17092510
16 0 10000 116 102011648 102148056 346035671 17092510
6 0 10000 106 102011648 101726055 346597739 17092510
11 0 10000 111 102011648 102148056 346457342 17092510
10 0 10000 110 102011648 102148056 346574144 17092510
8 0 10000 108 102011648 101726055 347360100 17092510
