3 0 10000 103 102011648 101120710 234929530 17092510
4 0 10000 104 102011648 104569197 335945117 17092510
11 0 10000 111 102011648 106388092 335668816 17092510
5 0 10000 105 102011648 104569197 338480555 17092510
7 0 10000 107 102011648 106388092 336691250 17092510
13 0 10000 113 102011648 106388092 337950863 17092510
8 0 10000 108 102011648 106388092 339344771 17092510
6 0 10000 106 102011648 106388092 340310187 17092510
9 0 10000 109 102011648 106388092 340871836 17092510
10 0 10000 110 102011648 106388092 341165026 17092510
12 0 10000 112 102011648 106388092 341395532 17092510
14 0 10000 114 102011648 115162134 333072148 17092510
15 0 10000 115 102011648 115162134 333778928 17092510
18 0 10000 118 102011648 115162134 333897501 17092510
17 0 10000 117 102011648 115162134 334324688 17092510
16 0 10000 116 102011648 115162134 334452123 17092510
