8 0 10000 108 102011648 107491732 333655285 17092510
5 0 10000 105 102011648 106218100 337902970 17092510
6 0 10000 106 102011648 106218100 340631685 17092510
17 0 10000 117 102011648 108454704 340801917 17092510
15 0 10000 115 102011648 108454704 341065070 17092510
3 0 10000 103 102011648 106218100 343920301 17092510
13 0 10000 113 102011648 108454704 342269191 17092510
7 0 10000 107 102011648 106218100 345920482 17092510
14 0 10000 114 102011648 108454704 343797475 17092510
16 0 10000 116 102011648 108454704 345354558 17092510
11 0 10000 111 102011648 108454704 345643694 17092510
18 0 10000 118 102011648 108454704 345862840 17092510
12 0 10000 112 102011648 108454704 346150580 17092510
10 0 10000 110 102011648 108454704 346274991 17092510
9 0 10000 109 102011648 107491732 347673882 17092510
4 0 10000 104 102011648 106218100 349199935 17092510
