8 0 10000 108 102011648 104655266 337255886 17092510
5 0 10000 105 102011648 104404211 338363554 17092510
13 0 10000 113 102011648 107551813 335892703 17092510
7 0 10000 107 102011648 104655266 339813550 17092510
18 0 10000 118 102011648 107551813 338385531 17092510
4 0 10000 104 102011648 104404211 343593597 17092510
12 0 10000 112 102011648 107551813 342013509 17092510
6 0 10000 106 102011648 104404211 346656498 17092510
9 0 10000 109 102011648 104655266 346880590 17092510
11 0 10000 111 102011648 107551813 344396142 17092510
16 0 10000 116 102011648 107551813 344750819 17092510
10 0 10000 110 102011648 107224226 345304457 17092510
3 0 10000 103 102011648 104404211 348403302 17092510
15 0 10000 115 102011648 107551813 345651995 17092510
17 0 10000 117 102011648 107551813 345811619 17092510
14 0 10000 114 102011648 107551813 346011002 17092510
