4 0 10000 104 102011648 105252266 327133052 17092510
10 0 10000 110 102011648 106704473 332494445 17092510
11 0 10000 111 102011648 106704473 334186582 17092510
6 0 10000 106 102011648 106704473 339137084 17092510
3 0 10000 103 102011648 105252266 341095671 17092510
8 0 10000 108 102011648 106704473 340499069 17092510
9 0 10000 109 102011648 106704473 341076723 17092510
7 0 10000 107 102011648 106704473 342050246 17092510
16 0 10000 116 102011648 113670111 335331586 17092510
13 0 10000 113 102011648 113670111 339155767 17092510
12 0 10000 112 102011648 113670111 339406541 17092510
18 0 10000 118 102011648 113670111 339951868 17092510
17 0 10000 117 102011648 113670111 340132346 17092510
15 0 10000 115 102011648 113670111 340331088 17092510
5 0 10000 105 102011648 106611729 347577755 17092510
14 0 10000 114 102011648 113670111 340645125 17092510
