4 0 10000 104 102011648 102305651 324804251 17092510
3 0 10000 103 102011648 102046251 334199473 17092510
6 0 10000 106 102011648 102502108 335218563 17092510
7 0 10000 107 102011648 102502108 338653176 17092510
5 0 10000 105 102011648 102305651 341459291 17092510
16 0 10000 116 102011648 106991529 338352361 17092510
17 0 10000 117 102011648 106991529 339056217 17092510
15 0 10000 115 102011648 106854200 339976906 17092510
8 0 10000 108 102011648 106023550 341075264 17092510
13 0 10000 113 102011648 106854200 340368671 17092510
18 0 10000 118 102011648 106991529 341020969 17092510
11 0 10000 111 102011648 106023550 342252470 17092510
12 0 10000 112 102011648 106854200 341574081 17092510
9 0 10000 109 102011648 106023550 342406864 17092510
10 0 10000 110 102011648 106023550 343244890 17092510
14 0 10000 114 102011648 106854200 342776984 17092510
