3 0 10000 103 102011648 99348068 289084345 17092510
9 0 10000 109 102011648 102859497 332933470 17092510
12 0 10000 112 102011648 102859497 336760884 17092510
16 0 10000 116 102011648 102859497 337617331 17092510
5 0 10000 105 102011648 102129698 338765976 17092510
15 0 10000 115 102011648 102859497 338856328 17092510
4 0 10000 104 102011648 101539373 341909506 17092510
11 0 10000 111 102011648 102859497 341190565 17092510
7 0 10000 107 102011648 102859497 341510202 17092510
6 0 10000 106 102011648 102129698 342724566 17092510
17 0 10000 117 102011648 102859497 342830312 17092510
8 0 10000 108 102011648 102859497 342960814 17092510
13 0 10000 113 102011648 102859497 342969826 17092510
10 0 10000 110 102011648 102859497 343668622 17092510
18 0 10000 118 102011648 102859497 343878749 17092510
14 0 10000 114 102011648 102859497 344124354 17092510
