3 0 10000 103 102011648 106962204 334177237 17092510
6 0 10000 106 102011648 106962204 341433226 17092510
11 0 10000 111 102011648 107787609 341491895 17092510
4 0 10000 104 102011648 106962204 342331833 17092510
16 0 10000 116 102011648 107787609 341883745 17092510
18 0 10000 118 102011648 108151197 342724041 17092510
13 0 10000 113 102011648 107787609 343495558 17092510
17 0 10000 117 102011648 108151197 345004770 17092510
8 0 10000 108 102011648 106962204 346265147 17092510
12 0 10000 112 102011648 107787609 345525838 17092510
9 0 10000 109 102011648 106962204 346487656 17092510
15 0 10000 115 102011648 107787609 345895214 17092510
5 0 10000 105 102011648 106962204 347067961 17092510
10 0 10000 110 102011648 107787609 346381635 17092510
7 0 10000 107 102011648 106962204 347521121 17092510
14 0 10000 114 102011648 107787609 346885792 17092510
