3 0 10000 103 102011648 105728865 246613222 17092510
6 0 10000 106 102011648 109678507 337159646 17092510
8 0 10000 108 102011648 109678507 338180217 17092510
15 0 10000 115 102011648 109678507 338960269 17092510
4 0 10000 104 102011648 109678507 339514544 17092510
18 0 10000 118 102011648 109678507 340321065 17092510
16 0 10000 116 102011648 109678507 340639688 17092510
5 0 10000 105 102011648 109678507 340937514 17092510
12 0 10000 112 102011648 109678507 341166359 17092510
17 0 10000 117 102011648 109678507 342413691 17092510
11 0 10000 111 102011648 109678507 342725589 17092510
9 0 10000 109 102011648 109678507 343128728 17092510
7 0 10000 107 102011648 109678507 343184429 17092510
13 0 10000 113 102011648 109678507 343425323 17092510
14 0 10000 114 102011648 109678507 343706784 17092510
10 0 10000 110 102011648 109678507 343860968 17092510
