3 0 10000 103 102011648 105896473 323132324 17092510
16 0 10000 116 102011648 109172344 338554274 17092510
17 0 10000 117 102011648 109172344 339547578 17092510
9 0 10000 109 102011648 106752157 344327133 17092510
12 0 10000 112 102011648 109172344 342370951 17092510
7 0 10000 107 102011648 106752157 344906960 17092510
6 0 10000 106 102011648 106752157 345457774 17092510
8 0 10000 108 102011648 106752157 345759707 17092510
18 0 10000 118 102011648 109172344 343513654 17092510
10 0 10000 110 102011648 109172344 343842190 17092510
4 0 10000 104 102011648 106752157 346599012 17092510
15 0 10000 115 102011648 109172344 344573636 17092510
14 0 10000 114 102011648 109172344 344784860 17092510
13 0 10000 113 102011648 109172344 344969092 17092510
5 0 10000 105 102011648 106752157 347583760 17092510
11 0 10000 111 102011648 109172344 345280845 17092510
