3 0 10000 103 102011648 101595402 331626884 17092510
4 0 10000 104 102011648 101595402 335450712 17092510
5 0 10000 105 102011648 101595402 336024186 17092510
7 0 10000 107 102011648 102874517 340122895 17092510
11 0 10000 111 102011648 106384754 337937521 17092510
9 0 10000 109 102011648 105805635 340337412 17092510
13 0 10000 113 102011648 106384754 340046452 17092510
10 0 10000 110 102011648 106384754 340455844 17092510
6 0 10000 106 102011648 102874517 344522230 17092510
14 0 10000 114 102011648 106384754 341109588 17092510
16 0 10000 116 102011648 106384754 341165300 17092510
18 0 10000 118 102011648 106384754 341809399 17092510
8 0 10000 108 102011648 104362249 344301274 17092510
17 0 10000 117 102011648 106384754 342536643 17092510
15 0 10000 115 102011648 106384754 342925783 17092510
12 0 10000 112 102011648 106384754 342934285 17092510
