5 0 10000 105 102011648 102786541 299536936 17092510
4 0 10000 104 102011648 102786541 317920058 17092510
6 0 10000 106 102011648 103637218 337525291 17092510
3 0 10000 103 102011648 102786541 339087386 17092510
9 0 10000 109 102011648 111530781 330544699 17092510
13 0 10000 113 102011648 111530781 335433501 17092510
17 0 10000 117 102011648 111530781 335725974 17092510
15 0 10000 115 102011648 111530781 336443255 17092510
10 0 10000 110 102011648 111530781 337478384 17092510
8 0 10000 108 102011648 111530781 338078830 17092510
11 0 10000 111 102011648 111530781 338273203 17092510
18 0 10000 118 102011648 111530781 338319008 17092510
7 0 10000 107 102011648 108298540 342217374 17092510
16 0 10000 116 102011648 111530781 339121182 17092510
12 0 10000 112 102011648 111530781 339360183 17092510
14 0 10000 114 102011648 111530781 339627065 17092510
