3 0 10000 103 102011648 104211330 329543264 17092510
4 0 10000 104 102011648 104211330 334720817 17092510
5 0 10000 105 102011648 104211330 337116225 17092510
6 0 10000 106 102011648 106000185 336658012 17092510
8 0 10000 108 102011648 107136011 339534200 17092510
13 0 10000 113 102011648 107617378 339279927 17092510
16 0 10000 116 102011648 107617378 339301727 17092510
17 0 10000 117 102011648 107617378 341035625 17092510
9 0 10000 109 102011648 107136011 341739295 17092510
7 0 10000 107 102011648 106642485 343612396 17092510
18 0 10000 118 102011648 107617378 342979603 17092510
14 0 10000 114 102011648 107617378 343312524 17092510
12 0 10000 112 102011648 107617378 343409615 17092510
15 0 10000 115 102011648 107617378 344261562 17092510
11 0 10000 111 102011648 107617378 344467469 17092510
10 0 10000 110 102011648 107136011 345171694 17092510
