3 0 10000 103 102011648 102733374 290124178 17092510
4 0 10000 104 102011648 103577614 323872157 17092510
9 0 10000 109 102011648 107087374 331689195 17092510
5 0 10000 105 102011648 106271505 335988191 17092510
14 0 10000 114 102011648 111558437 331416129 17092510
8 0 10000 108 102011648 107087374 336882667 17092510
18 0 10000 118 102011648 114252329 330911337 17092510
12 0 10000 112 102011648 111558437 336267569 17092510
7 0 10000 107 102011648 107087374 341973713 17092510
11 0 10000 111 102011648 111558437 338244191 17092510
10 0 10000 110 102011648 111558437 338579219 17092510
17 0 10000 117 102011648 114252329 336255630 17092510
16 0 10000 116 102011648 114252329 336501727 17092510
13 0 10000 113 102011648 111558437 339439418 17092510
6 0 10000 106 102011648 106271505 345006610 17092510
15 0 10000 115 102011648 114252329 337055068 17092510
