4 0 10000 104 102011648 107610226 332737531 17092510
13 0 10000 113 102011648 108980894 334987358 17092510
16 0 10000 116 102011648 109910250 335486144 17092510
14 0 10000 114 102011648 108980894 340291762 17092510
7 0 10000 107 102011648 108980894 340404705 17092510
8 0 10000 108 102011648 108980894 341509845 17092510
3 0 10000 103 102011648 107610226 344218092 17092510
17 0 10000 117 102011648 109910250 342571935 17092510
5 0 10000 105 102011648 107610226 345115768 17092510
6 0 10000 106 102011648 108980894 344126689 17092510
10 0 10000 110 102011648 108980894 344474688 17092510
11 0 10000 111 102011648 108980894 344659255 17092510
12 0 10000 112 102011648 108980894 345435357 17092510
15 0 10000 115 102011648 109910250 344729098 17092510
18 0 10000 118 102011648 109910250 344961082 17092510
9 0 10000 109 102011648 108980894 346074415 17092510
