3 0 10000 103 102011648 101802111 299495453 17092510
6 0 10000 106 102011648 103366613 339845610 17092510
4 0 10000 104 102011648 103366613 341122726 17092510
7 0 10000 107 102011648 104264021 341293525 17092510
13 0 10000 113 102011648 105404139 340468843 17092510
12 0 10000 112 102011648 105404139 341396787 17092510
8 0 10000 108 102011648 104264021 342573923 17092510
14 0 10000 114 102011648 105404139 341576606 17092510
15 0 10000 115 102011648 105404139 341692850 17092510
17 0 10000 117 102011648 105404139 342762661 17092510
5 0 10000 105 102011648 103366613 345162293 17092510
10 0 10000 110 102011648 104264021 344895375 17092510
11 0 10000 111 102011648 104264021 345595012 17092510
18 0 10000 118 102011648 116390705 333694266 17092510
9 0 10000 109 102011648 104264021 345909720 17092510
16 0 10000 116 102011648 105404139 344919705 17092510
