4 0 10000 104 102011648 106502295 289701868 17092510
3 0 10000 103 102011648 105595350 302542913 17092510
5 0 10000 105 102011648 106502295 321454662 17092510
6 0 10000 106 102011648 108330727 336851358 17092510
9 0 10000 109 102011648 114362478 334677542 17092510
17 0 10000 117 102011648 114362478 336577587 17092510
15 0 10000 115 102011648 114362478 336767295 17092510
8 0 10000 108 102011648 114362478 337584818 17092510
18 0 10000 118 102011648 114362478 338089989 17092510
10 0 10000 110 102011648 114362478 338256897 17092510
11 0 10000 111 102011648 114362478 338379154 17092510
16 0 10000 116 102011648 114362478 338838910 17092510
14 0 10000 114 102011648 114362478 339103290 17092510
12 0 10000 112 102011648 114362478 339276665 17092510
13 0 10000 113 102011648 114362478 339293773 17092510
7 0 10000 107 102011648 114362478 339572827 17092510
