4 0 10000 104 102011648 105907440 342626617 17092510
10 0 10000 110 102011648 105907440 343407241 17092510
6 0 10000 106 102011648 105907440 345591000 17092510
13 0 10000 113 102011648 105907440 345796146 17092510
14 0 10000 114 102011648 105907440 346028090 17092510
12 0 10000 112 102011648 105907440 346447213 17092510
16 0 10000 116 102011648 107020378 345444075 17092510
15 0 10000 115 102011648 107020378 345559062 17092510
9 0 10000 109 102011648 105907440 347090089 17092510
5 0 10000 105 102011648 105907440 347210930 17092510
11 0 10000 111 102011648 105907440 347914303 17092510
3 0 10000 103 102011648 105907440 348006404 17092510
17 0 10000 117 102011648 107020378 347226190 17092510
7 0 10000 107 102011648 105907440 348622194 17092510
18 0 10000 118 102011648 107020378 347572169 17092510
8 0 10000 108 102011648 105907440 348879310 17092510
