3 0 10000 103 102011648 104384184 317211843 17092510
4 0 10000 104 102011648 104858160 330126059 17092510
18 0 10000 118 102011648 106950998 337680372 17092510
7 0 10000 107 102011648 106280327 340832920 17092510
16 0 10000 116 102011648 106950998 341527218 17092510
5 0 10000 105 102011648 106280327 343266476 17092510
13 0 10000 113 102011648 106950998 343203435 17092510
11 0 10000 111 102011648 106280327 344642845 17092510
10 0 10000 110 102011648 106280327 344751206 17092510
15 0 10000 115 102011648 106950998 344409423 17092510
14 0 10000 114 102011648 106950998 344532919 17092510
12 0 10000 112 102011648 106280327 345228038 17092510
9 0 10000 109 102011648 106280327 345506602 17092510
17 0 10000 117 102011648 106950998 345087988 17092510
6 0 10000 106 102011648 106280327 346016783 17092510
8 0 10000 108 102011648 106280327 346257576 17092510
