5 0 10000 105 102011648 103373528 334561321 17092510
3 0 10000 103 102011648 103373528 337662758 17092510
8 0 10000 108 102011648 105758905 336635588 17092510
7 0 10000 107 102011648 105758905 340487561 17092510
17 0 10000 117 102011648 105758905 340743889 17092510
4 0 10000 104 102011648 103373528 343701643 17092510
14 0 10000 114 102011648 105758905 342051832 17092510
16 0 10000 116 102011648 105758905 342528401 17092510
12 0 10000 112 102011648 105758905 343808292 17092510
6 0 10000 106 102011648 103375196 346668353 17092510
15 0 10000 115 102011648 105758905 344863922 17092510
18 0 10000 118 102011648 105758905 344934642 17092510
13 0 10000 113 102011648 105758905 345501137 17092510
9 0 10000 109 102011648 105758905 345587340 17092510
11 0 10000 111 102011648 105758905 345823770 17092510
10 0 10000 110 102011648 105758905 346016732 17092510
