3 0 10000 103 102011648 101430416 146191477 17092510
5 0 10000 105 102011648 108933687 327089483 17092510
8 0 10000 108 102011648 110883236 330693700 17092510
11 0 10000 111 102011648 110883236 331434288 17092510
10 0 10000 110 102011648 110883236 332506416 17092510
4 0 10000 104 102011648 108933687 334611543 17092510
6 0 10000 106 102011648 108933687 335281051 17092510
15 0 10000 115 102011648 110883236 334711905 17092510
18 0 10000 118 102011648 110883236 335432703 17092510
12 0 10000 112 102011648 110883236 336734254 17092510
7 0 10000 107 102011648 110883236 337045621 17092510
17 0 10000 117 102011648 110883236 337175153 17092510
16 0 10000 116 102011648 110883236 337222153 17092510
9 0 10000 109 102011648 110883236 337674436 17092510
14 0 10000 114 102011648 110883236 337777377 17092510
13 0 10000 113 102011648 110883236 337936886 17092510
