10 0 10000 110 102011648 102852345 339243977 17092510
8 0 10000 108 102011648 102852345 340749357 17092510
13 0 10000 113 102011648 102852345 343183598 17092510
18 0 10000 118 102011648 102852345 343500430 17092510
5 0 10000 105 102011648 102712870 344611348 17092510
17 0 10000 117 102011648 102852345 344652537 17092510
3 0 10000 103 102011648 102712870 345396261 17092510
16 0 10000 116 102011648 102852345 345897276 17092510
12 0 10000 112 102011648 102852345 345949017 17092510
4 0 10000 104 102011648 102712870 346537207 17092510
9 0 10000 109 102011648 102852345 346577300 17092510
7 0 10000 107 102011648 102852345 347069418 17092510
11 0 10000 111 102011648 102852345 347418323 17092510
6 0 10000 106 102011648 102852345 347442920 17092510
15 0 10000 115 102011648 102852345 347760391 17092510
14 0 10000 114 102011648 102852345 347988656 17092510
