11 0 10000 111 102011648 104861259 335677007 17092510
3 0 10000 103 102011648 103642941 337852840 17092510
9 0 10000 109 102011648 104861259 337084393 17092510
8 0 10000 108 102011648 104861259 339715402 17092510
12 0 10000 112 102011648 104861259 342022848 17092510
7 0 10000 107 102011648 103921890 342976660 17092510
14 0 10000 114 102011648 104861259 342191800 17092510
5 0 10000 105 102011648 103921890 343169389 17092510
6 0 10000 106 102011648 103921890 344724355 17092510
4 0 10000 104 102011648 103642941 345245157 17092510
16 0 10000 116 102011648 107618332 342279329 17092510
17 0 10000 117 102011648 107618332 343435543 17092510
13 0 10000 113 102011648 104861259 346279440 17092510
10 0 10000 110 102011648 104861259 346327547 17092510
15 0 10000 115 102011648 107618332 343728700 17092510
18 0 10000 118 102011648 107618332 343986144 17092510
