3 0 10000 103 102011648 101936102 214557679 17092510
4 0 10000 104 102011648 106271029 328539764 17092510
18 0 10000 118 102011648 109828711 332543101 17092510
8 0 10000 108 102011648 108763456 334832756 17092510
10 0 10000 110 102011648 108763456 335394814 17092510
15 0 10000 115 102011648 109828711 334948401 17092510
14 0 10000 114 102011648 109828711 335740706 17092510
16 0 10000 116 102011648 109828711 336065779 17092510
11 0 10000 111 102011648 108763456 337800429 17092510
7 0 10000 107 102011648 108763456 338618656 17092510
5 0 10000 105 102011648 108763456 338997717 17092510
6 0 10000 106 102011648 108763456 339106472 17092510
9 0 10000 109 102011648 108763456 339220477 17092510
13 0 10000 113 102011648 109828711 338307214 17092510
17 0 10000 117 102011648 109828711 338568843 17092510
12 0 10000 112 102011648 108763456 339689540 17092510
