4 0 10000 104 102011648 98733425 310840768 17092510
3 0 10000 103 102011648 98733425 311695545 17092510
8 0 10000 108 102011648 102357388 334926602 17092510
16 0 10000 116 102011648 102678537 336781897 17092510
7 0 10000 107 102011648 102357388 337449892 17092510
13 0 10000 113 102011648 102357388 339588073 17092510
15 0 10000 115 102011648 102678537 340061633 17092510
9 0 10000 109 102011648 102357388 341529431 17092510
12 0 10000 112 102011648 102357388 342430259 17092510
11 0 10000 111 102011648 102357388 342662849 17092510
5 0 10000 105 102011648 102296591 343122490 17092510
17 0 10000 117 102011648 102678537 342828226 17092510
14 0 10000 114 102011648 102678537 343558395 17092510
6 0 10000 106 102011648 102357388 344032585 17092510
18 0 10000 118 102011648 102678537 343857764 17092510
10 0 10000 110 102011648 102357388 344505821 17092510
