3 0 10000 103 102011648 101103306 294467416 17092510
14 0 10000 114 102011648 104611397 335974038 17092510
17 0 10000 117 102011648 104611397 339745774 17092510
11 0 10000 111 102011648 104611397 340708218 17092510
4 0 10000 104 102011648 103135347 343182596 17092510
10 0 10000 110 102011648 104516983 341803109 17092510
16 0 10000 116 102011648 104611397 341962916 17092510
8 0 10000 108 102011648 103135347 343455012 17092510
5 0 10000 105 102011648 103135347 343669174 17092510
15 0 10000 115 102011648 104611397 342584964 17092510
18 0 10000 118 102011648 104611397 343006172 17092510
13 0 10000 113 102011648 104611397 343216427 17092510
6 0 10000 106 102011648 103135347 344815395 17092510
7 0 10000 107 102011648 103135347 345261855 17092510
9 0 10000 109 102011648 103135347 345742623 17092510
12 0 10000 112 102011648 104611397 344379168 17092510
