3 0 10000 103 102011648 96852541 236999510 17092510
12 0 10000 112 102011648 101966619 334433147 17092510
14 0 10000 114 102011648 101966619 335956119 17092510
17 0 10000 117 102011648 101966619 336033024 17092510
16 0 10000 116 102011648 101966619 337661893 17092510
4 0 10000 104 102011648 101039410 339147492 17092510
15 0 10000 115 102011648 101966619 339509100 17092510
11 0 10000 111 102011648 101966619 340005984 17092510
6 0 10000 106 102011648 101039410 341009300 17092510
9 0 10000 109 102011648 101966619 340934888 17092510
10 0 10000 110 102011648 101966619 340984892 17092510
8 0 10000 108 102011648 101039410 342534818 17092510
13 0 10000 113 102011648 101966619 342067741 17092510
18 0 10000 118 102011648 101966619 342278640 17092510
5 0 10000 105 102011648 101039410 343483684 17092510
7 0 10000 107 102011648 101039410 343565468 17092510
