3 0 10000 103 102011648 99801064 297669580 17092510
4 0 10000 104 102011648 99801064 298514591 17092510
6 0 10000 106 102011648 103036642 334880092 17092510
12 0 10000 112 102011648 105714560 335352739 17092510
9 0 10000 109 102011648 105714560 339008306 17092510
7 0 10000 107 102011648 105714560 339179305 17092510
15 0 10000 115 102011648 105714560 340581420 17092510
10 0 10000 110 102011648 105714560 340758566 17092510
18 0 10000 118 102011648 105714560 341320894 17092510
17 0 10000 117 102011648 105714560 341446466 17092510
5 0 10000 105 102011648 100315809 347017745 17092510
8 0 10000 108 102011648 105714560 341720390 17092510
16 0 10000 116 102011648 105714560 341810694 17092510
13 0 10000 113 102011648 105714560 342041247 17092510
14 0 10000 114 102011648 105714560 342110867 17092510
11 0 10000 111 102011648 105714560 342182241 17092510
