3 0 10000 103 102011648 95418692 262744312 17092510
4 0 10000 104 102011648 97388506 307458433 17092510
5 0 10000 105 102011648 101518154 337127173 17092510
6 0 10000 106 102011648 101518154 337654753 17092510
18 0 10000 118 102011648 101518154 337669434 17092510
16 0 10000 116 102011648 101518154 337691523 17092510
12 0 10000 112 102011648 101518154 337871296 17092510
7 0 10000 107 102011648 101518154 337953379 17092510
9 0 10000 109 102011648 101518154 338182698 17092510
17 0 10000 117 102011648 101518154 338643398 17092510
14 0 10000 114 102011648 101518154 338674774 17092510
15 0 10000 115 102011648 101518154 338710804 17092510
8 0 10000 108 102011648 101518154 338939599 17092510
10 0 10000 110 102011648 101518154 338964638 17092510
13 0 10000 113 102011648 101518154 339652442 17092510
11 0 10000 111 102011648 101518154 340043797 17092510
