4 0 10000 104 102011648 102301121 302507671 17092510
3 0 10000 103 102011648 102301121 304311679 17092510
17 0 10000 117 102011648 109727383 333386623 17092510
5 0 10000 105 102011648 107252836 336438387 17092510
15 0 10000 115 102011648 109727383 333997250 17092510
6 0 10000 106 102011648 107252836 336868099 17092510
7 0 10000 107 102011648 107252836 339113370 17092510
8 0 10000 108 102011648 107252836 340069598 17092510
9 0 10000 109 102011648 108080864 339408924 17092510
11 0 10000 111 102011648 109727383 338710904 17092510
18 0 10000 118 102011648 109727383 338911545 17092510
10 0 10000 110 102011648 109727383 339379392 17092510
16 0 10000 116 102011648 109727383 339546849 17092510
13 0 10000 113 102011648 109727383 339614011 17092510
14 0 10000 114 102011648 109727383 339742053 17092510
12 0 10000 112 102011648 109727383 340080839 17092510
