4 0 10000 104 102011648 103367090 325454695 17092510
3 0 10000 103 102011648 103323221 329604458 17092510
5 0 10000 105 102011648 103367090 340310120 17092510
10 0 10000 110 102011648 106236935 338534428 17092510
15 0 10000 115 102011648 107243538 339342671 17092510
16 0 10000 116 102011648 107243538 339539537 17092510
6 0 10000 106 102011648 106236935 341517576 17092510
12 0 10000 112 102011648 106236935 342313276 17092510
13 0 10000 113 102011648 106236935 342399261 17092510
14 0 10000 114 102011648 107243538 341398626 17092510
17 0 10000 117 102011648 107243538 341718529 17092510
18 0 10000 118 102011648 107243538 342118416 17092510
7 0 10000 107 102011648 106236935 343340920 17092510
9 0 10000 109 102011648 106236935 343755133 17092510
11 0 10000 111 102011648 106236935 343946613 17092510
8 0 10000 108 102011648 106236935 344479719 17092510
