11 0 10000 111 102011648 117465973 340711749 17092510
9 0 10000 109 102011648 117465973 343559719 17092510
4 0 10000 104 102011648 117465973 343728349 17092510
7 0 10000 107 102011648 117465973 344751972 17092510
12 0 10000 112 102011648 117465973 345231816 17092510
13 0 10000 113 102011648 117465973 345324598 17092510
16 0 10000 116 102011648 118908882 344694468 17092510
8 0 10000 108 102011648 117465973 346519255 17092510
5 0 10000 105 102011648 117465973 346711849 17092510
14 0 10000 114 102011648 118908882 345447544 17092510
15 0 10000 115 102011648 118908882 345895488 17092510
18 0 10000 118 102011648 118908882 345927873 17092510
6 0 10000 106 102011648 117465973 347495534 17092510
3 0 10000 103 102011648 117465973 347669502 17092510
17 0 10000 117 102011648 118908882 346569823 17092510
10 0 10000 110 102011648 117465973 348106916 17092510
