8 0 10000 108 102011648 107581854 318002731 17092510
3 0 10000 103 102011648 107581854 329701551 17092510
6 0 10000 106 102011648 107581854 332580026 17092510
4 0 10000 104 102011648 107581854 334693972 17092510
7 0 10000 107 102011648 107581854 335732789 17092510
5 0 10000 105 102011648 107581854 337253779 17092510
18 0 10000 118 102011648 117805004 335193724 17092510
15 0 10000 115 102011648 117805004 337449110 17092510
17 0 10000 117 102011648 117805004 337852095 17092510
12 0 10000 112 102011648 117805004 337862098 17092510
14 0 10000 114 102011648 117805004 337864966 17092510
13 0 10000 113 102011648 117805004 339107158 17092510
11 0 10000 111 102011648 117805004 339241892 17092510
9 0 10000 109 102011648 117805004 339298158 17092510
16 0 10000 116 102011648 117805004 339559013 17092510
10 0 10000 110 102011648 117805004 339703196 17092510
