3 0 10000 103 102011648 97650290 280186535 17092510
4 0 10000 104 102011648 98221064 303414061 17092510
9 0 10000 109 102011648 106889486 330633956 17092510
5 0 10000 105 102011648 102056980 336517481 17092510
16 0 10000 116 102011648 106889486 332272527 17092510
8 0 10000 108 102011648 105665445 334009509 17092510
7 0 10000 107 102011648 102056980 338402710 17092510
6 0 10000 106 102011648 102056980 339118099 17092510
14 0 10000 114 102011648 106889486 335464348 17092510
13 0 10000 113 102011648 106889486 335819341 17092510
18 0 10000 118 102011648 106889486 336425791 17092510
10 0 10000 110 102011648 106889486 337177556 17092510
12 0 10000 112 102011648 106889486 337181551 17092510
15 0 10000 115 102011648 106889486 337349219 17092510
11 0 10000 111 102011648 106889486 337546882 17092510
17 0 10000 117 102011648 106889486 337956223 17092510
