4 0 10000 104 102011648 104295731 292414590 17092510
3 0 10000 103 102011648 104295731 301369933 17092510
7 0 10000 107 102011648 110094309 334431556 17092510
11 0 10000 111 102011648 110094309 338440106 17092510
17 0 10000 117 102011648 110094309 339081049 17092510
13 0 10000 113 102011648 110094309 339477423 17092510
14 0 10000 114 102011648 110094309 339762505 17092510
18 0 10000 118 102011648 110094309 339866567 17092510
15 0 10000 115 102011648 110094309 340142164 17092510
16 0 10000 116 102011648 110094309 340313611 17092510
12 0 10000 112 102011648 110094309 340818338 17092510
5 0 10000 105 102011648 110094309 341217378 17092510
10 0 10000 110 102011648 110094309 341372050 17092510
6 0 10000 106 102011648 110094309 341891065 17092510
8 0 10000 108 102011648 110094309 341929077 17092510
9 0 10000 109 102011648 110094309 342177541 17092510
