4 0 10000 104 102011648 104754210 332160764 17092510
3 0 10000 103 102011648 104754210 336085541 17092510
7 0 10000 107 102011648 106372356 339158238 17092510
6 0 10000 106 102011648 106372356 339924594 17092510
17 0 10000 117 102011648 108760834 339073332 17092510
8 0 10000 108 102011648 106372356 343979646 17092510
15 0 10000 115 102011648 108760834 342342322 17092510
18 0 10000 118 102011648 108760834 342361906 17092510
5 0 10000 105 102011648 106372356 345190508 17092510
14 0 10000 114 102011648 108760834 342848715 17092510
12 0 10000 112 102011648 108760834 343175445 17092510
10 0 10000 110 102011648 108760834 343208081 17092510
11 0 10000 111 102011648 108760834 343262771 17092510
9 0 10000 109 102011648 108760834 343359973 17092510
16 0 10000 116 102011648 108760834 343701180 17092510
13 0 10000 113 102011648 108760834 344064086 17092510
