3 0 10000 103 102011648 100116253 194660234 17092510
4 0 10000 104 102011648 100208998 201584791 17092510
18 0 10000 118 102011648 115440845 322876467 17092510
9 0 10000 109 102011648 115440845 325003899 17092510
12 0 10000 112 102011648 115440845 325436790 17092510
13 0 10000 113 102011648 115440845 327483175 17092510
5 0 10000 105 102011648 115440845 328119531 17092510
16 0 10000 116 102011648 115440845 328629020 17092510
8 0 10000 108 102011648 115440845 328731164 17092510
7 0 10000 107 102011648 115440845 328954758 17092510
14 0 10000 114 102011648 115440845 329509429 17092510
17 0 10000 117 102011648 115440845 329870771 17092510
6 0 10000 106 102011648 115440845 330186088 17092510
15 0 10000 115 102011648 115440845 330412285 17092510
10 0 10000 110 102011648 115440845 330427046 17092510
11 0 10000 111 102011648 115440845 330709184 17092510
