3 0 10000 103 102011648 103952885 241034144 17092510
6 0 10000 106 102011648 107182264 337128565 17092510
4 0 10000 104 102011648 107182264 338191222 17092510
10 0 10000 110 102011648 110764265 335668188 17092510
9 0 10000 109 102011648 107182264 339453259 17092510
8 0 10000 108 102011648 107182264 340392738 17092510
5 0 10000 105 102011648 107182264 341261950 17092510
12 0 10000 112 102011648 110764265 337950235 17092510
14 0 10000 114 102011648 110764265 338252719 17092510
16 0 10000 116 102011648 110764265 339035512 17092510
7 0 10000 107 102011648 107182264 343246998 17092510
18 0 10000 118 102011648 110764265 339826496 17092510
11 0 10000 111 102011648 110764265 340076647 17092510
17 0 10000 117 102011648 110764265 340756496 17092510
15 0 10000 115 102011648 110764265 340840568 17092510
13 0 10000 113 102011648 110764265 340989832 17092510
