6 0 10000 106 102011648 105244875 334999491 17092510
4 0 10000 104 102011648 105244875 339060487 17092510
10 0 10000 110 102011648 107663155 339540222 17092510
8 0 10000 108 102011648 106269121 341019851 17092510
11 0 10000 111 102011648 107663155 339758866 17092510
12 0 10000 112 102011648 107663155 339834500 17092510
3 0 10000 103 102011648 105244875 343348891 17092510
7 0 10000 107 102011648 105244875 344706849 17092510
5 0 10000 105 102011648 105244875 346537064 17092510
17 0 10000 117 102011648 114516258 337349716 17092510
18 0 10000 118 102011648 114516258 337514061 17092510
9 0 10000 109 102011648 107663155 344522691 17092510
13 0 10000 113 102011648 114516258 338047726 17092510
15 0 10000 115 102011648 114516258 338853228 17092510
14 0 10000 114 102011648 114516258 339438884 17092510
16 0 10000 116 102011648 114516258 339614001 17092510
