3 0 10000 103 102011648 102349758 304931855 17092510
4 0 10000 104 102011648 102349758 312293668 17092510
5 0 10000 105 102011648 102349758 331338307 17092510
11 0 10000 111 102011648 107341290 338260091 17092510
14 0 10000 114 102011648 107644558 338243384 17092510
15 0 10000 115 102011648 107644558 339118603 17092510
13 0 10000 113 102011648 107341290 339457761 17092510
9 0 10000 109 102011648 107341290 340040338 17092510
16 0 10000 116 102011648 107644558 340500401 17092510
10 0 10000 110 102011648 107341290 340838741 17092510
8 0 10000 108 102011648 107341290 341801833 17092510
17 0 10000 117 102011648 107644558 341773150 17092510
7 0 10000 107 102011648 107341290 342176256 17092510
18 0 10000 118 102011648 107644558 342078522 17092510
6 0 10000 106 102011648 107341290 342665870 17092510
12 0 10000 112 102011648 107341290 342947487 17092510
