10 0 10000 110 102011648 101203203 339684427 17092510
9 0 10000 109 102011648 101203203 340222365 17092510
18 0 10000 118 102011648 105957270 337157343 17092510
7 0 10000 107 102011648 101203203 341932138 17092510
5 0 10000 105 102011648 100621462 343505151 17092510
13 0 10000 113 102011648 101203203 343253552 17092510
17 0 10000 117 102011648 105957270 339292753 17092510
3 0 10000 103 102011648 100616932 346026812 17092510
4 0 10000 104 102011648 100616932 346565900 17092510
16 0 10000 116 102011648 104284525 342977747 17092510
12 0 10000 112 102011648 101203203 346414565 17092510
8 0 10000 108 102011648 101203203 347237271 17092510
11 0 10000 111 102011648 101203203 347553003 17092510
6 0 10000 106 102011648 101203203 347782311 17092510
15 0 10000 115 102011648 101770639 347368653 17092510
14 0 10000 114 102011648 101203203 347960323 17092510
