7 0 10000 107 102011648 108226538 339042600 17092510
15 0 10000 115 102011648 108703613 339860065 17092510
11 0 10000 111 102011648 108703613 340308559 17092510
6 0 10000 106 102011648 108134747 342548097 17092510
9 0 10000 109 102011648 108264685 342931879 17092510
12 0 10000 112 102011648 108703613 342612592 17092510
10 0 10000 110 102011648 108264685 343285501 17092510
13 0 10000 113 102011648 108703613 344062267 17092510
5 0 10000 105 102011648 108134747 345514045 17092510
3 0 10000 103 102011648 108134747 346106167 17092510
17 0 10000 117 102011648 113460779 341701944 17092510
16 0 10000 116 102011648 108703613 346900484 17092510
14 0 10000 114 102011648 108703613 347169601 17092510
4 0 10000 104 102011648 108134747 347894846 17092510
8 0 10000 108 102011648 108226538 347984486 17092510
18 0 10000 118 102011648 113460779 342961538 17092510
