5 0 10000 105 102011648 102465153 332999056 17092510
6 0 10000 106 102011648 102465153 338160431 17092510
8 0 10000 108 102011648 104740143 337647261 17092510
3 0 10000 103 102011648 102465153 342374929 17092510
9 0 10000 109 102011648 104740143 340240246 17092510
11 0 10000 111 102011648 104740143 341432779 17092510
12 0 10000 112 102011648 104740143 342487595 17092510
7 0 10000 107 102011648 104740143 343026877 17092510
10 0 10000 110 102011648 104740143 343367521 17092510
4 0 10000 104 102011648 102465153 346274960 17092510
16 0 10000 116 102011648 107109547 342021061 17092510
15 0 10000 115 102011648 107109547 342829574 17092510
17 0 10000 117 102011648 107109547 343343757 17092510
13 0 10000 113 102011648 107109547 343470350 17092510
18 0 10000 118 102011648 107847214 342795437 17092510
14 0 10000 114 102011648 107109547 343804906 17092510
