4 0 10000 104 102011648 103898048 336835350 17092510
13 0 10000 113 102011648 105260372 339336565 17092510
6 0 10000 106 102011648 104215145 344417466 17092510
15 0 10000 115 102011648 105260372 343580648 17092510
11 0 10000 111 102011648 105260372 343651779 17092510
12 0 10000 112 102011648 105260372 344197195 17092510
18 0 10000 118 102011648 105260372 344904285 17092510
7 0 10000 107 102011648 104215145 346404229 17092510
10 0 10000 110 102011648 105260372 345407396 17092510
14 0 10000 114 102011648 105260372 346402222 17092510
16 0 10000 116 102011648 105260372 346506301 17092510
8 0 10000 108 102011648 105260372 346696258 17092510
3 0 10000 103 102011648 103898048 348431428 17092510
17 0 10000 117 102011648 105260372 347759994 17092510
5 0 10000 105 102011648 104215145 348845633 17092510
9 0 10000 109 102011648 105260372 348051511 17092510
