3 0 10000 103 102011648 102061272 316246294 17092510
4 0 10000 104 102011648 102061272 329268712 17092510
6 0 10000 106 102011648 102061272 330650342 17092510
5 0 10000 105 102011648 102061272 338660711 17092510
7 0 10000 107 102011648 106522560 339463754 17092510
14 0 10000 114 102011648 107247353 339784802 17092510
13 0 10000 113 102011648 107247353 339796400 17092510
17 0 10000 117 102011648 107247353 340967791 17092510
16 0 10000 116 102011648 107247353 341438800 17092510
11 0 10000 111 102011648 107247353 341545408 17092510
15 0 10000 115 102011648 107247353 342220014 17092510
18 0 10000 118 102011648 107247353 342601637 17092510
9 0 10000 109 102011648 107247353 342893818 17092510
8 0 10000 108 102011648 106522560 343867126 17092510
12 0 10000 112 102011648 107247353 343365728 17092510
10 0 10000 110 102011648 107247353 343571033 17092510
