6 0 10000 106 102011648 106735468 338840744 17092510
11 0 10000 111 102011648 107543468 338712411 17092510
12 0 10000 112 102011648 107543468 341590385 17092510
9 0 10000 109 102011648 107543468 343452947 17092510
15 0 10000 115 102011648 107543468 343532460 17092510
18 0 10000 118 102011648 107543468 343955272 17092510
14 0 10000 114 102011648 107543468 344242285 17092510
7 0 10000 107 102011648 107543468 344709841 17092510
10 0 10000 110 102011648 107543468 345120940 17092510
3 0 10000 103 102011648 106735468 346653187 17092510
4 0 10000 104 102011648 106735468 346689174 17092510
17 0 10000 117 102011648 107543468 346059825 17092510
5 0 10000 105 102011648 106735468 347535201 17092510
13 0 10000 113 102011648 107543468 346772397 17092510
16 0 10000 116 102011648 107543468 347187619 17092510
8 0 10000 108 102011648 107543468 347204316 17092510
