3 0 10000 103 102011648 99529743 192472923 17092510
6 0 10000 106 102011648 105098724 330369927 17092510
17 0 10000 117 102011648 107210636 331980409 17092510
11 0 10000 111 102011648 105098724 336331930 17092510
13 0 10000 113 102011648 107210636 335503053 17092510
10 0 10000 110 102011648 105098724 337861563 17092510
12 0 10000 112 102011648 105098724 337960210 17092510
14 0 10000 114 102011648 107210636 336222256 17092510
5 0 10000 105 102011648 105098724 338401836 17092510
8 0 10000 108 102011648 105098724 339073665 17092510
18 0 10000 118 102011648 107210636 337026679 17092510
7 0 10000 107 102011648 105098724 339524588 17092510
4 0 10000 104 102011648 105098724 340636786 17092510
9 0 10000 109 102011648 105098724 340857129 17092510
16 0 10000 116 102011648 107210636 338883314 17092510
15 0 10000 115 102011648 107210636 339263225 17092510
