3 0 10000 103 102011648 94651699 256565956 17092510
16 0 10000 116 102011648 103081226 335530228 17092510
4 0 10000 104 102011648 97776175 341627892 17092510
12 0 10000 112 102011648 102001905 337592959 17092510
5 0 10000 105 102011648 98880053 340973174 17092510
15 0 10000 115 102011648 102478743 337655370 17092510
6 0 10000 106 102011648 98880053 341703252 17092510
11 0 10000 111 102011648 102001905 338816492 17092510
8 0 10000 108 102011648 99993944 341157514 17092510
17 0 10000 117 102011648 103081226 339086222 17092510
14 0 10000 114 102011648 102478743 339749075 17092510
13 0 10000 113 102011648 102478743 340034014 17092510
18 0 10000 118 102011648 103081226 339768448 17092510
9 0 10000 109 102011648 102001905 340890401 17092510
7 0 10000 107 102011648 99993944 342964253 17092510
10 0 10000 110 102011648 102001905 341049857 17092510
