3 0 10000 103 102011648 97427607 247343678 17092510
5 0 10000 105 102011648 101387978 332266208 17092510
8 0 10000 108 102011648 102340937 331820217 17092510
9 0 10000 109 102011648 102476358 334704819 17092510
17 0 10000 117 102011648 102798939 335963901 17092510
11 0 10000 111 102011648 102476358 338657898 17092510
14 0 10000 114 102011648 102476358 338726171 17092510
13 0 10000 113 102011648 102476358 339230357 17092510
10 0 10000 110 102011648 102476358 339337037 17092510
18 0 10000 118 102011648 102798939 339428979 17092510
16 0 10000 116 102011648 102798939 339611069 17092510
12 0 10000 112 102011648 102476358 340901120 17092510
6 0 10000 106 102011648 102226496 341585512 17092510
7 0 10000 107 102011648 102340937 341609982 17092510
4 0 10000 104 102011648 101035357 343014859 17092510
15 0 10000 115 102011648 102476358 341600202 17092510
