3 0 10000 103 102011648 102492571 337342100 17092510
4 0 10000 104 102011648 102492571 340476502 17092510
5 0 10000 105 102011648 102492571 342854283 17092510
18 0 10000 118 102011648 104352236 341711727 17092510
9 0 10000 109 102011648 104352236 342428523 17092510
16 0 10000 116 102011648 104352236 344043315 17092510
7 0 10000 107 102011648 102492571 345985901 17092510
11 0 10000 111 102011648 104352236 344572235 17092510
17 0 10000 117 102011648 104352236 344883859 17092510
12 0 10000 112 102011648 104352236 345152385 17092510
6 0 10000 106 102011648 102492571 347914325 17092510
13 0 10000 113 102011648 104352236 346166918 17092510
8 0 10000 108 102011648 102492571 348154945 17092510
15 0 10000 115 102011648 104352236 346296150 17092510
10 0 10000 110 102011648 104352236 346336705 17092510
14 0 10000 114 102011648 104352236 346490718 17092510
