3 0 10000 103 102011648 102932692 261953147 17092510
15 0 10000 115 102011648 107631445 335528805 17092510
12 0 10000 112 102011648 107631445 337719227 17092510
6 0 10000 106 102011648 107631445 338186502 17092510
17 0 10000 117 102011648 107631445 338693008 17092510
4 0 10000 104 102011648 105324984 341478183 17092510
7 0 10000 107 102011648 107631445 339771288 17092510
10 0 10000 110 102011648 107631445 340246452 17092510
5 0 10000 105 102011648 105324984 342561809 17092510
9 0 10000 109 102011648 107631445 341167338 17092510
18 0 10000 118 102011648 107631445 341698795 17092510
16 0 10000 116 102011648 107631445 341900309 17092510
8 0 10000 108 102011648 107631445 342269617 17092510
13 0 10000 113 102011648 107631445 342357033 17092510
14 0 10000 114 102011648 107631445 342572848 17092510
11 0 10000 111 102011648 107631445 342709805 17092510
