3 0 10000 103 102011648 98586559 212036236 17092510
5 0 10000 105 102011648 102675438 332399079 17092510
6 0 10000 106 102011648 102675438 332563137 17092510
8 0 10000 108 102011648 102791786 336661543 17092510
18 0 10000 118 102011648 108545065 332167141 17092510
12 0 10000 112 102011648 108545065 333162117 17092510
4 0 10000 104 102011648 102675438 339311277 17092510
9 0 10000 109 102011648 108545065 334201636 17092510
14 0 10000 114 102011648 108545065 334751356 17092510
7 0 10000 107 102011648 102675438 341164980 17092510
17 0 10000 117 102011648 108545065 336174397 17092510
11 0 10000 111 102011648 108545065 336436014 17092510
15 0 10000 115 102011648 108545065 336889014 17092510
16 0 10000 116 102011648 108545065 337247749 17092510
10 0 10000 110 102011648 108545065 337402605 17092510
13 0 10000 113 102011648 108545065 337460614 17092510
