4 0 10000 104 102011648 97936630 312643269 17092510
3 0 10000 103 102011648 97859383 317870487 17092510
5 0 10000 105 102011648 100292683 329466162 17092510
8 0 10000 108 102011648 100292683 336576359 17092510
7 0 10000 107 102011648 100292683 339219198 17092510
9 0 10000 109 102011648 100292683 339470546 17092510
6 0 10000 106 102011648 100292683 339898168 17092510
10 0 10000 110 102011648 105848074 334978029 17092510
13 0 10000 113 102011648 107576132 335457692 17092510
12 0 10000 112 102011648 107576132 335656105 17092510
11 0 10000 111 102011648 107576132 336727408 17092510
17 0 10000 117 102011648 108727932 335955150 17092510
16 0 10000 116 102011648 108727932 336112876 17092510
14 0 10000 114 102011648 107986689 337174683 17092510
15 0 10000 115 102011648 108727932 337210859 17092510
18 0 10000 118 102011648 108727932 337402746 17092510
