3 0 10000 103 102011648 103937149 225433515 17092510
4 0 10000 104 102011648 106964588 325741508 17092510
5 0 10000 105 102011648 110432386 322505023 17092510
6 0 10000 106 102011648 110432386 325862957 17092510
10 0 10000 110 102011648 112313032 332582225 17092510
7 0 10000 107 102011648 110432386 336359965 17092510
16 0 10000 116 102011648 112313032 336193573 17092510
18 0 10000 118 102011648 112313032 336839249 17092510
9 0 10000 109 102011648 110432386 339198430 17092510
15 0 10000 115 102011648 112313032 337329971 17092510
14 0 10000 114 102011648 112313032 338102353 17092510
13 0 10000 113 102011648 112313032 338255205 17092510
17 0 10000 117 102011648 112313032 338355910 17092510
8 0 10000 108 102011648 110432386 340461314 17092510
11 0 10000 111 102011648 112313032 338675128 17092510
12 0 10000 112 102011648 112313032 338885087 17092510
