5 0 10000 105 102011648 105384111 339195494 17092510
3 0 10000 103 102011648 105384111 343339659 17092510
10 0 10000 110 102011648 105384111 343452525 17092510
6 0 10000 106 102011648 105384111 344190588 17092510
8 0 10000 108 102011648 105384111 345149126 17092510
4 0 10000 104 102011648 105384111 345347438 17092510
11 0 10000 111 102011648 105384111 345624641 17092510
14 0 10000 114 102011648 105384111 346044954 17092510
7 0 10000 107 102011648 105384111 346066392 17092510
17 0 10000 117 102011648 106332064 345936806 17092510
16 0 10000 116 102011648 105384111 347031560 17092510
9 0 10000 109 102011648 105384111 347342465 17092510
13 0 10000 113 102011648 105384111 347534747 17092510
18 0 10000 118 102011648 106332064 346955236 17092510
15 0 10000 115 102011648 105384111 348544738 17092510
12 0 10000 112 102011648 105384111 348560707 17092510
