6 0 10000 106 102011648 104837179 337109047 17092510
5 0 10000 105 102011648 104837179 337489926 17092510
4 0 10000 104 102011648 104837179 340354809 17092510
15 0 10000 115 102011648 105099916 342690096 17092510
16 0 10000 116 102011648 105099916 342844766 17092510
10 0 10000 110 102011648 105099916 343560838 17092510
14 0 10000 114 102011648 105099916 344091952 17092510
18 0 10000 118 102011648 105099916 344579126 17092510
7 0 10000 107 102011648 104837179 345034115 17092510
8 0 10000 108 102011648 104837179 346203982 17092510
17 0 10000 117 102011648 105099916 346613898 17092510
13 0 10000 113 102011648 105099916 347446622 17092510
3 0 10000 103 102011648 104837179 347887313 17092510
9 0 10000 109 102011648 105099916 347641935 17092510
11 0 10000 111 102011648 105099916 347842572 17092510
12 0 10000 112 102011648 105099916 348134415 17092510
