3 0 10000 103 102011648 101935148 285439515 17092510
4 0 10000 104 102011648 101935148 300911691 17092510
5 0 10000 105 102011648 107142925 328298186 17092510
6 0 10000 106 102011648 107142925 331994009 17092510
9 0 10000 109 102011648 110791445 331975169 17092510
8 0 10000 108 102011648 108821392 334567046 17092510
7 0 10000 107 102011648 107142925 337568180 17092510
15 0 10000 115 102011648 111610174 336017863 17092510
18 0 10000 118 102011648 111610174 336479897 17092510
10 0 10000 110 102011648 110791445 337464323 17092510
13 0 10000 113 102011648 111610174 336675940 17092510
14 0 10000 114 102011648 111610174 336859840 17092510
12 0 10000 112 102011648 110791445 337737309 17092510
16 0 10000 116 102011648 111610174 337145320 17092510
11 0 10000 111 102011648 110791445 338204240 17092510
17 0 10000 117 102011648 111610174 337554380 17092510
