3 0 10000 103 102011648 102450848 217648194 17092510
4 0 10000 104 102011648 106410265 329135329 17092510
7 0 10000 107 102011648 110042334 330720483 17092510
5 0 10000 105 102011648 106410265 340486290 17092510
13 0 10000 113 102011648 110433817 337092029 17092510
9 0 10000 109 102011648 110042334 337667635 17092510
11 0 10000 111 102011648 110042334 337858804 17092510
16 0 10000 116 102011648 112938166 335175524 17092510
8 0 10000 108 102011648 110042334 338175841 17092510
14 0 10000 114 102011648 110433817 338977014 17092510
17 0 10000 117 102011648 112938166 336554213 17092510
6 0 10000 106 102011648 107201338 342421965 17092510
12 0 10000 112 102011648 110433817 339510937 17092510
15 0 10000 115 102011648 112938166 337123026 17092510
10 0 10000 110 102011648 110042334 340291601 17092510
18 0 10000 118 102011648 112938166 337577046 17092510
