4 0 10000 104 102011648 99873781 332574782 17092510
9 0 10000 109 102011648 100523233 338728656 17092510
7 0 10000 107 102011648 99873781 340863886 17092510
12 0 10000 112 102011648 101579666 340023342 17092510
8 0 10000 108 102011648 99873781 342542734 17092510
5 0 10000 105 102011648 99873781 344121686 17092510
15 0 10000 115 102011648 101579666 342493914 17092510
14 0 10000 114 102011648 101579666 343592336 17092510
16 0 10000 116 102011648 104344845 341724093 17092510
17 0 10000 117 102011648 104344845 342039702 17092510
10 0 10000 110 102011648 100523233 346062577 17092510
11 0 10000 111 102011648 101579666 345391010 17092510
6 0 10000 106 102011648 99873781 347527802 17092510
3 0 10000 103 102011648 99873781 348092648 17092510
18 0 10000 118 102011648 104344845 343901347 17092510
13 0 10000 113 102011648 101579666 346884953 17092510
