12 0 10000 112 102011648 107932329 334248337 17092510
5 0 10000 105 102011648 107932329 334657760 17092510
3 0 10000 103 102011648 107932329 338351311 17092510
9 0 10000 109 102011648 107932329 341695633 17092510
7 0 10000 107 102011648 107932329 342335431 17092510
4 0 10000 104 102011648 107932329 342492289 17092510
10 0 10000 110 102011648 107932329 343328362 17092510
11 0 10000 111 102011648 107932329 345614827 17092510
6 0 10000 106 102011648 107932329 346299521 17092510
8 0 10000 108 102011648 107932329 346353759 17092510
16 0 10000 116 102011648 116961718 338761427 17092510
15 0 10000 115 102011648 116961718 339458501 17092510
13 0 10000 113 102011648 116961718 339535742 17092510
18 0 10000 118 102011648 116961718 339588383 17092510
14 0 10000 114 102011648 116961718 339689039 17092510
17 0 10000 117 102011648 116961718 340269250 17092510
