3 0 10000 103 102011648 103587389 315331877 17092510
5 0 10000 105 102011648 104377508 338353509 17092510
9 0 10000 109 102011648 105906487 339325308 17092510
6 0 10000 106 102011648 104377508 342320884 17092510
7 0 10000 107 102011648 105906487 341605352 17092510
11 0 10000 111 102011648 107757568 340486029 17092510
8 0 10000 108 102011648 105906487 342622458 17092510
14 0 10000 114 102011648 107757568 341054760 17092510
12 0 10000 112 102011648 107757568 341206024 17092510
16 0 10000 116 102011648 107757568 341237324 17092510
4 0 10000 104 102011648 104377508 345756708 17092510
18 0 10000 118 102011648 107757568 342623446 17092510
15 0 10000 115 102011648 107757568 342733157 17092510
17 0 10000 117 102011648 107757568 343139437 17092510
13 0 10000 113 102011648 107757568 343276563 17092510
10 0 10000 110 102011648 107757568 343457920 17092510
