8 0 10000 108 102011648 106137991 334879874 17092510
3 0 10000 103 102011648 106137991 340269994 17092510
6 0 10000 106 102011648 106137991 340649426 17092510
11 0 10000 111 102011648 108274221 340343243 17092510
13 0 10000 113 102011648 111448765 339000012 17092510
18 0 10000 118 102011648 111448765 339560526 17092510
7 0 10000 107 102011648 106137991 345017995 17092510
9 0 10000 109 102011648 106137991 345080591 17092510
10 0 10000 110 102011648 108274221 343378699 17092510
15 0 10000 115 102011648 111448765 341614910 17092510
5 0 10000 105 102011648 106137991 347036826 17092510
17 0 10000 117 102011648 111448765 341851521 17092510
4 0 10000 104 102011648 106137991 347710439 17092510
12 0 10000 112 102011648 111448765 342455292 17092510
14 0 10000 114 102011648 111448765 342988905 17092510
16 0 10000 116 102011648 111448765 343124962 17092510
