13 0 10000 113 102011648 102924824 332565937 17092510
10 0 10000 110 102011648 102350473 341871461 17092510
12 0 10000 112 102011648 102924824 342948691 17092510
9 0 10000 109 102011648 102350473 344527367 17092510
6 0 10000 106 102011648 102350473 344738206 17092510
3 0 10000 103 102011648 102350473 345167677 17092510
7 0 10000 107 102011648 102350473 345457499 17092510
8 0 10000 108 102011648 102350473 345600542 17092510
5 0 10000 105 102011648 102350473 345646610 17092510
11 0 10000 111 102011648 102924824 345224063 17092510
17 0 10000 117 102011648 107310534 341344795 17092510
14 0 10000 114 102011648 102924824 346243776 17092510
16 0 10000 116 102011648 107310534 342340804 17092510
4 0 10000 104 102011648 102350473 347986830 17092510
15 0 10000 115 102011648 107310534 343229404 17092510
18 0 10000 118 102011648 107310534 343463733 17092510
