3 0 10000 103 102011648 104371309 240090375 17092510
7 0 10000 107 102011648 107627869 335510690 17092510
17 0 10000 117 102011648 109895945 333781546 17092510
13 0 10000 113 102011648 109895945 337631707 17092510
4 0 10000 104 102011648 107627869 339923835 17092510
10 0 10000 110 102011648 109895945 338029991 17092510
15 0 10000 115 102011648 109895945 338933355 17092510
11 0 10000 111 102011648 109895945 339313547 17092510
9 0 10000 109 102011648 109895945 339517539 17092510
18 0 10000 118 102011648 109895945 340499056 17092510
5 0 10000 105 102011648 107627869 343261440 17092510
6 0 10000 106 102011648 107627869 343841303 17092510
8 0 10000 108 102011648 109895945 341823542 17092510
14 0 10000 114 102011648 109895945 342054692 17092510
12 0 10000 112 102011648 109895945 342352742 17092510
16 0 10000 116 102011648 109895945 342452333 17092510
