3 0 10000 103 102011648 102239132 340094770 17092510
7 0 10000 107 102011648 103116274 341303311 17092510
11 0 10000 111 102011648 103116274 341365804 17092510
5 0 10000 105 102011648 102239132 342289675 17092510
4 0 10000 104 102011648 102239132 344042000 17092510
13 0 10000 113 102011648 103278637 343748386 17092510
14 0 10000 114 102011648 103278637 344915716 17092510
16 0 10000 116 102011648 103278637 345562783 17092510
12 0 10000 112 102011648 103116274 345918571 17092510
18 0 10000 118 102011648 103278637 346335668 17092510
10 0 10000 110 102011648 103116274 346597674 17092510
8 0 10000 108 102011648 103116274 346604426 17092510
6 0 10000 106 102011648 102239132 347691809 17092510
9 0 10000 109 102011648 103116274 347208617 17092510
17 0 10000 117 102011648 103278637 347222187 17092510
15 0 10000 115 102011648 103278637 347240692 17092510
