3 0 10000 103 102011648 94527483 244323673 17092510
4 0 10000 104 102011648 97329140 328351814 17092510
8 0 10000 108 102011648 99198341 330000545 17092510
5 0 10000 105 102011648 99198341 331645890 17092510
6 0 10000 106 102011648 99198341 331782397 17092510
11 0 10000 111 102011648 101856709 331986863 17092510
7 0 10000 107 102011648 99198341 335570247 17092510
9 0 10000 109 102011648 99198341 335757220 17092510
10 0 10000 110 102011648 101056576 338665912 17092510
17 0 10000 117 102011648 113818884 326339285 17092510
12 0 10000 112 102011648 103889704 336581461 17092510
13 0 10000 113 102011648 106362104 334231612 17092510
14 0 10000 114 102011648 106362104 334564254 17092510
16 0 10000 116 102011648 113818884 328070507 17092510
18 0 10000 118 102011648 113818884 328071263 17092510
15 0 10000 115 102011648 113818884 328526968 17092510
