4 0 10000 104 102011648 105117559 319599490 17092510
3 0 10000 103 102011648 105117559 321508720 17092510
6 0 10000 106 102011648 108922958 337499269 17092510
11 0 10000 111 102011648 108922958 338240663 17092510
18 0 10000 118 102011648 108922958 339063487 17092510
7 0 10000 107 102011648 108922958 339153123 17092510
5 0 10000 105 102011648 105831146 343320388 17092510
16 0 10000 116 102011648 108922958 341005787 17092510
8 0 10000 108 102011648 108922958 341137238 17092510
10 0 10000 110 102011648 108922958 341197027 17092510
15 0 10000 115 102011648 108922958 343074436 17092510
12 0 10000 112 102011648 108922958 343148081 17092510
9 0 10000 109 102011648 108922958 343724077 17092510
17 0 10000 117 102011648 108922958 343768490 17092510
14 0 10000 114 102011648 108922958 343886113 17092510
13 0 10000 113 102011648 108922958 344071872 17092510
