4 0 10000 104 102011648 99044561 120815988 17092510
3 0 10000 103 102011648 99044561 127360462 17092510
5 0 10000 105 102011648 99044561 199492385 17092510
6 0 10000 106 102011648 124004126 282226466 17092510
15 0 10000 115 102011648 139174223 299503446 17092510
10 0 10000 110 102011648 139174223 301402390 17092510
18 0 10000 118 102011648 139174223 304980843 17092510
9 0 10000 109 102011648 139174223 305924168 17092510
16 0 10000 116 102011648 139174223 306109115 17092510
8 0 10000 108 102011648 139174223 306514218 17092510
11 0 10000 111 102011648 139174223 306856810 17092510
17 0 10000 117 102011648 139174223 306869725 17092510
14 0 10000 114 102011648 139174223 307199640 17092510
7 0 10000 107 102011648 139174223 307634240 17092510
12 0 10000 112 102011648 139174223 307803719 17092510
13 0 10000 113 102011648 139174223 307937561 17092510
