3 0 10000 103 102011648 102259398 216977411 17092510
17 0 10000 117 102011648 108260393 334572050 17092510
16 0 10000 116 102011648 108260393 337832425 17092510
4 0 10000 104 102011648 107429266 339214394 17092510
5 0 10000 105 102011648 107429266 339402894 17092510
10 0 10000 110 102011648 108260393 338607343 17092510
14 0 10000 114 102011648 108260393 338750077 17092510
13 0 10000 113 102011648 108260393 339310173 17092510
18 0 10000 118 102011648 108260393 339505758 17092510
6 0 10000 106 102011648 107429266 340756891 17092510
9 0 10000 109 102011648 107429266 341158448 17092510
12 0 10000 112 102011648 108260393 340373106 17092510
11 0 10000 111 102011648 108260393 340467145 17092510
8 0 10000 108 102011648 107429266 341401998 17092510
7 0 10000 107 102011648 107429266 341574986 17092510
15 0 10000 115 102011648 108260393 341105250 17092510
