4 0 10000 104 102011648 101500750 321878931 17092510
5 0 10000 105 102011648 101500750 326109917 17092510
7 0 10000 107 102011648 101500750 329723873 17092510
8 0 10000 108 102011648 106686115 332071776 17092510
3 0 10000 103 102011648 101408482 337673368 17092510
10 0 10000 110 102011648 106686115 332585763 17092510
11 0 10000 111 102011648 106686115 334016230 17092510
6 0 10000 106 102011648 101500750 340897195 17092510
9 0 10000 109 102011648 106686115 338827291 17092510
14 0 10000 114 102011648 115468502 332163442 17092510
16 0 10000 116 102011648 115468502 332360515 17092510
18 0 10000 118 102011648 115468502 333587111 17092510
17 0 10000 117 102011648 115468502 333884229 17092510
12 0 10000 112 102011648 115468502 334703023 17092510
13 0 10000 113 102011648 115468502 334992689 17092510
15 0 10000 115 102011648 115468502 335508543 17092510
