3 0 10000 103 102011648 104280710 329282056 17092510
6 0 10000 106 102011648 104280710 330389099 17092510
5 0 10000 105 102011648 104280710 339530650 17092510
15 0 10000 115 102011648 109702349 335900022 17092510
4 0 10000 104 102011648 104280710 342127154 17092510
10 0 10000 110 102011648 107084513 340826223 17092510
16 0 10000 116 102011648 109702349 339336214 17092510
12 0 10000 112 102011648 107084513 343069758 17092510
11 0 10000 111 102011648 107084513 343840409 17092510
14 0 10000 114 102011648 109702349 341431982 17092510
13 0 10000 113 102011648 107084513 344218693 17092510
17 0 10000 117 102011648 109702349 341838640 17092510
7 0 10000 107 102011648 107084513 344635238 17092510
8 0 10000 108 102011648 107084513 344765872 17092510
18 0 10000 118 102011648 109702349 342347776 17092510
9 0 10000 109 102011648 107084513 345414658 17092510
