3 0 10000 103 102011648 104362488 306993081 17092510
4 0 10000 104 102011648 104972601 333560048 17092510
5 0 10000 105 102011648 104972601 334072389 17092510
7 0 10000 107 102011648 106149197 335980271 17092510
6 0 10000 106 102011648 106149197 340952922 17092510
8 0 10000 108 102011648 106149197 343050257 17092510
10 0 10000 110 102011648 112060547 337294841 17092510
13 0 10000 113 102011648 112060547 338256252 17092510
18 0 10000 118 102011648 112060547 338687045 17092510
12 0 10000 112 102011648 112060547 339810869 17092510
15 0 10000 115 102011648 112060547 339880898 17092510
9 0 10000 109 102011648 112060547 339918057 17092510
14 0 10000 114 102011648 112060547 340104750 17092510
16 0 10000 116 102011648 112060547 340935558 17092510
11 0 10000 111 102011648 112060547 341062067 17092510
17 0 10000 117 102011648 112060547 341446686 17092510
