3 0 10000 103 102011648 99611282 232577934 17092510
4 0 10000 104 102011648 102577209 313880680 17092510
16 0 10000 116 102011648 106722593 330832472 17092510
7 0 10000 107 102011648 106704473 335259365 17092510
17 0 10000 117 102011648 107831240 334329084 17092510
12 0 10000 112 102011648 106722593 335602689 17092510
6 0 10000 106 102011648 106704473 336472584 17092510
10 0 10000 110 102011648 106722593 337687673 17092510
5 0 10000 105 102011648 102577209 342963145 17092510
13 0 10000 113 102011648 106722593 339019029 17092510
14 0 10000 114 102011648 106722593 339102154 17092510
8 0 10000 108 102011648 106722593 339257545 17092510
18 0 10000 118 102011648 107831240 338376721 17092510
9 0 10000 109 102011648 106722593 339922450 17092510
11 0 10000 111 102011648 106722593 340192153 17092510
15 0 10000 115 102011648 106722593 340352573 17092510
