3 0 10000 103 102011648 106844664 181382096 17092510
13 0 10000 113 102011648 112811327 331729879 17092510
17 0 10000 117 102011648 112811327 337933949 17092510
10 0 10000 110 102011648 112811327 338517706 17092510
16 0 10000 116 102011648 112811327 338572404 17092510
9 0 10000 109 102011648 112811327 338633096 17092510
15 0 10000 115 102011648 112811327 338843702 17092510
6 0 10000 106 102011648 112811327 339017091 17092510
4 0 10000 104 102011648 112811327 339307560 17092510
8 0 10000 108 102011648 112811327 340043225 17092510
5 0 10000 105 102011648 112811327 340136417 17092510
14 0 10000 114 102011648 112811327 340380673 17092510
18 0 10000 118 102011648 112811327 340516211 17092510
7 0 10000 107 102011648 112811327 340835195 17092510
12 0 10000 112 102011648 112811327 341125142 17092510
11 0 10000 111 102011648 112811327 341214300 17092510
