3 0 10000 103 102011648 97644091 17842706 17092510
9 0 10000 109 102011648 111179352 322517028 17092510
17 0 10000 117 102011648 111179352 322857311 17092510
14 0 10000 114 102011648 111179352 324111440 17092510
13 0 10000 113 102011648 111179352 324114337 17092510
10 0 10000 110 102011648 111179352 325655455 17092510
11 0 10000 111 102011648 111179352 325756811 17092510
18 0 10000 118 102011648 111179352 328681520 17092510
6 0 10000 106 102011648 111179352 329092868 17092510
12 0 10000 112 102011648 111179352 330934554 17092510
16 0 10000 116 102011648 111179352 331245592 17092510
5 0 10000 105 102011648 111179352 331595177 17092510
4 0 10000 104 102011648 111179352 332060262 17092510
7 0 10000 107 102011648 111179352 332328154 17092510
8 0 10000 108 102011648 111179352 332841910 17092510
15 0 10000 115 102011648 111179352 333023197 17092510
