3 0 10000 103 102011648 101040125 268148207 17092510
4 0 10000 104 102011648 101877689 292529212 17092510
11 0 10000 111 102011648 109177828 330141308 17092510
15 0 10000 115 102011648 110370398 331764454 17092510
9 0 10000 109 102011648 109177828 333424246 17092510
6 0 10000 106 102011648 107660532 336424626 17092510
8 0 10000 108 102011648 107660532 336987256 17092510
14 0 10000 114 102011648 110370398 334645413 17092510
7 0 10000 107 102011648 107660532 337403788 17092510
18 0 10000 118 102011648 110370398 336113704 17092510
13 0 10000 113 102011648 110370398 336749957 17092510
5 0 10000 105 102011648 107660532 339743646 17092510
12 0 10000 112 102011648 110370398 337172890 17092510
16 0 10000 116 102011648 110370398 337596795 17092510
17 0 10000 117 102011648 110370398 337941556 17092510
10 0 10000 110 102011648 109177828 339163131 17092510
