4 0 10000 104 102011648 101515293 292660953 17092510
3 0 10000 103 102011648 101515293 303777739 17092510
7 0 10000 107 102011648 106768608 328787956 17092510
15 0 10000 115 102011648 106768608 336487018 17092510
8 0 10000 108 102011648 106768608 338104387 17092510
17 0 10000 117 102011648 106768608 339087341 17092510
11 0 10000 111 102011648 106768608 339691867 17092510
16 0 10000 116 102011648 106768608 339883392 17092510
14 0 10000 114 102011648 106768608 340331773 17092510
10 0 10000 110 102011648 106768608 340845399 17092510
13 0 10000 113 102011648 106768608 340877788 17092510
6 0 10000 106 102011648 106768608 341397603 17092510
12 0 10000 112 102011648 106768608 341597355 17092510
18 0 10000 118 102011648 106768608 341625827 17092510
9 0 10000 109 102011648 106768608 341784509 17092510
5 0 10000 105 102011648 106768608 341966325 17092510
