3 0 10000 103 102011648 101024866 298582488 17092510
4 0 10000 104 102011648 101312876 310258213 17092510
5 0 10000 105 102011648 104449511 337002487 17092510
12 0 10000 112 102011648 104646444 337550461 17092510
9 0 10000 109 102011648 104646444 338616646 17092510
6 0 10000 106 102011648 104535818 340180879 17092510
14 0 10000 114 102011648 106978893 338102484 17092510
10 0 10000 110 102011648 104646444 341416116 17092510
15 0 10000 115 102011648 106978893 339166682 17092510
8 0 10000 108 102011648 104535818 342163585 17092510
7 0 10000 107 102011648 104535818 342347060 17092510
13 0 10000 113 102011648 106978893 340145216 17092510
11 0 10000 111 102011648 104646444 342603643 17092510
16 0 10000 116 102011648 113875151 334228114 17092510
17 0 10000 117 102011648 113875151 334511344 17092510
18 0 10000 118 102011648 113875151 335092621 17092510
