3 0 10000 103 102011648 98230124 105158256 17092510
7 0 10000 107 102011648 107247591 316198681 17092510
10 0 10000 110 102011648 109991550 322826669 17092510
14 0 10000 114 102011648 109991550 328995602 17092510
4 0 10000 104 102011648 107021332 332319121 17092510
5 0 10000 105 102011648 107021332 332582531 17092510
15 0 10000 115 102011648 109991550 329635962 17092510
13 0 10000 113 102011648 109991550 332083565 17092510
8 0 10000 108 102011648 109991550 332171245 17092510
6 0 10000 106 102011648 107021332 335188447 17092510
9 0 10000 109 102011648 109991550 333701430 17092510
11 0 10000 111 102011648 109991550 333814379 17092510
16 0 10000 116 102011648 115106344 328840092 17092510
12 0 10000 112 102011648 109991550 334105593 17092510
18 0 10000 118 102011648 115106344 329635458 17092510
17 0 10000 117 102011648 115106344 329681827 17092510
