16 0 10000 116 102011648 103046656 333532056 17092510
12 0 10000 112 102011648 102638245 337756077 17092510
4 0 10000 104 102011648 101195812 340611204 17092510
14 0 10000 114 102011648 103046656 340489414 17092510
15 0 10000 115 102011648 103046656 342180121 17092510
11 0 10000 111 102011648 102638245 342696106 17092510
6 0 10000 106 102011648 101201296 344913506 17092510
10 0 10000 110 102011648 102638245 343873764 17092510
3 0 10000 103 102011648 101195812 345551358 17092510
5 0 10000 105 102011648 101195812 345919185 17092510
8 0 10000 108 102011648 102123737 345038815 17092510
7 0 10000 107 102011648 102123737 345647091 17092510
17 0 10000 117 102011648 105612040 342172471 17092510
18 0 10000 118 102011648 105612040 342885514 17092510
9 0 10000 109 102011648 102368832 346411539 17092510
13 0 10000 113 102011648 102638245 346400622 17092510
