3 0 10000 103 102011648 106051683 285116077 17092510
6 0 10000 106 102011648 107961655 335897928 17092510
4 0 10000 104 102011648 107961655 338142486 17092510
7 0 10000 107 102011648 108902454 339281101 17092510
11 0 10000 111 102011648 109488964 339033019 17092510
16 0 10000 116 102011648 109488964 339303585 17092510
14 0 10000 114 102011648 109488964 341225341 17092510
8 0 10000 108 102011648 109488964 341335196 17092510
13 0 10000 113 102011648 109488964 341464146 17092510
10 0 10000 110 102011648 109488964 342073200 17092510
17 0 10000 117 102011648 109488964 342230894 17092510
5 0 10000 105 102011648 107961655 344234170 17092510
12 0 10000 112 102011648 109488964 343035913 17092510
18 0 10000 118 102011648 109488964 343225071 17092510
15 0 10000 115 102011648 109488964 343454738 17092510
9 0 10000 109 102011648 109488964 343512074 17092510
