6 0 10000 106 102011648 102215767 336179040 17092510
5 0 10000 105 102011648 102159977 337112993 17092510
3 0 10000 103 102011648 102159977 338173284 17092510
10 0 10000 110 102011648 102215767 338443210 17092510
9 0 10000 109 102011648 102215767 338473618 17092510
7 0 10000 107 102011648 102215767 341964072 17092510
12 0 10000 112 102011648 109634876 337609111 17092510
18 0 10000 118 102011648 109634876 337855317 17092510
4 0 10000 104 102011648 102159977 345718112 17092510
17 0 10000 117 102011648 109634876 339497868 17092510
16 0 10000 116 102011648 109634876 340338360 17092510
8 0 10000 108 102011648 102215767 348284592 17092510
11 0 10000 111 102011648 109634876 341614388 17092510
13 0 10000 113 102011648 109634876 341709839 17092510
14 0 10000 114 102011648 109634876 341793999 17092510
15 0 10000 115 102011648 109634876 341931436 17092510
