4 0 10000 104 102011648 95887184 287956758 17092510
3 0 10000 103 102011648 95766306 300325953 17092510
7 0 10000 107 102011648 99900007 322358933 17092510
6 0 10000 106 102011648 99900007 327889406 17092510
5 0 10000 105 102011648 97678900 339898297 17092510
11 0 10000 111 102011648 105974913 334911359 17092510
12 0 10000 112 102011648 106050014 334907729 17092510
17 0 10000 117 102011648 106050014 335402096 17092510
10 0 10000 110 102011648 105974913 336181647 17092510
15 0 10000 115 102011648 106050014 336459054 17092510
8 0 10000 108 102011648 105974913 337665547 17092510
16 0 10000 116 102011648 106050014 337714110 17092510
18 0 10000 118 102011648 106050014 338027108 17092510
9 0 10000 109 102011648 105974913 338105242 17092510
13 0 10000 113 102011648 106050014 338326194 17092510
14 0 10000 114 102011648 106050014 338474634 17092510
