3 0 10000 103 102011648 104008913 243236828 17092510
5 0 10000 105 102011648 106618881 320565660 17092510
4 0 10000 104 102011648 106618881 326053163 17092510
6 0 10000 106 102011648 106618881 328118406 17092510
14 0 10000 114 102011648 115912437 329798543 17092510
13 0 10000 113 102011648 115912437 332993915 17092510
8 0 10000 108 102011648 115912437 333505862 17092510
16 0 10000 116 102011648 115912437 334059379 17092510
17 0 10000 117 102011648 115912437 334123765 17092510
10 0 10000 110 102011648 115912437 334663668 17092510
15 0 10000 115 102011648 115912437 334742037 17092510
7 0 10000 107 102011648 106618881 344079642 17092510
9 0 10000 109 102011648 115912437 335049605 17092510
18 0 10000 118 102011648 115912437 335204429 17092510
11 0 10000 111 102011648 115912437 335391029 17092510
12 0 10000 112 102011648 115912437 335849070 17092510
