3 0 10000 103 102011648 102339029 292102271 17092510
7 0 10000 107 102011648 103863001 337038250 17092510
18 0 10000 118 102011648 107229471 334831533 17092510
12 0 10000 112 102011648 106452703 340665944 17092510
6 0 10000 106 102011648 103863001 343690622 17092510
4 0 10000 104 102011648 103863001 344122816 17092510
16 0 10000 116 102011648 107229471 341191931 17092510
14 0 10000 114 102011648 107229471 341557323 17092510
15 0 10000 115 102011648 107229471 341860893 17092510
5 0 10000 105 102011648 103863001 345259115 17092510
10 0 10000 110 102011648 106452703 342739363 17092510
17 0 10000 117 102011648 107229471 342342919 17092510
11 0 10000 111 102011648 106452703 343192796 17092510
8 0 10000 108 102011648 106452703 343260140 17092510
13 0 10000 113 102011648 107229471 342857322 17092510
9 0 10000 109 102011648 106452703 343698026 17092510
