4 0 10000 104 102011648 106287956 326731020 17092510
3 0 10000 103 102011648 106287956 335078930 17092510
5 0 10000 105 102011648 107528448 338220428 17092510
8 0 10000 108 102011648 109700441 338462844 17092510
13 0 10000 113 102011648 109700441 341301672 17092510
7 0 10000 107 102011648 107528448 343523876 17092510
14 0 10000 114 102011648 109700441 342646555 17092510
10 0 10000 110 102011648 109700441 342786302 17092510
11 0 10000 111 102011648 109700441 343255884 17092510
9 0 10000 109 102011648 109700441 343905577 17092510
16 0 10000 116 102011648 109700441 344371352 17092510
18 0 10000 118 102011648 109700441 344569434 17092510
17 0 10000 117 102011648 109700441 344791664 17092510
15 0 10000 115 102011648 109700441 344936562 17092510
12 0 10000 112 102011648 109700441 345046734 17092510
6 0 10000 106 102011648 107528448 347250521 17092510
