3 0 10000 103 102011648 98712921 129177057 17092510
4 0 10000 104 102011648 102710724 250582875 17092510
8 0 10000 108 102011648 115280867 315008680 17092510
7 0 10000 107 102011648 106112003 331587771 17092510
17 0 10000 117 102011648 117877007 321918766 17092510
14 0 10000 114 102011648 117877007 322153883 17092510
10 0 10000 110 102011648 115280867 325236608 17092510
12 0 10000 112 102011648 117877007 322786604 17092510
15 0 10000 115 102011648 117877007 322853991 17092510
5 0 10000 105 102011648 102710724 339057378 17092510
18 0 10000 118 102011648 117877007 325068869 17092510
6 0 10000 106 102011648 102710724 341454378 17092510
11 0 10000 111 102011648 115280867 328984377 17092510
9 0 10000 109 102011648 115280867 329061715 17092510
13 0 10000 113 102011648 117877007 326638778 17092510
16 0 10000 116 102011648 117877007 326888286 17092510
