3 0 10000 103 102011648 101938486 292660868 17092510
4 0 10000 104 102011648 102497101 305711266 17092510
6 0 10000 106 102011648 106894255 335621877 17092510
16 0 10000 116 102011648 106894255 337347104 17092510
17 0 10000 117 102011648 106894255 337687153 17092510
18 0 10000 118 102011648 106894255 337999545 17092510
11 0 10000 111 102011648 106894255 338908921 17092510
5 0 10000 105 102011648 106894255 339033774 17092510
9 0 10000 109 102011648 106894255 340144492 17092510
14 0 10000 114 102011648 106894255 340418516 17092510
8 0 10000 108 102011648 106894255 341201656 17092510
10 0 10000 110 102011648 106894255 341226368 17092510
12 0 10000 112 102011648 106894255 341438165 17092510
15 0 10000 115 102011648 106894255 341910940 17092510
7 0 10000 107 102011648 106894255 342247722 17092510
13 0 10000 113 102011648 106894255 342360564 17092510
