3 0 10000 103 102011648 103058577 291204637 17092510
5 0 10000 105 102011648 104182005 326877475 17092510
10 0 10000 110 102011648 107073784 335538379 17092510
16 0 10000 116 102011648 107073784 337841057 17092510
6 0 10000 106 102011648 107073784 338032333 17092510
8 0 10000 108 102011648 107073784 338864896 17092510
18 0 10000 118 102011648 107073784 339274217 17092510
7 0 10000 107 102011648 107073784 339417253 17092510
4 0 10000 104 102011648 104182005 343409023 17092510
9 0 10000 109 102011648 107073784 341113073 17092510
13 0 10000 113 102011648 107073784 341132697 17092510
17 0 10000 117 102011648 107073784 341568023 17092510
12 0 10000 112 102011648 107073784 342108709 17092510
11 0 10000 111 102011648 107073784 342338097 17092510
14 0 10000 114 102011648 107073784 342501410 17092510
15 0 10000 115 102011648 107073784 342700280 17092510
