3 0 10000 103 102011648 102672100 311591971 17092510
4 0 10000 104 102011648 103198528 318240574 17092510
16 0 10000 116 102011648 105779171 337950863 17092510
6 0 10000 106 102011648 105709314 339606688 17092510
9 0 10000 109 102011648 105709314 340356699 17092510
17 0 10000 117 102011648 105779171 340968713 17092510
13 0 10000 113 102011648 105779171 340972540 17092510
18 0 10000 118 102011648 105779171 341545214 17092510
8 0 10000 108 102011648 105709314 341771036 17092510
15 0 10000 115 102011648 105779171 341965226 17092510
7 0 10000 107 102011648 105709314 342472586 17092510
5 0 10000 105 102011648 103198528 345248314 17092510
11 0 10000 111 102011648 105709314 343322239 17092510
10 0 10000 110 102011648 105709314 343416656 17092510
12 0 10000 112 102011648 105779171 343644611 17092510
14 0 10000 114 102011648 105779171 343762346 17092510
