3 0 10000 103 102011648 105913401 104117747 17092510
6 0 10000 106 102011648 113906622 324836708 17092510
9 0 10000 109 102011648 113906622 329583069 17092510
5 0 10000 105 102011648 113906622 331783520 17092510
17 0 10000 117 102011648 113906622 332843620 17092510
14 0 10000 114 102011648 113906622 332862391 17092510
12 0 10000 112 102011648 113906622 335544458 17092510
16 0 10000 116 102011648 113906622 335762845 17092510
18 0 10000 118 102011648 113906622 336200715 17092510
11 0 10000 111 102011648 113906622 336313937 17092510
10 0 10000 110 102011648 113906622 336356807 17092510
4 0 10000 104 102011648 113906622 337053767 17092510
13 0 10000 113 102011648 113906622 337134025 17092510
7 0 10000 107 102011648 113906622 337358285 17092510
15 0 10000 115 102011648 113906622 337840350 17092510
8 0 10000 108 102011648 113906622 337895903 17092510
