3 0 10000 103 102011648 101758480 184489454 17092510
10 0 10000 110 102011648 106847763 335594325 17092510
5 0 10000 105 102011648 106847763 337405349 17092510
15 0 10000 115 102011648 111199856 334932718 17092510
17 0 10000 117 102011648 111199856 335711256 17092510
14 0 10000 114 102011648 111199856 335871317 17092510
6 0 10000 106 102011648 106847763 340954221 17092510
16 0 10000 116 102011648 111199856 336667118 17092510
11 0 10000 111 102011648 106847763 341076125 17092510
7 0 10000 107 102011648 106847763 341401297 17092510
9 0 10000 109 102011648 106847763 341956882 17092510
12 0 10000 112 102011648 111199856 337696210 17092510
18 0 10000 118 102011648 111199856 338191167 17092510
13 0 10000 113 102011648 111199856 338233396 17092510
4 0 10000 104 102011648 106847763 343059431 17092510
8 0 10000 108 102011648 106847763 343172232 17092510
