3 0 10000 103 102011648 106092215 304877584 17092510
16 0 10000 116 102011648 107774496 338554112 17092510
15 0 10000 115 102011648 107774496 341116297 17092510
17 0 10000 117 102011648 107774496 341439050 17092510
6 0 10000 106 102011648 107774496 341440040 17092510
5 0 10000 105 102011648 107774496 342144294 17092510
7 0 10000 107 102011648 107774496 342607498 17092510
11 0 10000 111 102011648 107774496 343168221 17092510
9 0 10000 109 102011648 107774496 343319076 17092510
13 0 10000 113 102011648 107774496 344046128 17092510
14 0 10000 114 102011648 107774496 344257582 17092510
10 0 10000 110 102011648 107774496 344430474 17092510
4 0 10000 104 102011648 107774496 345643528 17092510
8 0 10000 108 102011648 107774496 345650182 17092510
12 0 10000 112 102011648 107774496 345997759 17092510
18 0 10000 118 102011648 107774496 346492399 17092510
