18 0 10000 118 102011648 103101254 339091593 17092510
5 0 10000 105 102011648 102056503 344397159 17092510
15 0 10000 115 102011648 103101254 343364867 17092510
8 0 10000 108 102011648 102563858 344163279 17092510
3 0 10000 103 102011648 101960182 344913541 17092510
12 0 10000 112 102011648 103101254 345410242 17092510
11 0 10000 111 102011648 103101254 345535510 17092510
6 0 10000 106 102011648 102563858 346264199 17092510
16 0 10000 116 102011648 103101254 346255219 17092510
4 0 10000 104 102011648 102056503 347605683 17092510
13 0 10000 113 102011648 103101254 346698036 17092510
17 0 10000 117 102011648 103101254 347055614 17092510
9 0 10000 109 102011648 102563858 347807487 17092510
7 0 10000 107 102011648 102563858 348007773 17092510
10 0 10000 110 102011648 103101254 347765649 17092510
14 0 10000 114 102011648 103101254 348080129 17092510
