10 0 10000 110 102011648 108576536 337872405 17092510
8 0 10000 108 102011648 108576536 340053392 17092510
11 0 10000 111 102011648 108576536 340573228 17092510
3 0 10000 103 102011648 108576536 340940159 17092510
13 0 10000 113 102011648 108576536 343776024 17092510
4 0 10000 104 102011648 108576536 344184268 17092510
12 0 10000 112 102011648 108576536 345004271 17092510
18 0 10000 118 102011648 111044168 343148764 17092510
14 0 10000 114 102011648 111044168 343762129 17092510
16 0 10000 116 102011648 111044168 344363898 17092510
7 0 10000 107 102011648 108576536 346932104 17092510
5 0 10000 105 102011648 108576536 347879690 17092510
15 0 10000 115 102011648 111044168 345813614 17092510
9 0 10000 109 102011648 108576536 348517757 17092510
6 0 10000 106 102011648 108576536 348600729 17092510
17 0 10000 117 102011648 111044168 346254398 17092510
