3 0 10000 103 102011648 102929115 322033761 17092510
4 0 10000 104 102011648 102929115 327320549 17092510
11 0 10000 111 102011648 105863333 338331220 17092510
5 0 10000 105 102011648 104540348 340212196 17092510
6 0 10000 106 102011648 104540348 341773181 17092510
14 0 10000 114 102011648 105863333 341105823 17092510
15 0 10000 115 102011648 105863333 341129853 17092510
7 0 10000 107 102011648 105863333 342484597 17092510
13 0 10000 113 102011648 105863333 343143295 17092510
18 0 10000 118 102011648 105863333 343532552 17092510
16 0 10000 116 102011648 105863333 344182616 17092510
12 0 10000 112 102011648 105863333 344449822 17092510
10 0 10000 110 102011648 105863333 344889497 17092510
8 0 10000 108 102011648 105863333 344919547 17092510
9 0 10000 109 102011648 105863333 344933022 17092510
17 0 10000 117 102011648 105863333 345180598 17092510
