4 0 10000 104 102011648 108182192 332287452 17092510
3 0 10000 103 102011648 108182192 335077437 17092510
5 0 10000 105 102011648 108182192 338710731 17092510
6 0 10000 106 102011648 109666109 337588794 17092510
8 0 10000 108 102011648 109666109 340417546 17092510
9 0 10000 109 102011648 112719774 338058476 17092510
15 0 10000 115 102011648 112719774 338598485 17092510
10 0 10000 110 102011648 112719774 338900950 17092510
14 0 10000 114 102011648 112719774 339036751 17092510
7 0 10000 107 102011648 109666109 342379155 17092510
13 0 10000 113 102011648 112719774 341341637 17092510
16 0 10000 116 102011648 112719774 341640546 17092510
11 0 10000 111 102011648 112719774 341937809 17092510
12 0 10000 112 102011648 112719774 342066648 17092510
17 0 10000 117 102011648 112719774 342351663 17092510
18 0 10000 118 102011648 112719774 342837742 17092510
