3 0 10000 103 102011648 98967314 170547752 17092510
12 0 10000 112 102011648 105307102 329539310 17092510
9 0 10000 109 102011648 105307102 331478134 17092510
18 0 10000 118 102011648 105307102 334543924 17092510
5 0 10000 105 102011648 105307102 335548910 17092510
6 0 10000 106 102011648 105307102 336624383 17092510
14 0 10000 114 102011648 105307102 338236866 17092510
16 0 10000 116 102011648 105307102 338356868 17092510
11 0 10000 111 102011648 105307102 338920578 17092510
10 0 10000 110 102011648 105307102 339169810 17092510
4 0 10000 104 102011648 105307102 339232197 17092510
7 0 10000 107 102011648 105307102 339719511 17092510
13 0 10000 113 102011648 105307102 339764335 17092510
17 0 10000 117 102011648 105307102 340001929 17092510
8 0 10000 108 102011648 105307102 340162537 17092510
15 0 10000 115 102011648 105307102 340311009 17092510
