4 0 10000 104 102011648 102519751 287804409 17092510
3 0 10000 103 102011648 102519751 289392503 17092510
9 0 10000 109 102011648 107233047 333009904 17092510
6 0 10000 106 102011648 107233047 333969253 17092510
7 0 10000 107 102011648 107233047 334081707 17092510
5 0 10000 105 102011648 107233047 335559118 17092510
8 0 10000 108 102011648 107233047 336007263 17092510
16 0 10000 116 102011648 113833189 333059081 17092510
15 0 10000 115 102011648 113833189 333240949 17092510
14 0 10000 114 102011648 113833189 333744623 17092510
11 0 10000 111 102011648 113833189 334040528 17092510
18 0 10000 118 102011648 113833189 334594715 17092510
12 0 10000 112 102011648 113833189 334830163 17092510
13 0 10000 113 102011648 113833189 335508810 17092510
10 0 10000 110 102011648 113833189 335729061 17092510
17 0 10000 117 102011648 113833189 336414060 17092510
