3 0 10000 103 102011648 104553938 335627518 17092510
7 0 10000 107 102011648 104553938 336052770 17092510
8 0 10000 108 102011648 105097532 338326364 17092510
16 0 10000 116 102011648 109071016 338154226 17092510
6 0 10000 106 102011648 104553938 343000168 17092510
4 0 10000 104 102011648 104553938 343517568 17092510
14 0 10000 114 102011648 109071016 339512676 17092510
12 0 10000 112 102011648 109071016 339870796 17092510
5 0 10000 105 102011648 104553938 345392277 17092510
13 0 10000 113 102011648 109071016 341032755 17092510
11 0 10000 111 102011648 109071016 342035437 17092510
9 0 10000 109 102011648 109071016 342589855 17092510
18 0 10000 118 102011648 113306761 339048893 17092510
10 0 10000 110 102011648 109071016 343487230 17092510
15 0 10000 115 102011648 109071016 343709844 17092510
17 0 10000 117 102011648 113306761 339512807 17092510
