15 0 10000 115 102011648 104022980 340788130 17092510
12 0 10000 112 102011648 103460789 341524620 17092510
8 0 10000 108 102011648 103460789 342144225 17092510
13 0 10000 113 102011648 103460789 342544516 17092510
16 0 10000 116 102011648 107057571 340343226 17092510
11 0 10000 111 102011648 103460789 344178594 17092510
4 0 10000 104 102011648 103460789 344356070 17092510
3 0 10000 103 102011648 103460789 344838296 17092510
10 0 10000 110 102011648 103460789 345173715 17092510
6 0 10000 106 102011648 103460789 345578089 17092510
5 0 10000 105 102011648 103460789 346186901 17092510
9 0 10000 109 102011648 103460789 346795643 17092510
17 0 10000 117 102011648 107057571 343887075 17092510
7 0 10000 107 102011648 103460789 347695356 17092510
14 0 10000 114 102011648 104022980 347596603 17092510
18 0 10000 118 102011648 107057571 344783924 17092510
