3 0 10000 103 102011648 104279518 329795273 17092510
6 0 10000 106 102011648 104279518 332911965 17092510
5 0 10000 105 102011648 104279518 336430172 17092510
9 0 10000 109 102011648 107223988 338867979 17092510
4 0 10000 104 102011648 104279518 343516651 17092510
12 0 10000 112 102011648 107223988 341926469 17092510
8 0 10000 108 102011648 107223988 342276558 17092510
11 0 10000 111 102011648 107223988 342284318 17092510
16 0 10000 116 102011648 108509064 341643518 17092510
17 0 10000 117 102011648 108509064 341741290 17092510
7 0 10000 107 102011648 107223988 343248372 17092510
10 0 10000 110 102011648 107223988 344339110 17092510
14 0 10000 114 102011648 107955217 343845252 17092510
13 0 10000 113 102011648 107955217 344225101 17092510
15 0 10000 115 102011648 107955217 344840440 17092510
18 0 10000 118 102011648 114511490 338608298 17092510
