3 0 10000 103 102011648 107605934 221840280 17092510
6 0 10000 106 102011648 112167120 334831375 17092510
8 0 10000 108 102011648 112167120 336116750 17092510
11 0 10000 111 102011648 112167120 337661589 17092510
18 0 10000 118 102011648 112167120 339015320 17092510
7 0 10000 107 102011648 112167120 340025326 17092510
13 0 10000 113 102011648 112167120 340235075 17092510
4 0 10000 104 102011648 112167120 341009248 17092510
17 0 10000 117 102011648 112167120 341292923 17092510
14 0 10000 114 102011648 112167120 341389435 17092510
15 0 10000 115 102011648 112167120 341517330 17092510
9 0 10000 109 102011648 112167120 341619026 17092510
10 0 10000 110 102011648 112167120 341977695 17092510
16 0 10000 116 102011648 112167120 342097061 17092510
12 0 10000 112 102011648 112167120 342386103 17092510
5 0 10000 105 102011648 112167120 342648946 17092510
