3 0 10000 103 102011648 97825527 221531860 17092510
5 0 10000 105 102011648 101169348 334624808 17092510
10 0 10000 110 102011648 104388952 332202550 17092510
4 0 10000 104 102011648 101169348 335471286 17092510
17 0 10000 117 102011648 104388952 334806461 17092510
11 0 10000 111 102011648 104388952 335855628 17092510
6 0 10000 106 102011648 104388952 335924770 17092510
14 0 10000 114 102011648 104388952 336663025 17092510
13 0 10000 113 102011648 104388952 336697034 17092510
9 0 10000 109 102011648 104388952 338025807 17092510
18 0 10000 118 102011648 104388952 338438292 17092510
12 0 10000 112 102011648 104388952 338958503 17092510
8 0 10000 108 102011648 104388952 339230796 17092510
16 0 10000 116 102011648 104388952 339852745 17092510
15 0 10000 115 102011648 104388952 340043054 17092510
7 0 10000 107 102011648 104388952 340302921 17092510
