3 0 10000 103 102011648 102618933 69512160 17092510
14 0 10000 114 102011648 114318609 326597432 17092510
9 0 10000 109 102011648 114318609 329548541 17092510
4 0 10000 104 102011648 113184690 332633310 17092510
13 0 10000 113 102011648 114318609 331840769 17092510
16 0 10000 116 102011648 114318609 332045874 17092510
8 0 10000 108 102011648 113184690 333340437 17092510
6 0 10000 106 102011648 113184690 333909696 17092510
15 0 10000 115 102011648 114318609 333084697 17092510
18 0 10000 118 102011648 114318609 333560233 17092510
12 0 10000 112 102011648 114318609 333749482 17092510
17 0 10000 117 102011648 114318609 333870365 17092510
7 0 10000 107 102011648 113184690 335040222 17092510
10 0 10000 110 102011648 114318609 334119791 17092510
11 0 10000 111 102011648 114318609 334310727 17092510
5 0 10000 105 102011648 113184690 335632544 17092510
