16 0 10000 116 102011648 103838444 336758859 17092510
5 0 10000 105 102011648 101737738 339580841 17092510
7 0 10000 107 102011648 101737738 341539104 17092510
4 0 10000 104 102011648 101737738 342589158 17092510
8 0 10000 108 102011648 101737738 343487532 17092510
17 0 10000 117 102011648 103838444 341519736 17092510
6 0 10000 106 102011648 101737738 345450676 17092510
14 0 10000 114 102011648 103838444 343915302 17092510
15 0 10000 115 102011648 103838444 344363601 17092510
13 0 10000 113 102011648 103838444 344773605 17092510
11 0 10000 111 102011648 103838444 345479155 17092510
10 0 10000 110 102011648 103838444 345749477 17092510
18 0 10000 118 102011648 105120897 344640756 17092510
9 0 10000 109 102011648 101737738 348231224 17092510
12 0 10000 112 102011648 103838444 346281678 17092510
3 0 10000 103 102011648 101737738 348515936 17092510
