4 0 10000 104 102011648 104684114 254652273 17092510
3 0 10000 103 102011648 104684114 258696796 17092510
16 0 10000 116 102011648 116132736 329191807 17092510
5 0 10000 105 102011648 105397463 340783392 17092510
17 0 10000 117 102011648 116132736 331973138 17092510
12 0 10000 112 102011648 116132736 333314642 17092510
10 0 10000 110 102011648 116132736 333692925 17092510
7 0 10000 107 102011648 116132736 334476203 17092510
13 0 10000 113 102011648 116132736 334639158 17092510
15 0 10000 115 102011648 116132736 335309708 17092510
8 0 10000 108 102011648 116132736 335643069 17092510
18 0 10000 118 102011648 116132736 335709808 17092510
9 0 10000 109 102011648 116132736 335800424 17092510
14 0 10000 114 102011648 116132736 335992823 17092510
6 0 10000 106 102011648 116132736 336054275 17092510
11 0 10000 111 102011648 116132736 336547203 17092510
