3 0 10000 103 102011648 101386786 235046010 17092510
4 0 10000 104 102011648 105466604 331290310 17092510
14 0 10000 114 102011648 105466604 337026359 17092510
9 0 10000 109 102011648 105466604 338053531 17092510
16 0 10000 116 102011648 105466604 338170776 17092510
8 0 10000 108 102011648 105466604 338814053 17092510
10 0 10000 110 102011648 105466604 339745857 17092510
11 0 10000 111 102011648 105466604 340595324 17092510
18 0 10000 118 102011648 105466604 340754901 17092510
6 0 10000 106 102011648 105466604 341028355 17092510
5 0 10000 105 102011648 105466604 341563912 17092510
7 0 10000 107 102011648 105466604 341732537 17092510
17 0 10000 117 102011648 105466604 342462782 17092510
13 0 10000 113 102011648 105466604 342495646 17092510
15 0 10000 115 102011648 105466604 342741202 17092510
12 0 10000 112 102011648 105466604 342769002 17092510
