6 0 10000 106 102011648 106616974 342155776 17092510
10 0 10000 110 102011648 106616974 342524792 17092510
3 0 10000 103 102011648 106616974 343169720 17092510
18 0 10000 118 102011648 107461929 342926019 17092510
4 0 10000 104 102011648 106616974 344116385 17092510
5 0 10000 105 102011648 106616974 344614799 17092510
16 0 10000 116 102011648 106616974 345631432 17092510
7 0 10000 107 102011648 106616974 345798031 17092510
11 0 10000 111 102011648 106616974 346044327 17092510
12 0 10000 112 102011648 106616974 346764751 17092510
8 0 10000 108 102011648 106616974 346868910 17092510
13 0 10000 113 102011648 106616974 347431779 17092510
17 0 10000 117 102011648 107461929 346612667 17092510
14 0 10000 114 102011648 106616974 347570822 17092510
9 0 10000 109 102011648 106616974 347683755 17092510
15 0 10000 115 102011648 106616974 347786118 17092510
