3 0 10000 103 102011648 102039099 206643450 17092510
4 0 10000 104 102011648 105362177 303162305 17092510
9 0 10000 109 102011648 110919714 327947644 17092510
7 0 10000 107 102011648 110919714 330763487 17092510
18 0 10000 118 102011648 112721443 330145372 17092510
16 0 10000 116 102011648 112721443 331479851 17092510
11 0 10000 111 102011648 110919714 334631154 17092510
6 0 10000 106 102011648 110919714 334982451 17092510
15 0 10000 115 102011648 112721443 333784609 17092510
13 0 10000 113 102011648 112721443 334249535 17092510
8 0 10000 108 102011648 110919714 336318914 17092510
5 0 10000 105 102011648 105362177 342398008 17092510
12 0 10000 112 102011648 112721443 335224678 17092510
14 0 10000 114 102011648 112721443 335684425 17092510
17 0 10000 117 102011648 112721443 335768694 17092510
10 0 10000 110 102011648 110919714 337736908 17092510
