10009 560 100 60300
10016 10000 1676 75860
10048 1100 186 60472
10115 560 100 60300
10002 180 39 120356
10004 250 50 120594
10007 560 100 120600
10010 900 154 120816
10011 1100 186 120944
10013 180 39 120356
10012 900 154 120816
10018 180 39 120356
10001 1870 320 130505
10134 560 100 60300
10021 560 100 120600
10023 250 50 120400
10022 180 39 120581
10026 1100 186 120944
10028 900 154 120816
10029 560 100 120600
10000 3160 538 133809
10008 1870 320 130197
10031 250 50 120400
10032 900 154 120816
10033 250 50 120603
10036 900 154 120816
10037 900 154 120816
10017 1870 320 129499
10155 250 50 60217
10039 180 39 120356
10041 1100 186 120944
10025 1870 320 129894
10045 560 100 120826
10047 560 100 121095
10050 900 154 120892
10049 900 154 120996
10055 180 39 120356
10171 560 100 60300
10053 560 100 120858
10054 900 154 120816
10056 180 39 120356
10024 10000 1676 137591
10057 1100 186 120944
10058 250 50 120834
10034 3160 538 133341
10063 560 100 120700
10043 1870 320 130540
10064 560 100 120600
10068 250 50 120452
10071 560 100 120600
10003 100001 16729 153632
10073 1100 186 120944
10040 10000 1676 137199
10074 560 100 120790
10076 1100 186 121055
10077 250 50 120400
10078 900 154 120908
10079 560 100 121023
10083 180 39 120356
10081 900 154 121019
10019 100001 16729 151976
10060 3160 538 132803
10020 100001 16729 152598
10066 1870 320 131183
10084 560 100 120600
10059 10000 1676 137001
10067 3160 538 133089
10087 1100 186 120944
10090 250 50 120400
10086 1100 186 121349
10092 900 154 120911
10093 250 50 120838
10072 10000 1676 137098
10098 180 39 120356
10095 250 50 120734
10096 1100 186 120944
10101 560 100 121044
10052 10000 1676 147376
10089 1870 320 129547
10102 900 154 121054
10088 1870 320 130009
10108 560 100 120600
10241 560 100 60300
10107 560 100 120760
10106 560 100 121017
10091 1870 320 129913
10113 250 50 120400
10094 1870 320 130907
10042 100001 16729 159913
10114 250 50 120400
10099 1870 320 130717
10117 1100 186 120944
10119 560 100 120600
10097 3160 538 132431
10065 100001 16729 151846
10123 560 100 120600
10105 1870 320 129302
10124 560 100 120600
10126 900 154 120816
10129 560 100 120600
10100 10000 1676 136612
10131 180 39 120481
10132 250 50 120606
10133 1100 186 120944
10112 1870 320 131692
10136 560 100 120600
10116 1870 320 129833
10130 560 100 123225
10137 560 100 121032
10082 100001 16729 152142
10140 900 154 120816
10122 1870 320 129790
10143 560 100 120986
10121 1870 320 130190
10110 10000 1676 137520
10146 900 154 120816
10127 1870 320 129889
10148 1100 186 120944
10150 180 39 120565
10153 1100 186 121194
10156 180 39 120356
10158 560 100 120943
10118 10000 1676 137987
10160 900 154 120990
10159 250 50 121903
10141 1870 320 130444
10165 900 154 120816
10170 560 100 120703
10151 1870 320 130695
10138 10000 1676 137258
10172 1100 186 121087
10139 10000 1676 137263
10174 250 50 120400
10173 1100 186 121116
10109 100001 16729 152815
10111 100001 16729 151899
10176 900 154 120816
10178 250 50 120540
10180 560 100 120600
10179 560 100 120917
10181 900 154 120816
10163 1870 320 129230
10185 560 100 120657
10183 560 100 120988
10191 560 100 120703
10190 560 100 120977
10283 10000 1676 77796
10192 250 50 121055
10196 180 39 120356
10197 900 154 120816
10195 1100 186 120944
10198 900 154 121014
10199 560 100 120709
10193 900 154 123955
10202 180 39 120711
10162 10000 1676 137231
10203 1100 186 120944
10204 900 154 121211
10206 560 100 120600
10208 560 100 120630
10189 1870 320 129133
10211 180 39 120356
10212 560 100 120600
10214 180 39 120356
10215 250 50 120400
10213 560 100 121175
10184 3160 538 132999
10216 560 100 121090
10219 180 39 120356
10218 900 154 120911
10175 10000 1676 137265
10166 10000 1676 140897
10220 900 154 120816
10221 180 39 121024
10182 10000 1676 137267
10149 100001 16729 152999
10225 900 154 120816
10224 900 154 121287
10226 900 154 120927
10227 250 50 120400
10200 3160 538 134193
10207 1870 320 130402
10231 900 154 121045
10234 900 154 120816
10194 10000 1676 137607
10236 560 100 120600
10205 3160 538 134298
10237 560 100 120600
10164 100001 16729 152320
10169 1870 320 150472
10238 560 100 120600
10239 560 100 120759
10240 1100 186 121505
10243 1100 186 120944
10210 10000 1676 136942
10248 180 39 120545
10247 560 100 121594
10251 560 100 120675
10252 560 100 120774
10233 1870 320 131523
10396 560 100 60300
10254 900 154 121051
10400 560 100 60300
10228 3160 538 133946
10255 560 100 120600
10250 560 100 122865
10177 100001 16729 155435
10005 400000 66904 242640
10246 900 154 125735
10256 900 154 120817
10223 10000 1676 137396
10257 900 154 120819
10258 900 154 120816
10242 1870 320 129639
10217 10000 1676 142810
10260 1100 186 120944
10261 250 50 120400
10265 900 154 120816
10266 560 100 120837
10263 560 100 121450
10235 3160 538 136731
10267 250 50 120400
10373 10000 1676 76772
10268 560 100 120600
10201 100001 16729 153380
10271 900 154 121203
10245 3160 538 134362
10275 900 154 120884
10276 1100 186 121189
10277 1100 186 121057
10279 560 100 120600
10280 900 154 121041
10264 1870 320 131218
10249 10000 1676 137646
10433 1100 186 60472
10286 180 39 120867
10287 1100 186 120944
10282 560 100 123202
10273 1870 320 130203
10069 400000 66904 229173
10437 900 154 60408
10229 400000 66904 152073
10293 1100 186 120947
10278 1870 320 129750
10262 10000 1676 137046
10295 180 39 120356
10292 1100 186 122386
10298 560 100 120607
10299 560 100 120600
10300 1100 186 120944
10302 560 100 120808
10306 180 39 120762
10274 1870 320 135702
10307 180 39 120725
10388 100001 16729 90753
10310 560 100 120769
10253 3160 538 145787
10259 10000 1676 143315
10285 1870 320 130663
10312 560 100 120600
10313 900 154 121406
10291 1870 320 130213
10316 1100 186 121438
10319 560 100 120600
10294 1870 320 129961
10321 560 100 120828
10323 250 50 120824
10304 1870 320 130683
10326 1100 186 121090
10327 560 100 121068
10309 1870 320 129310
10308 1870 320 130192
10328 900 154 120855
10329 180 39 120612
10332 250 50 120400
10290 10000 1676 137103
10331 560 100 120600
10244 100001 16729 161353
10303 3160 538 134068
10338 560 100 120762
10334 1100 186 122483
10289 900 154 139560
10340 900 154 121426
10342 560 100 121119
10288 900 154 141240
10296 10000 1676 137441
10344 900 154 121174
10269 100001 16729 153428
10305 10000 1676 137491
10347 560 100 120970
10349 560 100 120817
10324 1870 320 129657
10348 560 100 121264
10314 3160 538 134282
10491 560 100 60473
10353 560 100 120600
10355 560 100 120723
10360 560 100 120600
10358 560 100 121400
10359 900 154 121343
10339 1870 320 130439
10365 1100 186 121086
10104 400000 66904 236013
10367 560 100 120728
10368 250 50 120400
10325 10000 1676 136860
10371 560 100 120610
10375 560 100 121089
10377 1100 186 121208
10378 900 154 120816
10379 1100 186 121168
10351 1870 320 131685
10335 10000 1676 137375
10320 3160 538 143081
10380 560 100 120757
10354 1870 320 129466
10384 1100 186 121011
10345 10000 1676 137215
10389 250 50 120403
10382 250 50 124252
10350 10000 1676 136703
10346 10000 1676 138051
10391 560 100 120600
10392 560 100 120833
10372 1870 320 130385
10394 180 39 120749
10395 560 100 120830
10374 1870 320 130244
10315 100001 16729 152631
10399 250 50 120409
10297 560 100 160545
10301 100001 16729 160220
10370 3160 538 134025
10403 900 154 120864
10357 10000 1676 138579
10404 180 39 120856
10363 10000 1676 137245
10364 10000 1676 137929
10409 560 100 121295
10411 900 154 121225
10413 180 39 120356
10412 560 100 120837
10390 1870 320 129427
10383 3160 538 134108
10387 3160 538 133276
10337 100001 16729 152337
10544 1100 186 60915
10333 100001 16729 153920
10418 250 50 120646
10376 560 100 139275
10361 10000 1676 144445
10343 100001 16729 152988
10419 180 39 120356
10356 10000 1676 146332
10422 900 154 120816
10423 900 154 120919
10385 10000 1676 137857
10407 1870 320 129436
10424 900 154 121105
10425 560 100 121153
10397 3160 538 133219
10362 10000 1676 148280
10429 900 154 120816
10431 560 100 120852
10401 3160 538 132938
10430 1100 186 121136
10432 900 154 120816
10434 560 100 121305
10410 3160 538 133734
10531 10000 1676 77298
10556 900 154 60539
10416 1870 320 131575
10415 3160 538 132924
10402 10000 1676 138032
10441 900 154 121063
10444 250 50 120400
10443 900 154 121326
10445 900 154 120816
10414 3160 538 136768
10446 560 100 120950
10447 560 100 120901
10452 250 50 120592
10453 900 154 121202
10460 560 100 120665
10386 100001 16729 152599
10459 1100 186 121484
10421 10000 1676 137103
10420 10000 1676 137551
10417 3160 538 139743
10461 1100 186 121019
10440 1870 320 130240
10427 10000 1676 137534
10466 560 100 121243
10467 1100 186 121119
10468 560 100 121011
10471 560 100 120938
10393 100001 16729 152287
10472 1100 186 121292
10473 560 100 121102
10589 180 39 60178
10457 1870 320 129371
10595 560 100 60300
10406 100001 16729 152626
10456 1870 320 131665
10442 10000 1676 138058
10483 180 39 120567
10167 100001 16729 255908
10464 1870 320 130070
10477 900 154 125831
10075 400000 66904 307889
10488 560 100 120600
10489 250 50 120588
10492 250 50 120504
10490 1100 186 121078
10493 1100 186 121184
10454 10000 1676 138120
10497 900 154 121100
10482 250 50 127994
10463 10000 1676 137135
10455 560 100 140441
10498 1100 186 121053
10469 10000 1676 137750
10470 10000 1676 138211
10505 180 39 120356
10486 1870 320 130863
10503 900 154 121194
10504 900 154 121062
10507 560 100 121165
10508 900 154 121013
10462 10000 1676 142087
10436 100001 16729 152098
10509 560 100 120937
10513 180 39 120356
10510 560 100 121910
10475 10000 1676 137634
10512 250 50 121653
10438 100001 16729 154098
10458 10000 1676 147094
10485 10000 1676 137109
10517 560 100 121089
10515 180 39 121759
10519 1100 186 121031
10450 100001 16729 152348
10496 3160 538 133153
10501 1870 320 130177
10523 900 154 120903
10524 560 100 120682
10619 3160 538 73465
10526 560 100 121060
10528 560 100 121396
10607 3160 538 79687
10530 900 154 120992
10506 3160 538 133296
10648 250 50 60758
10479 10000 1676 146348
10533 250 50 120400
10535 560 100 120600
10494 900 154 141621
10518 1870 320 130543
10659 180 39 60178
10538 560 100 120600
10537 900 154 121215
10540 560 100 120600
10536 900 154 121898
10408 100001 16729 183824
10541 560 100 120754
10426 100001 16729 175967
10542 560 100 120979
10499 560 100 141916
10522 3160 538 132692
10484 100001 16729 152185
10481 100001 16729 153346
10534 1870 320 129678
10516 560 100 138808
10546 1100 186 120944
10547 560 100 121082
10680 900 154 60771
10525 10000 1676 137328
10495 100001 16729 152620
10527 10000 1676 137312
10529 1870 320 138868
10502 100001 16729 152019
10557 900 154 121297
10500 100001 16729 152896
10558 180 39 120592
10559 560 100 120702
10561 250 50 120625
10563 250 50 120798
10168 400000 66904 299323
10566 900 154 120945
10543 3160 538 136271
10549 1870 320 130728
10511 100001 16729 155353
10548 3160 538 134628
10571 560 100 120889
10520 100001 16729 152397
10552 1870 320 131119
10573 900 154 121812
10478 100001 16729 174465
10554 3160 538 132603
10449 100001 16729 187895
10551 250 50 137741
10568 1870 320 129929
10586 900 154 121182
10562 3160 538 134225
10591 900 154 120816
10688 10000 1676 77622
10590 900 154 121029
10596 180 39 120864
10593 1100 186 121339
10599 560 100 121041
10601 560 100 120610
10553 250 50 139787
10555 1100 186 140272
10602 900 154 120816
10603 900 154 120968
10578 1870 320 129953
10605 560 100 120859
10606 1100 186 120944
10575 3160 538 133199
10584 1870 320 129609
10582 1870 320 130718
10608 560 100 121800
10609 560 100 121754
10567 10000 1676 140607
10583 1870 320 131378
10611 560 100 121059
10572 10000 1676 137609
10612 560 100 120934
10588 1870 320 130424
10613 560 100 121111
10600 180 39 129511
10617 180 39 120475
10618 900 154 120947
10621 560 100 120776
10564 1870 320 146508
10624 560 100 121387
10626 1100 186 121184
10627 1100 186 121285
10629 560 100 120851
10630 1100 186 121177
10628 560 100 122899
10604 3160 538 133180
10631 560 100 122101
10585 250 50 139948
10636 560 100 120839
10594 10000 1676 138179
10587 250 50 139921
10614 1870 320 129235
10640 180 39 120356
10637 1100 186 121060
10597 1870 320 139553
10550 100001 16729 161142
10622 1870 320 130514
10643 1100 186 120944
10642 900 154 121101
10646 180 39 120366
10645 560 100 121101
10610 10000 1676 137879
10623 3160 538 133676
10647 1100 186 121148
10569 100001 16729 158578
10649 900 154 121630
10650 560 100 121754
10653 250 50 120770
10657 560 100 120600
10661 900 154 120816
10662 560 100 120998
10579 100001 16729 157290
10633 10000 1676 137848
