0 2 20.07 50000
0 2 35.37 100000
0 2 34.12 150000
0 2 35.37 200000
0 2 34.87 250000
0 2 33.87 300000
0 2 35.12 350000
0 2 34.37 400000
0 2 34.87 450000
0 2 34.37 500000
0 2 34.87 550000
0 2 34.62 600000
0 2 34.37 650000
0 2 33.87 700000
0 2 35.62 750000
0 2 34.37 800000
0 2 34.62 850000
0 2 34.37 900000
0 2 35.12 950000
0 2 33.87 1000000
0 2 35.37 1050000
0 2 34.62 1100000
0 2 34.62 1150000
0 2 34.87 1200000
0 2 33.87 1250000
0 2 35.12 1300000
0 2 33.87 1350000
0 2 35.37 1400000
0 2 34.37 1450000
0 2 34.87 1500000
0 2 34.87 1550000
0 2 34.12 1600000
0 2 35.12 1650000
0 2 34.12 1700000
0 2 34.87 1750000
0 2 34.87 1800000
0 2 33.37 1850000
0 2 35.62 1900000
0 2 34.62 1950000
0 2 34.87 2000000
0 2 34.12 2050000
0 2 34.87 2100000
0 2 34.62 2150000
0 2 34.37 2200000
0 2 34.62 2250000
0 2 34.62 2300000
0 2 33.87 2350000
0 2 35.88 2400000
0 2 24.00 2450000
0 2 0.00 2500000
0 2 0.00 2550000
0 2 0.00 2600000
0 2 0.00 2650000
0 2 0.00 2700000
0 2 0.00 2750000
0 2 0.00 2800000
0 2 0.00 2850000
0 2 0.00 2900000
0 2 0.00 2950000
0 2 0.00 3000000
0 2 0.00 3050000
0 2 0.00 3100000
0 2 0.00 3150000
0 2 0.00 3200000
0 2 0.00 3250000
0 2 0.00 3300000
0 2 0.00 3350000
0 2 0.00 3400000
0 2 0.00 3450000
0 2 0.00 3500000
0 2 0.00 3550000
0 2 0.00 3600000
0 2 0.00 3650000
0 2 0.00 3700000
0 2 0.00 3750000
0 2 0.00 3800000
0 2 0.00 3850000
0 2 0.00 3900000
0 2 0.00 3950000
0 2 0.00 4000000
0 2 0.00 4050000
0 2 0.00 4100000
0 2 0.00 4150000
0 2 0.00 4200000
0 2 0.00 4250000
0 2 0.00 4300000
0 2 0.00 4350000
0 2 0.00 4400000
0 2 0.00 4450000
0 2 0.00 4500000
0 2 0.00 4550000
0 2 0.00 4600000
0 2 0.00 4650000
0 2 0.00 4700000
0 2 0.00 4750000
0 2 0.00 4800000
0 2 0.00 4850000
0 2 0.00 4900000
0 2 0.00 4950000
0 2 0.00 5000000
0 2 0.00 5050000
0 2 0.00 5100000
0 2 0.00 5150000
0 2 0.00 5200000
0 2 0.00 5250000
0 2 0.00 5300000
0 2 0.00 5350000
0 2 0.00 5400000
0 2 0.00 5450000
0 2 0.00 5500000
0 2 0.00 5550000
0 2 0.00 5600000
0 2 0.00 5650000
0 2 0.00 5700000
0 2 0.00 5750000
0 2 0.00 5800000
0 2 0.00 5850000
0 2 0.00 5900000
0 2 0.00 5950000
0 2 0.00 6000000
0 2 0.00 6050000
0 2 0.00 6100000
0 2 0.00 6150000
0 2 0.00 6200000
0 2 0.00 6250000
0 2 0.00 6300000
0 2 0.00 6350000
0 2 0.00 6400000
0 2 0.00 6450000
0 2 0.00 6500000
0 2 0.00 6550000
0 2 0.00 6600000
0 2 0.00 6650000
0 2 0.00 6700000
0 2 0.00 6750000
0 2 0.00 6800000
0 2 0.00 6850000
0 2 0.00 6900000
0 2 0.00 6950000
0 2 0.00 7000000
0 2 0.00 7050000
0 2 0.00 7100000
0 2 0.00 7150000
0 2 0.00 7200000
0 2 0.00 7250000
0 2 0.00 7300000
0 2 0.00 7350000
0 2 0.00 7400000
0 2 0.00 7450000
0 2 0.00 7500000
0 2 0.00 7550000
0 2 0.00 7600000
0 2 0.00 7650000
0 2 0.00 7700000
0 2 0.00 7750000
0 2 0.00 7800000
0 2 0.00 7850000
0 2 0.00 7900000
0 2 0.00 7950000
0 2 0.00 8000000
0 2 0.00 8050000
0 2 0.00 8100000
0 2 0.00 8150000
0 2 0.00 8200000
0 2 0.00 8250000
0 2 0.00 8300000
0 2 0.00 8350000
0 2 0.00 8400000
0 2 0.00 8450000
0 2 0.00 8500000
0 2 0.00 8550000
0 2 0.00 8600000
0 2 0.00 8650000
0 2 0.00 8700000
0 2 0.00 8750000
0 2 0.00 8800000
0 2 0.00 8850000
0 2 0.00 8900000
0 2 0.00 8950000
0 2 0.00 9000000
0 2 0.00 9050000
0 2 0.00 9100000
0 2 0.00 9150000
0 2 0.00 9200000
0 2 0.00 9250000
0 2 0.00 9300000
0 2 0.00 9350000
0 2 0.00 9400000
0 2 0.00 9450000
0 2 0.00 9500000
0 2 0.00 9550000
0 2 0.00 9600000
0 2 0.00 9650000
0 2 0.00 9700000
0 2 0.00 9750000
0 2 0.00 9800000
0 2 0.00 9850000
0 2 0.00 9900000
0 2 0.00 9950000
0 2 0.00 10000000
0 2 0.00 10050000
0 2 0.00 10100000
0 2 0.00 10150000
0 2 0.00 10200000
0 2 0.00 10250000
0 2 0.00 10300000
0 2 0.00 10350000
0 2 0.00 10400000
0 2 0.00 10450000
0 2 0.00 10500000
0 2 0.00 10550000
0 2 0.00 10600000
0 2 0.00 10650000
0 2 0.00 10700000
0 2 0.00 10750000
0 2 0.00 10800000
0 2 0.00 10850000
0 2 0.00 10900000
0 2 0.00 10950000
0 2 0.00 11000000
0 2 0.00 11050000
0 2 0.00 11100000
0 2 0.00 11150000
0 2 0.00 11200000
0 2 0.00 11250000
0 2 0.00 11300000
0 2 0.00 11350000
0 2 0.00 11400000
0 2 0.00 11450000
0 2 0.00 11500000
0 2 0.00 11550000
0 2 0.00 11600000
0 2 0.00 11650000
0 2 0.00 11700000
0 2 0.00 11750000
0 2 0.00 11800000
0 2 0.00 11850000
0 2 0.00 11900000
0 2 0.00 11950000
0 2 0.00 12000000
0 2 0.00 12050000
0 2 0.00 12100000
0 2 0.00 12150000
0 2 0.00 12200000
0 2 0.00 12250000
0 2 0.00 12300000
0 2 0.00 12350000
0 2 0.00 12400000
0 2 0.00 12450000
0 2 0.00 12500000
0 2 0.00 12550000
0 2 0.00 12600000
0 2 0.00 12650000
0 2 0.00 12700000
0 2 0.00 12750000
0 2 0.00 12800000
0 2 0.00 12850000
0 2 0.00 12900000
0 2 0.00 12950000
0 2 0.00 13000000
0 2 0.00 13050000
0 2 0.00 13100000
0 2 0.00 13150000
0 2 0.00 13200000
0 2 0.00 13250000
0 2 0.00 13300000
0 2 0.00 13350000
0 2 0.00 13400000
0 2 0.00 13450000
0 2 0.00 13500000
0 2 0.00 13550000
0 2 0.00 13600000
0 2 0.00 13650000
0 2 0.00 13700000
0 2 0.00 13750000
0 2 0.00 13800000
0 2 0.00 13850000
0 2 0.00 13900000
0 2 0.00 13950000
0 2 0.00 14000000
0 2 0.00 14050000
0 2 0.00 14100000
0 2 0.00 14150000
0 2 0.00 14200000
0 2 0.00 14250000
0 2 0.00 14300000
0 2 0.00 14350000
0 2 0.00 14400000
0 2 0.00 14450000
0 2 0.00 14500000
0 2 0.00 14550000
0 2 0.00 14600000
0 2 0.00 14650000
0 2 0.00 14700000
0 2 0.00 14750000
0 2 0.00 14800000
0 2 0.00 14850000
0 2 0.00 14900000
0 2 0.00 14950000
0 2 0.00 15000000
0 2 0.00 15050000
0 2 0.00 15100000
0 2 0.00 15150000
0 2 0.00 15200000
0 2 0.00 15250000
0 2 0.00 15300000
0 2 0.00 15350000
0 2 0.00 15400000
0 2 0.00 15450000
0 2 0.00 15500000
0 2 0.00 15550000
0 2 0.00 15600000
0 2 0.00 15650000
0 2 0.00 15700000
0 2 0.00 15750000
0 2 0.00 15800000
0 2 0.00 15850000
0 2 0.00 15900000
0 2 0.00 15950000
0 2 0.00 16000000
0 2 0.00 16050000
0 2 0.00 16100000
0 2 0.00 16150000
0 2 0.00 16200000
0 2 0.00 16250000
0 2 0.00 16300000
0 2 0.00 16350000
0 2 0.00 16400000
0 2 0.00 16450000
0 2 0.00 16500000
0 2 0.00 16550000
0 2 0.00 16600000
0 2 0.00 16650000
0 2 0.00 16700000
0 2 0.00 16750000
0 2 0.00 16800000
0 2 0.00 16850000
0 2 0.00 16900000
0 2 0.00 16950000
0 2 0.00 17000000
0 2 0.00 17050000
0 2 0.00 17100000
0 2 0.00 17150000
0 2 0.00 17200000
0 2 0.00 17250000
0 2 0.00 17300000
0 2 0.00 17350000
0 2 0.00 17400000
0 2 0.00 17450000
0 2 0.00 17500000
0 2 0.00 17550000
0 2 0.00 17600000
0 2 0.00 17650000
0 2 0.00 17700000
0 2 0.00 17750000
0 2 0.00 17800000
0 2 0.00 17850000
0 2 0.00 17900000
0 2 0.00 17950000
0 2 0.00 18000000
0 2 0.00 18050000
0 2 0.00 18100000
0 2 0.00 18150000
0 2 0.00 18200000
0 2 0.00 18250000
0 2 0.00 18300000
0 2 0.00 18350000
0 2 0.00 18400000
0 2 0.00 18450000
0 2 0.00 18500000
0 2 0.00 18550000
0 2 0.00 18600000
0 2 0.00 18650000
0 2 0.00 18700000
0 2 0.00 18750000
0 2 0.00 18800000
0 2 0.00 18850000
0 2 0.00 18900000
0 2 0.00 18950000
0 2 0.00 19000000
0 2 0.00 19050000
0 2 0.00 19100000
0 2 0.00 19150000
0 2 0.00 19200000
0 2 0.00 19250000
0 2 0.00 19300000
0 2 0.00 19350000
0 2 0.00 19400000
0 2 0.00 19450000
0 2 0.00 19500000
0 2 0.00 19550000
0 2 0.00 19600000
0 2 0.00 19650000
0 2 0.00 19700000
0 2 0.00 19750000
0 2 0.00 19800000
0 2 0.00 19850000
0 2 0.00 19900000
0 2 0.00 19950000
0 2 0.00 20000000
0 2 0.00 20050000
0 2 0.00 20100000
0 2 0.00 20150000
0 2 0.00 20200000
0 2 0.00 20250000
0 2 0.00 20300000
0 2 0.00 20350000
0 2 0.00 20400000
0 2 0.00 20450000
0 2 0.00 20500000
0 2 0.00 20550000
0 2 0.00 20600000
0 2 0.00 20650000
0 2 0.00 20700000
0 2 0.00 20750000
0 2 0.00 20800000
0 2 0.00 20850000
0 2 0.00 20900000
0 2 0.00 20950000
0 2 0.00 21000000
0 2 0.00 21050000
0 2 0.00 21100000
0 2 0.00 21150000
0 2 0.00 21200000
0 2 0.00 21250000
0 2 0.00 21300000
0 2 0.00 21350000
0 2 0.00 21400000
0 2 0.00 21450000
0 2 0.00 21500000
0 2 0.00 21550000
0 2 0.00 21600000
0 2 0.00 21650000
0 2 0.00 21700000
0 2 0.00 21750000
0 2 0.00 21800000
0 2 0.00 21850000
0 2 0.00 21900000
0 2 0.00 21950000
0 2 0.00 22000000
0 2 0.00 22050000
0 2 0.00 22100000
0 2 0.00 22150000
0 2 0.00 22200000
0 2 0.00 22250000
0 2 0.00 22300000
0 2 0.00 22350000
0 2 0.00 22400000
0 2 0.00 22450000
0 2 0.00 22500000
0 2 0.00 22550000
0 2 0.00 22600000
0 2 0.00 22650000
0 2 0.00 22700000
0 2 0.00 22750000
0 2 0.00 22800000
0 2 0.00 22850000
0 2 0.00 22900000
0 2 0.00 22950000
0 2 0.00 23000000
0 2 0.00 23050000
0 2 0.00 23100000
0 2 0.00 23150000
0 2 0.00 23200000
0 2 0.00 23250000
0 2 0.00 23300000
0 2 0.00 23350000
0 2 0.00 23400000
0 2 0.00 23450000
0 2 0.00 23500000
0 2 0.00 23550000
0 2 0.00 23600000
0 2 0.00 23650000
0 2 0.00 23700000
0 2 0.00 23750000
0 2 0.00 23800000
0 2 0.00 23850000
0 2 0.00 23900000
0 2 0.00 23950000
0 2 0.00 24000000
0 2 0.00 24050000
0 2 0.00 24100000
0 2 0.00 24150000
0 2 0.00 24200000
0 2 0.00 24250000
0 2 0.00 24300000
0 2 0.00 24350000
0 2 0.00 24400000
0 2 0.00 24450000
0 2 0.00 24500000
0 2 0.00 24550000
0 2 0.00 24600000
0 2 0.00 24650000
0 2 0.00 24700000
0 2 0.00 24750000
0 2 0.00 24800000
0 2 0.00 24850000
0 2 0.00 24900000
0 2 0.00 24950000
0 2 0.00 25000000
0 2 0.00 25050000
0 2 0.00 25100000
0 2 0.00 25150000
0 2 0.00 25200000
0 2 0.00 25250000
0 2 0.00 25300000
0 2 0.00 25350000
0 2 0.00 25400000
0 2 0.00 25450000
0 2 0.00 25500000
0 2 0.00 25550000
0 2 0.00 25600000
0 2 0.00 25650000
0 2 0.00 25700000
0 2 0.00 25750000
0 2 0.00 25800000
0 2 0.00 25850000
0 2 0.00 25900000
0 2 0.00 25950000
0 2 0.00 26000000
0 2 0.00 26050000
0 2 0.00 26100000
0 2 0.00 26150000
0 2 0.00 26200000
0 2 0.00 26250000
0 2 0.00 26300000
0 2 0.00 26350000
0 2 0.00 26400000
0 2 0.00 26450000
0 2 0.00 26500000
0 2 0.00 26550000
0 2 0.00 26600000
0 2 0.00 26650000
0 2 0.00 26700000
0 2 0.00 26750000
0 2 0.00 26800000
0 2 0.00 26850000
0 2 0.00 26900000
0 2 0.00 26950000
0 2 0.00 27000000
0 2 0.00 27050000
0 2 0.00 27100000
0 2 0.00 27150000
0 2 0.00 27200000
0 2 0.00 27250000
0 2 0.00 27300000
0 2 0.00 27350000
0 2 0.00 27400000
0 2 0.00 27450000
0 2 0.00 27500000
0 2 0.00 27550000
0 2 0.00 27600000
0 2 0.00 27650000
0 2 0.00 27700000
0 2 0.00 27750000
0 2 0.00 27800000
0 2 0.00 27850000
0 2 0.00 27900000
0 2 0.00 27950000
0 2 0.00 28000000
0 2 0.00 28050000
0 2 0.00 28100000
0 2 0.00 28150000
0 2 0.00 28200000
0 2 0.00 28250000
0 2 0.00 28300000
0 2 0.00 28350000
0 2 0.00 28400000
0 2 0.00 28450000
0 2 0.00 28500000
0 2 0.00 28550000
0 2 0.00 28600000
0 2 0.00 28650000
0 2 0.00 28700000
0 2 0.00 28750000
0 2 0.00 28800000
0 2 0.00 28850000
0 2 0.00 28900000
0 2 0.00 28950000
0 2 0.00 29000000
0 2 0.00 29050000
0 2 0.00 29100000
0 2 0.00 29150000
0 2 0.00 29200000
0 2 0.00 29250000
0 2 0.00 29300000
0 2 0.00 29350000
0 2 0.00 29400000
0 2 0.00 29450000
0 2 0.00 29500000
0 2 0.00 29550000
0 2 0.00 29600000
0 2 0.00 29650000
0 2 0.00 29700000
0 2 0.00 29750000
0 2 0.00 29800000
0 2 0.00 29850000
0 2 0.00 29900000
0 2 0.00 29950000
0 2 0.00 30000000
0 2 0.00 30050000
0 2 0.00 30100000
0 2 0.00 30150000
0 2 0.00 30200000
0 2 0.00 30250000
0 2 0.00 30300000
0 2 0.00 30350000
0 2 0.00 30400000
0 2 0.00 30450000
0 2 0.00 30500000
0 2 0.00 30550000
0 2 0.00 30600000
0 2 0.00 30650000
0 2 0.00 30700000
0 2 0.00 30750000
0 2 0.00 30800000
0 2 0.00 30850000
0 2 0.00 30900000
0 2 0.00 30950000
0 2 0.00 31000000
0 2 0.00 31050000
0 2 0.00 31100000
0 2 0.00 31150000
0 2 0.00 31200000
0 2 0.00 31250000
0 2 0.00 31300000
0 2 0.00 31350000
0 2 0.00 31400000
0 2 0.00 31450000
0 2 0.00 31500000
0 2 0.00 31550000
0 2 0.00 31600000
0 2 0.00 31650000
0 2 0.00 31700000
0 2 0.00 31750000
0 2 0.00 31800000
0 2 0.00 31850000
0 2 0.00 31900000
0 2 0.00 31950000
0 2 0.00 32000000
0 2 0.00 32050000
0 2 0.00 32100000
0 2 0.00 32150000
0 2 0.00 32200000
0 2 0.00 32250000
0 2 0.00 32300000
0 2 0.00 32350000
0 2 0.00 32400000
0 2 0.00 32450000
0 2 0.00 32500000
0 2 0.00 32550000
0 2 0.00 32600000
0 2 0.00 32650000
0 2 0.00 32700000
0 2 0.00 32750000
0 2 0.00 32800000
0 2 0.00 32850000
0 2 0.00 32900000
0 2 0.00 32950000
0 2 0.00 33000000
0 2 0.00 33050000
0 2 0.00 33100000
0 2 0.00 33150000
0 2 0.00 33200000
0 2 0.00 33250000
0 2 0.00 33300000
0 2 0.00 33350000
0 2 0.00 33400000
0 2 0.00 33450000
0 2 0.00 33500000
0 2 0.00 33550000
0 2 0.00 33600000
0 2 0.00 33650000
0 2 0.00 33700000
0 2 0.00 33750000
0 2 0.00 33800000
0 2 0.00 33850000
0 2 0.00 33900000
0 2 0.00 33950000
0 2 0.00 34000000
0 2 0.00 34050000
0 2 0.00 34100000
0 2 0.00 34150000
0 2 0.00 34200000
0 2 0.00 34250000
0 2 0.00 34300000
0 2 0.00 34350000
0 2 0.00 34400000
0 2 0.00 34450000
0 2 0.00 34500000
0 2 0.00 34550000
0 2 0.00 34600000
0 2 0.00 34650000
0 2 0.00 34700000
0 2 0.00 34750000
0 2 0.00 34800000
0 2 0.00 34850000
0 2 0.00 34900000
0 2 0.00 34950000
0 2 0.00 35000000
0 2 0.00 35050000
0 2 0.00 35100000
0 2 0.00 35150000
0 2 0.00 35200000
0 2 0.00 35250000
0 2 0.00 35300000
0 2 0.00 35350000
0 2 0.00 35400000
0 2 0.00 35450000
0 2 0.00 35500000
0 2 0.00 35550000
0 2 0.00 35600000
0 2 0.00 35650000
0 2 0.00 35700000
0 2 0.00 35750000
0 2 0.00 35800000
0 2 0.00 35850000
0 2 0.00 35900000
0 2 0.00 35950000
0 2 0.00 36000000
0 2 0.00 36050000
0 2 0.00 36100000
0 2 0.00 36150000
0 2 0.00 36200000
0 2 0.00 36250000
0 2 0.00 36300000
0 2 0.00 36350000
0 2 0.00 36400000
0 2 0.00 36450000
0 2 0.00 36500000
0 2 0.00 36550000
0 2 0.00 36600000
0 2 0.00 36650000
0 2 0.00 36700000
0 2 0.00 36750000
0 2 0.00 36800000
0 2 0.00 36850000
0 2 0.00 36900000
0 2 0.00 36950000
0 2 0.00 37000000
0 2 0.00 37050000
0 2 0.00 37100000
0 2 0.00 37150000
0 2 0.00 37200000
0 2 0.00 37250000
0 2 0.00 37300000
0 2 0.00 37350000
0 2 0.00 37400000
0 2 0.00 37450000
0 2 0.00 37500000
0 2 0.00 37550000
0 2 0.00 37600000
0 2 0.00 37650000
0 2 0.00 37700000
0 2 0.00 37750000
0 2 0.00 37800000
0 2 0.00 37850000
0 2 0.00 37900000
0 2 0.00 37950000
0 2 0.00 38000000
0 2 0.00 38050000
0 2 0.00 38100000
0 2 0.00 38150000
0 2 0.00 38200000
0 2 0.00 38250000
0 2 0.00 38300000
0 2 0.00 38350000
0 2 0.00 38400000
0 2 0.00 38450000
0 2 0.00 38500000
0 2 0.00 38550000
0 2 0.00 38600000
0 2 0.00 38650000
0 2 0.00 38700000
0 2 0.00 38750000
0 2 0.00 38800000
0 2 0.00 38850000
0 2 0.00 38900000
0 2 0.00 38950000
0 2 0.00 39000000
0 2 0.00 39050000
0 2 0.00 39100000
0 2 0.00 39150000
0 2 0.00 39200000
0 2 0.00 39250000
0 2 0.00 39300000
0 2 0.00 39350000
0 2 0.00 39400000
0 2 0.00 39450000
0 2 0.00 39500000
0 2 0.00 39550000
0 2 0.00 39600000
0 2 0.00 39650000
0 2 0.00 39700000
0 2 0.00 39750000
0 2 0.00 39800000
0 2 0.00 39850000
0 2 0.00 39900000
0 2 0.00 39950000
0 2 0.00 40000000
